           94.8710310127,            2.0000000000,            3.0085696919,            2.0959170227,            1.0171900481,            4.8208195676,            7.1090248718,            0.0000000000,            0.0000000000,            0.0000229373
           94.8710310127,            3.0000000000,            4.2279314444,            2.9726730175,            1.4695540029,           13.7543491844,           14.0393097062,            0.0000000000,            0.0000000001,            0.0000654427
           94.8710310127,            4.0000000000,            5.3823371951,            3.8091830066,            1.9078916631,           28.9397074747,           22.7526342564,            0.0000000000,            0.0000000002,            0.0001376943
           94.8710310127,            5.0000000000,            6.4907282112,            4.6169862207,            2.3360863241,           51.5316866794,           33.0884733240,            0.0000000001,            0.0000000006,            0.0002451871
           94.8710310127,            6.0000000000,            7.5637778087,            5.4026258768,            2.7563677366,           82.5682928636,           44.9332059907,            0.0000000002,            0.0000000014,            0.0003928600
           94.8710310127,            7.0000000000,            8.6083020241,            6.1703007448,            3.1701806096,          123.0035425313,           58.2002530830,            0.0000000004,            0.0000000030,            0.0005852531
           94.8710310127,            8.0000000000,            9.6290120052,            6.9229244387,            3.5785354025,          173.7270306371,           72.8204465366,            0.0000000007,            0.0000000061,            0.0008266004
           94.8710310127,            9.0000000000,           10.6293479329,            7.6626316756,            3.9821774193,          235.5767760391,           88.7366701303,            0.0000000012,            0.0000000104,            0.0011208884
           94.8710310127,           10.0000000000,           11.6119257493,            8.3910504392,            4.3816783603,          309.3482170943,          105.9005904775,            0.0000000023,            0.0000000194,            0.0014719081
           94.8710310127,           11.0000000000,           12.5787975918,            9.1094611292,            4.7774901832,          395.8008142876,          124.2705267125,            0.0000000037,            0.0000000311,            0.0018832695
           94.8710310127,           12.0000000000,           13.5316136250,            9.8188957188,            5.1699788402,          495.6630731843,          143.8099908650,            0.0000000059,            0.0000000490,            0.0023584442
           94.8710310127,           13.0000000000,           14.4717277566,           10.5202026826,            5.5594464737,          609.6364751834,          164.4866475649,            0.0000000091,            0.0000000759,            0.0029007745
           94.8710310127,           14.0000000000,           15.4002695352,           11.2140912490,            5.9461466093,          738.3986248126,          186.2715486167,            0.0000000129,            0.0000001082,            0.0035134789
           94.8710310127,           15.0000000000,           16.3181947013,           11.9011625742,            6.3302948999,          882.6058179128,          209.1385548085,            0.0000000191,            0.0000001602,            0.0041997011
           94.8710310127,           16.0000000000,           17.2263217324,           12.5819323201,            6.7120769351,         1042.8951709470,          233.0638893957,            0.0000000267,            0.0000002239,            0.0049624607
           94.8710310127,           17.0000000000,           18.1253588987,           13.2568473963,            7.0916540522,         1219.8864106142,          258.0257867149,            0.0000000363,            0.0000003043,            0.0058047134
           94.8710310127,           18.0000000000,           19.0159247074,           13.9262986315,            7.4691677464,         1414.1833957413,          284.0042111278,            0.0000000500,            0.0000004187,            0.0067293571
           94.8710310127,           19.0000000000,           19.8985636291,           14.5906305342,            7.8447430794,         1626.3754248410,          310.9806290095,            0.0000000656,            0.0000005498,            0.0077391710
           94.8710310127,           20.0000000000,           20.7737583859,           15.2501489300,            8.2184913524,         1857.0383697088,          338.9378214480,            0.0000000865,            0.0000007246,            0.0088369324
           94.8710310127,           21.0000000000,           21.6419396881,           15.9051270211,            8.5905122328,         2106.7356661042,          367.8597286755,            0.0000001124,            0.0000009420,            0.0100253208
           94.8710310127,           22.0000000000,           22.5034940456,           16.5558102527,            8.9608954670,         2376.0191857514,          397.7313195727,            0.0000001416,            0.0000011860,            0.0113069400
           94.8710310127,           23.0000000000,           23.3587701034,           17.2024202657,            9.3297222732,         2665.4300088278,          428.5384812290,            0.0000001816,            0.0000015211,            0.0126844501
           94.8710310127,           24.0000000000,           24.2080838344,           17.8451581389,            9.6970664882,         2975.4991122845,          460.2679247252,            0.0000002270,            0.0000019019,            0.0141603177
           94.8710310127,           25.0000000000,           25.0517228331,           18.4842070733,           10.0629955172,         3306.7479864150,          492.9071041670,            0.0000002793,            0.0000023401,            0.0157370390
           94.8710310127,           26.0000000000,           25.8899498957,           19.1197346321,           10.4275711293,         3659.6891898180,          526.4441466432,            0.0000003474,            0.0000029102,            0.0174171488
           94.8710310127,           27.0000000000,           26.7230060286,           19.7518946253,           10.7908501271,         4034.8268511155,          560.8677912652,            0.0000004221,            0.0000035367,            0.0192029487
           94.8710310127,           28.0000000000,           27.5511129945,           20.3808287055,           11.1528849153,         4432.6571243791,          596.1673358120,            0.0000005112,            0.0000042825,            0.0210968791
           94.8710310127,           29.0000000000,           28.3744754797,           21.0066677282,           11.5137239859,         4853.6686040847,          632.3325897914,            0.0000006187,            0.0000051838,            0.0231013108
           94.8710310127,           30.0000000000,           29.1932829522,           21.6295329186,           11.8734123352,         5298.3427045016,          669.3538329480,            0.0000007357,            0.0000061642,            0.0252184380
           94.8710310127,           31.0000000000,           30.0077112620,           22.2495368769,           12.2319918241,         5767.1540076828,          707.2217784232,            0.0000008781,            0.0000073569,            0.0274506848
           94.8710310127,           32.0000000000,           30.8179240268,           22.8667844506,           12.5895014904,         6260.5705836088,          745.9275399108,            0.0000010410,            0.0000087221,            0.0298002290
           94.8710310127,           33.0000000000,           31.6240738380,           23.4813734933,           12.9459778213,         6779.0542855373,          785.4626022617,            0.0000012168,            0.0000101951,            0.0322691878
           94.8710310127,           34.0000000000,           32.4263033151,           24.0933955289,           13.3014549926,         7323.0610231903,          825.8187950817,            0.0000014336,            0.0000120116,            0.0348600199
           94.8710310127,           35.0000000000,           33.2247460311,           24.7029363350,           13.6559650785,         7893.0410160599,          866.9882689358,            0.0000016719,            0.0000140077,            0.0375746666
           94.8710310127,           36.0000000000,           34.0195273278,           25.3100764573,           14.0095382375,         8489.4390288205,          908.9634738363,            0.0000019283,            0.0000161564,            0.0404152110
           94.8710310127,           37.0000000000,           34.8107650376,           25.9148916651,           14.3622028764,         9112.6945905831,          951.7371397352,            0.0000022447,            0.0000188070,            0.0433841657
           94.8710310127,           38.0000000000,           35.5985701237,           26.5174533558,           14.7139857968,         9763.2421995189,          995.3022587860,            0.0000025828,            0.0000216398,            0.0464832133
           94.8710310127,           39.0000000000,           36.3830472505,           27.1178289155,           15.0649123257,        10441.5115141945,         1039.6520691709,            0.0000029531,            0.0000247430,            0.0497145037
           94.8710310127,           40.0000000000,           37.1642952936,           27.7160820413,           15.4150064324,        11147.9275328077,         1084.7800403185,            0.0000033931,            0.0000284293,            0.0530804331
           94.8710310127,           41.0000000000,           37.9424077962,           28.3122730303,           15.7642908331,        11882.9107613799,         1130.6798593604,            0.0000038608,            0.0000323487,            0.0565825845
           94.8710310127,           42.0000000000,           38.7174733795,           28.9064590397,           16.1127870857,        12646.8773718410,         1177.3454186948,            0.0000043795,            0.0000366944,            0.0602231667
           94.8710310127,           43.0000000000,           39.4895761130,           29.4986943206,           16.4605156749,        13440.2393508476,         1224.7708045425,            0.0000049776,            0.0000417060,            0.0640044234
           94.8710310127,           44.0000000000,           40.2587958478,           30.0890304304,           16.8074960891,        14263.4046400833,         1272.9502863941,            0.0000056107,            0.0000470112,            0.0679278562
           94.8710310127,           45.0000000000,           41.0252085203,           30.6775164246,           17.1537468907,        15116.7772687146,         1321.8783072604,            0.0000063184,            0.0000529409,            0.0719957759
           94.8710310127,           46.0000000000,           41.7888864255,           31.2641990305,           17.4992857797,        16000.7574786096,         1371.5494746490,            0.0000071156,            0.0000596209,            0.0762102346
           94.8710310127,           47.0000000000,           42.5498984679,           31.8491228066,           17.8441296514,        16915.7418428657,         1421.9585521968,            0.0000079563,            0.0000666655,            0.0805726677
           94.8710310127,           48.0000000000,           43.3083103887,           32.4323302866,           18.1882946493,        17862.1233781409,         1473.1004518991,            0.0000089007,            0.0000745790,            0.0850855318
           94.8710310127,           49.0000000000,           44.0641849738,           33.0138621123,           18.5317962139,        18840.2916512383,         1524.9702268799,            0.0000099450,            0.0000833298,            0.0897506443
           94.8710310127,           50.0000000000,           44.8175822444,           33.5937571537,           18.8746491266,        19850.6328803494,         1577.5630646566,            0.0000110426,            0.0000925277,            0.0945693899
           94.8710310127,           51.0000000000,           45.5685596313,           34.1720526210,           19.2168675507,        20893.5300313281,         1630.8742808546,            0.0000122789,            0.0001028874,            0.0995444141
           94.8710310127,           52.0000000000,           46.3171721356,           34.7487841662,           19.5584650686,        21969.3629093339,         1684.8993133352,            0.0000136260,            0.0001141761,            0.1046772566
           94.8710310127,           53.0000000000,           47.0634724756,           35.3239859769,           19.8994547168,        23078.5082461515,         1739.6337167001,            0.0000150379,            0.0001260072,            0.1099692652
           94.8710310127,           54.0000000000,           47.8075112233,           35.8976908631,           20.2398490171,        24221.3397834717,         1795.0731571436,            0.0000166293,            0.0001393429,            0.1154233221
           94.8710310127,           55.0000000000,           48.5493369299,           36.4699303373,           20.5796600066,        25398.2283523916,         1851.2134076229,            0.0000183434,            0.0001537076,            0.1210406471
           94.8710310127,           56.0000000000,           49.2889962412,           37.0407346882,           20.9188992648,        26609.5419493728,         1908.0503433223,            0.0000201353,            0.0001687235,            0.1268225584
           94.8710310127,           57.0000000000,           50.0265340057,           37.6101330492,           21.2575779385,        27855.6458088767,         1965.5799373881,            0.0000221535,            0.0001856370,            0.1327722148
           94.8710310127,           58.0000000000,           50.7619933737,           38.1781534622,           21.5957067657,        29136.9024728786,         2023.7982569139,            0.0000243080,            0.0002036924,            0.1388904808
           94.8710310127,           59.0000000000,           51.4954158899,           38.7448229364,           21.9332960974,        30453.6718574477,         2082.7014591566,            0.0000265550,            0.0002225228,            0.1451786515
           94.8710310127,           60.0000000000,           52.2268415794,           39.3101675032,           22.2703559174,        31806.3113165642,         2142.2857879674,            0.0000290810,            0.0002436919,            0.1516401959
           94.8710310127,           61.0000000000,           52.9563090275,           39.8742122674,           22.6068958617,        33195.1757033334,         2202.5475704211,            0.0000317591,            0.0002661360,            0.1582756005
           94.8710310127,           62.0000000000,           53.6838554543,           40.4369814546,           22.9429252359,        34620.6174287446,         2263.4832136304,            0.0000345464,            0.0002894949,            0.1650861357
           94.8710310127,           63.0000000000,           54.4095167841,           40.9984984559,           23.2784530318,        36082.9865181115,         2325.0892017315,            0.0000376706,            0.0003156781,            0.1720756207
           94.8710310127,           64.0000000000,           55.1333277106,           41.5587858692,           23.6134879424,        37582.6306653217,         2387.3620930298,            0.0000409662,            0.0003432981,            0.1792441461
           94.8710310127,           65.0000000000,           55.8553217574,           42.1178655383,           23.9480383771,        39119.8952850129,         2450.2985172943,            0.0000443897,            0.0003719902,            0.1865929448
           94.8710310127,           66.0000000000,           56.5755313349,           42.6757585891,           24.2821124744,        40695.1235627878,         2513.8951731914,            0.0000482127,            0.0004040308,            0.1941262001
           94.8710310127,           67.0000000000,           57.2939877935,           43.2324854637,           24.6157181149,        42308.6565035683,         2578.1488258483,            0.0000522312,            0.0004377101,            0.2018436204
           94.8710310127,           68.0000000000,           58.0107214737,           43.7880659526,           24.9488629334,        43960.8329781864,         2643.0563045378,            0.0000563985,            0.0004726372,            0.2097463811
           94.8710310127,           69.0000000000,           58.7257617528,           44.3425192245,           25.2815543299,        45651.9897683010,         2708.6145004769,            0.0000610315,            0.0005114675,            0.2178390571
           94.8710310127,           70.0000000000,           59.4391370892,           44.8958638546,           25.6137994798,        47382.4616097247,         2774.8203647320,            0.0000658904,            0.0005521922,            0.2261209937
           94.8710310127,           71.0000000000,           60.1508750637,           45.4481178512,           25.9456053443,        49152.5812342383,         2841.6709062235,            0.0000709215,            0.0005943602,            0.2345932704
           94.8710310127,           72.0000000000,           60.8610024184,           45.9992986811,           26.2769786797,        50962.6794099674,         2909.1631898254,            0.0000764867,            0.0006410057,            0.2432608288
           94.8710310127,           73.0000000000,           61.5695450939,           46.5494232925,           26.6079260459,        52813.0849803897,         2977.2943345512,            0.0000823167,            0.0006898712,            0.2521227294
           94.8710310127,           74.0000000000,           62.2765282635,           47.0985081378,           26.9384538147,        54704.1249020379,         3046.0615118248,            0.0000883448,            0.0007403969,            0.2611799077
           94.8710310127,           75.0000000000,           62.9819763662,           47.6465691942,           27.2685681781,        56636.1242809585,         3115.4619438276,            0.0000949760,            0.0007959799,            0.2704376780
           94.8710310127,           76.0000000000,           63.6859131378,           48.1936219843,           27.5982751552,        58609.4064079849,         3185.4929019203,            0.0001019217,            0.0008541985,            0.2798948944
           94.8710310127,           77.0000000000,           64.3883616396,           48.7396815938,           27.9275805995,        60624.2927928774,         3256.1517051334,            0.0001090939,            0.0009143163,            0.2895522713
           94.8710310127,           78.0000000000,           65.0893442865,           49.2847626902,           28.2564902057,        62681.1031973816,         3327.4357187234,            0.0001169371,            0.0009800601,            0.2994154461
           94.8710310127,           79.0000000000,           65.7888828729,           49.8288795391,           28.5850095155,        64780.1556672529,         3399.3423527910,            0.0001251576,            0.0010489676,            0.3094832143
           94.8710310127,           80.0000000000,           66.4869985979,           50.3720460205,           28.9131439241,        66921.7665632925,         3471.8690609566,            0.0001336360,            0.0011200371,            0.3197559763
           94.8710310127,           81.0000000000,           67.1837120882,           50.9142756435,           29.2408986855,        69106.2505914363,         3545.0133390927,            0.0001428494,            0.0011972697,            0.3302396287
           94.8710310127,           82.0000000000,           67.8790434209,           51.4555815610,           29.5682789182,        71333.9208319392,         3618.7727241069,            0.0001525197,            0.0012783326,            0.3409330981
           94.8710310127,           83.0000000000,           68.5730121447,           51.9959765833,           29.8952896100,        73605.0887676908,         3693.1447927753,            0.0001624822,            0.0013618459,            0.3518363507
           94.8710310127,           84.0000000000,           69.2656372994,           52.5354731908,           30.2219356230,        75920.0643116994,         3768.1271606228,            0.0001732371,            0.0014520032,            0.3629554585
           94.8710310127,           85.0000000000,           69.9569374359,           53.0740835465,           30.5482216983,        78279.1558337791,         3843.7174808475,            0.0001845484,            0.0015468267,            0.3742897222
           94.8710310127,           86.0000000000,           70.6469306335,           53.6118195077,           30.8741524604,        80682.6701864705,         3919.9134432874,            0.0001961896,            0.0016444152,            0.3858385194
           94.8710310127,           87.0000000000,           71.3356345179,           54.1486926372,           31.1997324212,        83130.9127302281,         3996.7127734272,            0.0002086704,            0.0017490453,            0.3976079922
           94.8710310127,           88.0000000000,           72.0230662774,           54.6847142138,           31.5249659842,        85624.1873579013,         4074.1132314436,            0.0002218315,            0.0018593804,            0.4095981226
           94.8710310127,           89.0000000000,           72.7092426785,           55.2198952423,           31.8498574481,        88162.7965185376,         4152.1126112859,            0.0002353633,            0.0019728234,            0.4218075039
           94.8710310127,           90.0000000000,           73.3941800810,           55.7542464635,           32.1744110107,        90747.0412405353,         4230.7087397917,            0.0002497682,            0.0020935892,            0.4342421584
           94.8710310127,           91.0000000000,           74.0778944522,           56.2877783632,           32.4986307724,        93377.2211541677,         4309.8994758355,            0.0002650060,            0.0022213402,            0.4469031456
           94.8710310127,           92.0000000000,           74.7604013806,           56.8205011809,           32.8225207390,        96053.6345135062,         4389.6827095077,            0.0002806590,            0.0023525715,            0.4597880703
           94.8710310127,           93.0000000000,           75.4417160889,           57.3524249184,           33.1460848254,        98776.5782177616,         4470.0563613243,            0.0002972004,            0.0024912542,            0.4729026774
           94.8710310127,           94.0000000000,           76.1218534463,           57.8835593478,           33.4693268585,       101546.3478320673,         4551.0183814642,            0.0003147611,            0.0026384870,            0.4862495727
           94.8710310127,           95.0000000000,           76.8008279805,           58.4139140187,           33.7922505799,       104363.2376077241,         4632.5667490340,            0.0003327851,            0.0027896036,            0.4998250684
           94.8710310127,           96.0000000000,           77.4786538892,           58.9434982663,           34.1148596491,       107227.5405019258,         4714.6994713585,            0.0003516897,            0.0029481063,            0.5136343549
           94.8710310127,           97.0000000000,           78.1553450504,           59.4723212179,           34.4371576454,       110139.5481969844,         4797.4145832956,            0.0003718397,            0.0031170557,            0.5276821384
           94.8710310127,           98.0000000000,           78.8309150334,           60.0003917997,           34.7591480714,       113099.5511190737,         4880.7101465750,            0.0003925049,            0.0032903250,            0.5419631628
           94.8710310127,           99.0000000000,           79.5053771087,           60.5277187434,           35.0808343547,       116107.8384565062,         4964.5842491595,            0.0004140142,            0.0034706745,            0.5564817951
           94.8710310127,          102.0000000000,           81.5211866218,           62.1046116986,           36.0438104040,       125474.7095569731,         5220.2301991536,            0.0004863957,            0.0040776009,            0.6017377483
           94.8710310127,          107.0000000000,           84.8616894934,           64.7198786451,           37.6434875787,       141997.5179377734,         5656.7456467722,            0.0006267454,            0.0052545181,            0.6816833356
           94.8710310127,          112.0000000000,           88.1771639854,           67.3183130318,           39.2362530500,       159791.1007646481,         6107.3230620581,            0.0007985644,            0.0066954471,            0.7679658325
           94.8710310127,          117.0000000000,           91.4689038413,           69.9007683333,           40.8224435992,       178889.9160636750,         6571.7572237464,            0.0010067205,            0.0084412635,            0.8607929592
           94.8710310127,          122.0000000000,           94.7380835766,           72.4680201606,           42.4023659073,       199327.7897111234,         7049.8546885383,            0.0012566775,            0.0105378546,            0.9603748203
           94.8710310127,          127.0000000000,           97.9857739009,           75.0207762643,           43.9763003689,       221137.9533697881,         7541.4326525285,            0.0015551945,            0.0130419963,            1.0669300026
           94.8710310127,          132.0000000000,          101.2129546147,           77.5596849092,           45.5445042930,       244353.0786948340,         8046.3179638833,            0.0019084583,            0.0160056712,            1.1806691987
           94.8710310127,          137.0000000000,          104.4205254776,           80.0853419376,           47.1072146054,       269005.3083079236,         8564.3462616240,            0.0023246622,            0.0194977305,            1.3018185671
           94.8710310127,          142.0000000000,          107.6093154268,           82.5982967656,           48.6646501500,       295126.2839553814,         9095.3612203251,            0.0028110961,            0.0235794542,            1.4305934845
           94.8710310127,          147.0000000000,          110.7800904476,           85.0990575079,           50.2170136560,       322747.1721994811,         9639.2138843811,            0.0033776899,            0.0283343202,            1.5672305439
           94.8710310127,          152.0000000000,          113.9335603307,           87.5880953809,           51.7644934330,       351898.6879379219,        10195.7620784926,            0.0040333126,            0.0338369173,            1.7119546673
           94.8710310127,          157.0000000000,          117.0703845062,           90.0658485067,           53.3072648371,       382611.1160024592,        10764.8698833939,            0.0047884165,            0.0401751621,            1.8650026517
           94.8710310127,          162.0000000000,          120.1911771055,           92.5327252175,           54.8454915464,       414914.3310513715,        11346.4071677272,            0.0056551679,            0.0474514123,            2.0266243637
           94.8710310127,          167.0000000000,          123.2965113736,           94.9891069370,           56.3793266746,       448837.8159403945,        11940.2491684837,            0.0066439866,            0.0557533657,            2.1970520535
           94.8710310127,          172.0000000000,          126.3869235326,           97.4353507056,           57.9089137495,       484410.6787317116,        12546.2761136515,            0.0077700890,            0.0652090989,            2.3765589699
           94.8710310127,          177.0000000000,          129.4629161791,           99.8717914029,           59.4343875736,       521661.6684795801,        13164.3728817074,            0.0090449022,            0.0759148437,            2.5653826492
           94.8710310127,          182.0000000000,          132.5249612813,          102.2987437090,           60.9558749868,       560619.1899134675,        13794.4286934054,            0.0104858660,            0.0880174698,            2.7638119360
           94.8710310127,          187.0000000000,          135.5735028358,          104.7165038447,           62.4734955418,       601311.3171245632,        14436.3368319856,            0.0121063146,            0.1016293287,            2.9720979959
           94.8710310127,          192.0000000000,          138.6089592274,          107.1253511184,           63.9873621068,       643765.8063487383,        15089.9943884848,            0.0139257315,            0.1169145965,            3.1905443307
           94.8710310127,          197.0000000000,          141.6317253347,          109.5255493065,           65.4975814036,       688010.1079280872,        15755.3020292968,            0.0159595543,            0.1340034189,            3.4194173712
           94.8710310127,          202.0000000000,          144.6421744137,          111.9173478893,           67.0042544896,       734071.3775237866,        16432.1637835155,            0.0182295749,            0.1530795342,            3.6590380900
           94.8710310127,          207.0000000000,          147.6406597862,          114.3009831602,           68.5074771912,       781976.4866448736,        17120.4868479274,            0.0207531948,            0.1742897453,            3.9096869776
           94.8710310127,          212.0000000000,          150.6275163607,          116.6766792242,           70.0073404946,       831752.0325505312,        17820.1814077905,            0.0235549974,            0.1978414417,            4.1717066272
           94.8710310127,          217.0000000000,          153.6030620025,          119.0446488991,           71.5039308983,       883424.3475773393,        18531.1604717797,            0.0266541954,            0.2238967958,            4.4453906653
           94.8710310127,          222.0000000000,          156.5675987738,          121.4050945306,           72.9973307330,       937019.5079376142,        19253.3397196724,            0.0300785083,            0.2526898191,            4.7311065029
           94.8710310127,          227.0000000000,          159.5214140570,          123.7582087317,           74.4876184515,       992563.3420302924,        19986.6373615255,            0.0338491099,            0.2843993736,            5.0291627659
           94.8710310127,          232.0000000000,          162.4647815757,          126.1041750549,           75.9748688931,      1050081.4383016946,        20730.9740072407,            0.0379971724,            0.3192887764,            5.3399541679
           94.8710310127,          237.0000000000,          165.3979623237,          128.4431686042,           77.4591535239,      1109599.1526899002,        21486.2725455411,            0.0425453065,            0.3575491486,            5.6637997794
           94.8710310127,          242.0000000000,          168.3212054128,          130.7753565942,           78.9405406569,      1171141.6156832613,        22252.4580314961,            0.0475291793,            0.3994819942,            6.0011311386
           94.8710310127,          247.0000000000,          171.2347488482,          133.1008988603,           80.4190956536,      1234733.7390207467,        23029.4575818241,            0.0529721761,            0.4452851525,            6.3522716063
           94.8710310127,          252.0000000000,          174.1388202379,          135.4199483281,           81.8948811082,      1300400.2220592932,        23817.2002772884,            0.0589154663,            0.4953068268,            6.7176994278
           94.8710310127,          257.0000000000,          177.0336374441,          137.7326514423,           83.3679570180,      1368165.5578311048,        24615.6170715716,            0.0653834051,            0.5497532683,            7.0977437543
           94.8710310127,          262.0000000000,          179.9194091820,          140.0391485623,           84.8383809388,      1438054.0388118275,        25424.6407060827,            0.0724208770,            0.6090043900,            7.4929136902
           94.8710310127,          267.0000000000,          182.7963355706,          142.3395743267,           86.3062081295,      1510089.7624187390,        26244.2056302014,            0.0800560089,            0.6732985128,            7.9035688646
           94.8710310127,          272.0000000000,          185.6646086409,          144.6340579885,           87.7714916848,      1584296.6362564911,        27074.2479265185,            0.0883354034,            0.7430304277,            8.3302310725
           94.8710310127,          277.0000000000,          188.5244128059,          146.9227237257,           89.2342826582,      1660698.3831264912,        27914.7052406711,            0.0972945708,            0.8185011831,            8.7733234932
           94.8710310127,          282.0000000000,          191.3759252941,          149.2056909289,           90.6946301759,      1739318.5458147093,        28765.5167154131,            0.1069758800,            0.9000700666,            9.2333293315
           94.8710310127,          287.0000000000,          194.2193165519,          151.4830744669,           92.1525815425,      1820180.4916715245,        29626.6229285939,            0.1174287948,            0.9881566110,            9.7107914433
           94.8710310127,          292.0000000000,          197.0547506168,          153.7549849339,           93.6081823390,      1903307.4169961580,        30497.9658347484,            0.1286887049,            1.0830613120,           10.2061295687
           94.8710310127,          297.0000000000,          199.8823854638,          156.0215288790,           95.0614765140,      1988722.3512372822,        31379.4887100307,            0.1408170345,            1.1853054635,           10.7199909556
           94.8710310127,          302.0000000000,          202.7023733276,          158.2828090200,           96.5125064687,      2076448.1610205267,        32271.1361002457,            0.1538479658,            1.2951796592,           11.2527827550
           94.8710310127,          307.0000000000,          205.5148610028,          160.5389244415,           97.9613131363,      2166507.5540127861,        33172.8537717559,            0.1678492167,            1.4132590441,           11.8052047618
           94.8710310127,          312.0000000000,          208.3199901235,          162.7899707813,           99.4079360555,      2258923.0826325440,        34084.5886650602,            0.1828573343,            1.5398546053,           12.3776839204
           94.8710310127,          317.0000000000,          211.1178974248,          165.0360404031,          100.8524134397,      2353717.1476147398,        35006.2888508572,            0.1989466272,            1.6755979989,           12.9709762332
           94.8710310127,          322.0000000000,          213.9087149861,          167.2772225586,          102.2947822420,      2450912.0014381232,        35937.9034884250,            0.2161557923,            1.8208188387,           13.5855266319
           94.8710310127,          327.0000000000,          216.6925704601,          169.5136035387,          103.7350782151,      2550529.7516224687,        36879.3827861585,            0.2345586698,            1.9761454356,           14.2220857181
           94.8710310127,          332.0000000000,          219.4695872864,          171.7452668160,          105.1733359686,      2652592.3639025418,        37830.6779641231,            0.2542142496,            2.1420801937,           14.8812727055
           94.8710310127,          337.0000000000,          222.2398848913,          173.9722931775,          106.6095890216,      2757121.6652852381,        38791.7412184912,            0.2751765100,            2.3190832531,           15.5636642642
           94.8710310127,          342.0000000000,          225.0035788764,          176.1947608495,          108.0438698534,      2864139.3469958557,        39762.5256877413,            0.2975312977,            2.5078859560,           16.2701148318
           94.8710310127,          347.0000000000,          227.7607811950,          178.4127456154,          109.4762099500,      2973666.9673191523,        40742.9854205068,            0.3213234900,            2.7088716812,           17.0011181631
           94.8710310127,          352.0000000000,          230.5116003183,          180.6263209255,          110.9066398485,      3085725.9543403694,        41733.0753449715,            0.3466512291,            2.9228771011,           17.7576367381
           94.8710310127,          357.0000000000,          233.2561413910,          182.8355580014,          112.3351891786,      3200337.6085911794,        42732.7512397176,            0.3735598723,            3.1502899584,           18.5401664699
           94.8710310127,          362.0000000000,          235.9945063792,          185.0405259337,          113.7618867023,      3317523.1056051245,        43741.9697059350,            0.4021481137,            3.3919527243,           19.3496741740
           94.8710310127,          367.0000000000,          238.7267942085,          187.2412917740,          115.1867603507,      3437303.4983868799,        44760.6881409138,            0.4324845051,            3.6484515109,           20.1868573067
           94.8710310127,          372.0000000000,          241.4531008949,          189.4379206227,          116.6098372586,      3559699.7197993817,        45788.8647127408,            0.4646415189,            3.9204061887,           21.0524520785
           94.8710310127,          377.0000000000,          244.1735196686,          191.6304757105,          118.0311437985,      3684732.5848726509,        46826.4583361319,            0.4987263054,            4.2087323343,           21.9474951407
           94.8710310127,          382.0000000000,          246.8881410902,          193.8190184767,          119.4507056108,      3812422.7930378742,        47873.4286493341,            0.5347928251,            4.5138929040,           22.8725577807
           94.8710310127,          387.0000000000,          249.5970531616,          196.0036086425,          120.8685476344,      3942790.9302901328,        48929.7359920365,            0.5729680816,            4.8369742690,           23.8288505775
           94.8710310127,          392.0000000000,          252.3003414299,          198.1843042804,          122.2846941340,      4075857.4712829627,        49995.3413842335,            0.6133039916,            5.1784222652,           24.8169260642
           94.8710310127,          397.0000000000,          254.9980890866,          200.3611618807,          123.6991687270,      4211642.7813577335,        51070.2065059879,            0.6559208962,            5.5392675181,           25.8379336382
           94.8710310127,          402.0000000000,          257.6903770612,          202.5342364134,          125.1119944087,      4350167.1185106868,        52154.2936780439,            0.7009169399,            5.9203519737,           26.8928330816
           94.8710310127,          407.0000000000,          260.3772841100,          204.7035813878,          126.5231935760,      4491450.6353003038,        53247.5658432455,            0.7483615957,            6.3222725292,           27.9823302083
           94.8710310127,          412.0000000000,          263.0588869004,          206.8692489089,          127.9327880504,      4635513.3806975428,        54349.9865487155,            0.7984050645,            6.7463170440,           29.1078327049
           94.8710310127,          417.0000000000,          265.7352600913,          209.0312897304,          129.3407990997,      4782375.3018813133,        55461.5199287566,            0.8511039386,            7.1929737089,           30.2699391784
           94.8710310127,          422.0000000000,          268.4064764084,          211.1897533061,          130.7472474578,      4932056.2459814772,        56582.1306884364,            0.9066026406,            7.6634824800,           31.4700061727
           94.8710310127,          427.0000000000,          271.0726067176,          213.3446878375,          132.1521533452,      5084575.9617715012,        57711.7840878211,            0.9650033148,            8.1587221318,           32.7090280258
           94.8710310127,          432.0000000000,          273.7337200927,          215.4961403205,          133.5555364870,      5239954.1013128068,        58850.4459268248,            1.0263939044,            8.6794498505,           33.9878691194
           94.8710310127,          437.0000000000,          276.3898838817,          217.6441565886,          134.9574161306,      5398210.2215527240,        59998.0825306439,            1.0909478163,            9.2271571108,           35.3081471897
           94.8710310127,          442.0000000000,          279.0411637690,          219.7887813551,          136.3578110631,      5559363.7858779123,        61154.6607357474,            1.1587251511,            9.8023639124,           36.6704827831
           94.8710310127,          447.0000000000,          281.6876238343,          221.9300582522,          137.7567396267,      5723434.1656249436,        62320.1478763954,            1.2298951674,           10.4065274258,           38.0764556051
           94.8710310127,          452.0000000000,          284.3293266101,          224.0680298697,          139.1542197346,      5890440.6415497372,        63494.5117716611,            1.3045695440,           11.0406116353,           39.5271417332
           94.8710310127,          457.0000000000,          286.9663331351,          226.2027377904,          140.5502688857,      6060402.4052573862,        64677.7207129308,            1.3828505814,           11.7055004345,           41.0235310194
           94.8710310127,          462.0000000000,          289.5987030064,          228.3342226252,          141.9449041781,      6233338.5605938779,        65869.7434518602,            1.4649391803,           12.4029261126,           42.5674843982
           94.8710310127,          467.0000000000,          292.2264944280,          230.4625240459,          143.3381423230,      6409268.1250011399,        67070.5491887662,            1.5508982881,           13.1334346680,           44.1596480325
           94.8710310127,          472.0000000000,          294.8497642588,          232.5876808168,          144.7299996573,      6588210.0308367470,        68280.1075614314,            1.6409179034,           13.8986682454,           45.8017847013
           94.8710310127,          477.0000000000,          297.4685680570,          234.7097308246,          146.1204921560,      6770183.1266595777,        69498.3886343054,            1.7351391100,           14.6998468661,           47.4952258114
           94.8710310127,          482.0000000000,          300.0829601234,          236.8287111075,          147.5096354438,      6955206.1784826834,        70725.3628880831,            1.8336597049,           15.5378192294,           49.2409243127
           94.8710310127,          487.0000000000,          302.6929935425,          238.9446578827,          148.8974448061,      7143297.8709944766,        71961.0012096433,            1.9367177398,           16.4146434210,           51.0410713252
           94.8710310127,          492.0000000000,          305.2987202219,          241.0576065731,          150.2839352005,      7334476.8087494355,        73205.2748823318,            2.0443780580,           17.3308852499,           52.8963287267
           94.8710310127,          497.0000000000,          307.9001909303,          243.1675918320,          151.6691212662,      7528761.5173293231,        74458.1555765734,            2.1568560740,           18.2884108152,           54.8086832785
           94.8710310127,          504.5000000000,          311.7940086815,          246.3267272683,          153.7443273863,      7826446.2028363254,        76354.6209667374,            2.3355882166,           19.8105644798,           57.7949882341
           94.8710310127,          514.5000000000,          316.9720250635,          250.5293342767,          156.5070498822,      8233880.1165031958,        78911.6785681043,            2.5914325342,           21.9905348521,           61.9809097884
           94.8710310127,          524.5000000000,          322.1338773234,          254.7206747874,          159.2648034543,      8654066.6741449796,        81502.6730494654,            2.8695095623,           24.3613824426,           66.4229887331
           94.8710310127,          534.5000000000,          327.2799227312,          258.9009929933,          162.0176915404,      9087150.4765258096,        84127.3948808295,            3.1712982424,           26.9359837003,           71.1350158239
           94.8710310127,          544.5000000000,          332.4105041313,          263.0705233294,          164.7658135312,      9533274.9864864945,        86785.6397477938,            3.4983173287,           29.7275821313,           76.1311471059
           94.8710310127,          554.5000000000,          337.5259507788,          267.2294910343,          167.5092649996,      9992582.5589477010,        89477.2083276831,            3.8521552941,           32.7500486745,           81.4261550174
           94.8710310127,          564.5000000000,          342.6265791136,          271.3781126704,          170.2481379140,     10465214.4695872851,        92201.9060791886,            4.2344186998,           36.0174326172,           87.0349960286
           94.8710310127,          574.5000000000,          347.7126934770,          275.5165966055,          172.9825208357,     10951310.9422731437,        94959.5430444646,            4.6468646104,           39.5451173150,           92.9739710432
           94.8710310127,          584.5000000000,          352.7845867763,          279.6451434602,          175.7124991015,     11451011.1753265392,        97749.9336627406,            5.0912856436,           43.3488229163,           99.2597050571
           94.8710310127,          594.5000000000,          357.8425411031,          283.7639465236,          178.4381549952,     11964453.3666853067,       100572.8965945922,            5.5695345416,           47.4448218619,          105.9093886523
           94.8710310127,          604.5000000000,          362.8868283072,          287.8731921395,          181.1595679057,     12491774.7380309366,       103428.2545560906,            6.0835109447,           51.8498232475,          112.9406422887
           94.8710310127,          614.5000000000,          367.9177105318,          291.9730600672,          183.8768144753,     13033111.5579388626,       106315.8341621198,            6.6352694618,           56.5819223458,          120.3724715784
           94.8710310127,          624.5000000000,          372.9354407122,          296.0637238169,          186.5899687376,     13588599.1641069986,       109235.4657782148,            7.2269017673,           61.6595720681,          128.2242606558
           94.8710310127,          634.5000000000,          377.9402630414,          300.1453509642,          189.2991022469,     14158371.9847135693,       112186.9833803246,            7.8605245993,           67.1014807003,          136.5156301334
           94.8710310127,          644.5000000000,          382.9324134054,          304.2181034424,          192.0042841989,     14742563.5589517094,       115170.2244219601,            8.5384020802,           72.9276810184,          145.2675258898
           94.8710310127,          654.5000000000,          387.9121197895,          308.2821378179,          194.7055815439,     15341306.5567849632,       118185.0297082269,            9.2628869921,           79.1590266387,          154.5017435787
           94.8710310127,          664.5000000000,          392.8796026603,          312.3376055466,          197.4030590926,     15954732.7979649361,       121231.2432762868,           10.0363592295,           85.8166504859,          164.2403429152
           94.8710310127,          674.5000000000,          397.8350753225,          316.3846532157,          200.0967796158,     16582973.2703493927,       124308.7122818267,           10.8612807253,           92.9224519055,          174.5061312103
           94.8710310127,          684.5000000000,          402.7787442544,          320.4234227695,          202.7868039378,     17226158.1475566775,       127417.2868911494,           11.7402912549,          100.4999336292,          185.3235750007
           94.8710310127,          694.5000000000,          407.7108094225,          324.4540517223,          205.4731910248,     17884416.8059899807,       130556.8201785279,           12.6760582725,          108.5728950257,          196.7173961903
           94.8710310127,          704.5000000000,          412.6314645781,          328.4766733585,          208.1559980665,     18557877.8412627801,       133727.1680284946,           13.6712214584,          117.1649456947,          208.7121171912
           94.8710310127,          714.5000000000,          417.5408975356,          332.4914169206,          210.8352805553,     19246669.0840548277,       136928.1890427614,           14.7287480969,          126.3026412011,          221.3352776978
           94.8710310127,          724.5000000000,          422.4392904347,          336.4984077869,          213.5110923589,     19950917.6154261902,       140159.7444514885,           15.8515786241,          136.0123521681,          234.6141712200
           94.8710310127,          734.5000000000,          427.3268199883,          340.4977676387,          216.1834857900,     20670749.7816152126,       143421.6980286421,           17.0425997068,          146.3200256497,          248.5756953172
           94.8710310127,          744.5000000000,          432.2036577152,          344.4896146177,          218.8525116715,     21406291.2083446495,       146713.9160111979,           18.3050661244,          157.2549528664,          263.2500814091
           94.8710310127,          754.5000000000,          437.0699701608,          348.4740634758,          221.5182193985,     22157666.8146587200,       150036.2670219675,           19.6422334332,          168.8464749081,          278.6676524589
           94.8710310127,          764.5000000000,          441.9259191052,          352.4512257153,          224.1806569969,     22925000.8263126016,       153388.6219958383,           21.0572311051,          181.1228982776,          294.8576392920
           94.8710310127,          774.5000000000,          446.7716617602,          356.4212097226,          226.8398711786,     23708416.7887345962,       156770.8541092330,           22.5536473588,          194.1166547064,          311.8534797147
           94.8710310127,          784.5000000000,          451.6073509551,          360.3841208945,          229.4959073939,     24508037.5795799084,       160182.8387126088,           24.1350206524,          207.8598487572,          329.6882198187
           94.8710310127,          794.5000000000,          456.4331353136,          364.3400617569,          232.1488098814,     25323985.4208940752,       163624.4532658281,           25.8047628322,          222.3834831514,          348.3938165792
           94.8710310127,          804.5000000000,          461.2491594208,          368.2891320793,          234.7986217151,     26156381.8909029700,       167095.5772762418,           27.5668214123,          237.7234863068,          368.0071923476
           94.8710310127,          814.5000000000,          466.0555639818,          372.2314289811,          237.4453848489,     27005347.9354453981,       170596.0922393430,           29.4249955500,          253.9144871794,          388.5639561621
           94.8710310127,          824.5000000000,          470.8524859719,          376.1670470344,          240.0891401595,     27871003.8790633976,       174125.8815818488,           31.3830348644,          270.9907729110,          410.0993747527
           94.8710310127,          834.5000000000,          475.6400587799,          380.0960783607,          242.7299274866,     28753469.4357645623,       177684.8306070876,           33.4452582738,          288.9918548146,          432.6539529233
           94.8710310127,          844.5000000000,          480.4184123435,          384.0186127226,          245.3677856712,     29652863.7194700353,       181272.8264425675,           35.6156495198,          307.9542977190,          456.2652340499
           94.8710310127,          854.5000000000,          485.1876732782,          387.9347376121,          248.0027525923,     30569305.2541608103,       184889.7579896171,           37.8984759908,          327.9173321366,          480.9734487595
           94.8710310127,          864.5000000000,          489.9479650009,          391.8445383332,          250.6348652017,     31502911.9837346785,       188535.5158749917,           40.2982480130,          348.9224876698,          506.8211378674
           94.8710310127,          874.5000000000,          494.6994078457,          395.7480980820,          253.2641595573,     32453801.2815853134,       192209.9924043460,           42.8193387765,          371.0101472229,          533.8496810538
           94.8710310127,          884.5000000000,          499.4421191760,          399.6454980214,          255.8906708543,     33422089.9599143751,       195913.0815174822,           45.4663453916,          394.2228238071,          562.1026018432
           94.8710310127,          894.5000000000,          504.1762134903,          403.5368173542,          258.5144334556,     34407894.2787871957,       199644.6787452849,           48.2442502309,          418.6066671911,          591.6270555992
           94.8710310127,          904.5000000000,          508.9018025234,          407.4221333910,          261.1354809206,     35411329.9549416974,       203404.6811682618,           51.1574624975,          444.2026980908,          622.4651153035
           94.8710310127,          914.5000000000,          513.6189953428,          411.3015216162,          263.7538460327,     36432512.1703601107,       207192.9873766127,           54.2114035553,          471.0612961997,          654.6681388651
           94.8710310127,          924.5000000000,          518.3278984409,          415.1750557506,          266.3695608253,     37471555.5806124732,       211009.4974317551,           57.4109217315,          499.2277512067,          688.2824905190
           94.8710310127,          934.5000000000,          523.0286158230,          419.0428078111,          268.9826566071,     38528574.3229801208,       214854.1128292366,           60.7612108151,          528.7506036608,          723.3576856050
           94.8710310127,          944.5000000000,          527.7212490915,          422.9048481681,          271.5931639860,     39603682.0243677273,       218726.7364629715,           64.2678215550,          559.6818383931,          759.9467871579
           94.8710310127,          954.5000000000,          532.4058975260,          426.7612455998,          274.2011128920,     40696991.8090110868,       222627.2725907390,           67.9359466479,          592.0702482953,          798.0996771285
           94.8710310127,          964.5000000000,          537.0826581602,          430.6120673450,          276.8065325993,     41808616.3059885651,       226555.6268008874,           71.7713808542,          625.9703387038,          837.8718413480
           94.8710310127,          974.5000000000,          541.7516258555,          434.4573791526,          279.4094517469,     42938667.6565426737,       230511.7059801887,           75.7798908210,          661.4365166404,          879.3188111859
           94.8710310127,          984.5000000000,          546.4128933716,          438.2972453301,          282.0098983595,     44087257.5212188810,       234495.4182827927,           79.9670672313,          698.5216658799,          922.4944493541
           94.8710310127,          994.5000000000,          551.0665514336,          442.1317287891,          284.6078998660,     45254497.0868279189,       238506.6731002331,           84.3392337863,          737.2856753295,          967.4598259075
           94.8710310127,         1024.5000000000,          564.9754809757,          453.5983475339,          292.3851584039,     48888308.6487783343,       250731.9966251299,           98.8365235237,          866.1469676816,         1115.7158197749
           94.8710310127,         1074.5000000000,          588.0252651013,          472.6160678391,          305.3047747733,     55296624.2119853273,       271604.5338269369,          126.9781752948,         1117.3132512351,         1401.3378118267
           94.8710310127,         1124.5000000000,          610.9030710376,          491.5118955784,          318.1688026399,     62195662.1440199539,       293146.6009863286,          161.2535875746,         1424.9432444548,         1746.4410067084
           94.8710310127,         1174.5000000000,          633.6177531248,          510.2919865474,          330.9799398218,     69598673.5663000345,       315348.4666190117,          202.6236782340,         1798.4195511909,         2160.5503792337
           94.8710310127,         1224.5000000000,          656.1773528220,          528.9619370805,          343.7406439337,     77518667.4655292928,       338200.9555766667,          252.1444871272,         2248.1904927168,         2654.2609914647
           94.8710310127,         1274.5000000000,          678.5892034627,          547.5268556634,          356.4531627158,     85968425.1694299281,       361695.3954661962,          310.9706570543,         2785.8383157646,         3239.3056623318
           94.8710310127,         1324.5000000000,          700.8600179298,          565.9914229272,          369.1195594926,     94960513.4041801691,       385823.5701613959,          380.3588612055,         3424.1506676927,         3928.6272203562
           94.8710310127,         1374.5000000000,          722.9959625749,          584.3599422774,          381.7417346974,    104507296.1225207001,       410577.6792318813,          461.6716944282,         4177.2017602321,         4736.4595267160
           94.8710310127,         1424.5000000000,          745.0027199626,          602.6363829071,          394.3214441921,    114620945.2601503432,       435950.3023451190,          556.3790343932,         5060.4122216661,         5678.3875905684
           94.8710310127,         1474.5000000000,          766.8855424620,          620.8244165683,          406.8603149552,    125313450.5528342277,       461934.3678763793,          666.0618076176,         6090.6382098931,         6771.4363295626
           94.8710310127,         1524.5000000000,          788.6492982865,          638.9274491867,          419.3598585931,    136596628.5262242258,       488523.1251014764,          792.4139909403,         7286.2485027245,         8034.1489547140
           94.8710310127,         1574.5000000000,          810.2985112574,          656.9486481902,          431.8214830374,    148482130.7536982298,       515710.1194577520,          937.2430238295,         8667.1900078133,         9486.6508512105
           94.8710310127,         1624.5000000000,          831.8373953211,          674.8909662485,          444.2465027228,    160981451.4637895823,       543489.1704468624,         1102.4718358187,        10255.0762203673,        11150.7395426038
           94.8710310127,         1674.5000000000,          853.2698846507,          692.7571619928,          456.6361474824,    174105934.5673902929,       571854.3518236526,         1290.1386067748,        12073.2569852323,        13049.9542501297
           94.8710310127,         1724.5000000000,          874.5996600122,          710.5498181765,          468.9915703571,    187866780.1654185951,       600799.9737726204,         1502.3980554929,        14146.9138583775,        15209.6704082680
           94.8710310127,         1774.5000000000,          895.8301719544,          728.2713576597,          481.3138544778,    202275050.5896737278,       630320.5668200664,         1741.5187494191,        16503.1154594516,        17657.1570816928
           94.8710310127,         1824.5000000000,          916.9646612826,          745.9240575312,          493.6040191546,    217341676.0228823423,       660410.8672682336,         2009.8829767216,        19170.9113180205,        20421.6677883405
           94.8710310127,         1874.5000000000,          938.0061772019,          763.5100616311,          505.8630252828,    233077459.7382415533,       691065.8039692447,         2309.9830449623,        22181.3928945269,        23534.5045766684
           94.8710310127,         1924.5000000000,          958.9575934474,          781.0313916916,          518.0917801596,    249493082.9939058423,       722280.4862827854,         2644.4197248166,        25567.7850798304,        27029.1081581679
           94.8710310127,         1974.5000000000,          979.8216226751,          798.4899572816,          530.2911417883,    266599109.6137117445,       754050.1930832802,         3015.8965557888,        29365.5014440035,        30941.1136688259
           94.8710310127,         2024.5000000000,         1000.6008293362,          815.8875647104,          542.4619227367,    284405990.2818543911,       786370.3627005788,         3427.2151644649,        33612.2181995350,        35308.4230374817
           94.8710310127,         2074.5000000000,         1021.2976412315,          833.2259250217,          554.6048936056,    302924066.5761470199,       819236.5836935688,         3881.2683060325,        38347.9334758218,        40171.2660909985
           94.8710310127,         2124.5000000000,         1041.9143599076,          850.5066611915,          566.7207861554,    322163574.7618189454,       852644.5863691508,         4381.0341850242,        43615.0442425745,        45572.2783120365
           94.8710310127,         2174.5000000000,         1062.4531700368,          867.7313146256,          578.8102961317,    342134649.3654787540,       886590.2349700747,         4929.5653583077,        49458.3819498640,        51556.5331405118
           94.8710310127,         2224.5000000000,         1082.9161479003,          884.9013510388,          590.8740858250,    362847326.5468404889,       921069.5204645966,         5529.9801452701,        55925.2725277776,        58171.6038502669
           94.8710310127,         2274.5000000000,         1103.3052690789,          902.0181657889,          602.9127863947,    384311547.2840265632,       956078.5538789850,         6185.4493594820,        63065.5655238005,        65467.5968656665
           94.8710310127,         2324.5000000000,         1123.6224154413,          919.0830887247,          614.9269999850,    406537160.3867042661,       991613.5601208815,         6899.1860104764,        70931.6959260056,        73497.2036652050
           94.8710310127,         2374.5000000000,         1143.8693815077,          936.0973886037,          626.9173016534,    429533925.3499258161,      1027670.8722475065,         7674.4277435855,        79578.6812334788,        82315.6994370430
           94.8710310127,         2424.5000000000,         1164.0478802560,          953.0622771249,          638.8842411344,    453311515.0603327155,      1064246.9261379123,         8514.4217004714,        89064.1522052589,        91980.9942986805
           94.8710310127,         2474.5000000000,         1184.1595484311,          969.9789126177,          650.8283444531,    477879518.3652967811,      1101338.2555329876,         9422.4065535328,        99448.3586099422,       102553.6072294023
           94.8710310127,         2524.5000000000,         1204.2059514073,          986.8484034229,          662.7501154062,    503247442.5146179199,      1138941.4874108564,        10401.5924382814,       110794.1683933394,       114096.6869833105
           94.8710310127,         2574.5000000000,         1224.1885876518,         1003.6718109962,          674.6500369233,    529424715.4835392237,      1177053.3376687497,        11455.1381375380,       123167.0287880054,       126675.9683910406
           94.8710310127,         2624.5000000000,         1244.1088928263,         1020.4501527633,          686.5285723188,    556420688.1850773096,      1215670.6070854417,        12586.1296931268,       136634.9792905888,       140359.7677411462
           94.8710310127,         2674.5000000000,         1263.9682435652,         1037.1844047497,          698.3861664476,    584244636.5789831877,      1254790.1775409803,        13797.5523748818,       151268.5555084197,       155218.9271720791
           94.8710310127,         2724.5000000000,         1283.7679609595,         1053.8755040070,          710.2232467715,    612905763.6840364933,      1294409.0084727844,        15092.2638660342,       167140.7771915563,       171326.7638468455
           94.8710310127,         2774.5000000000,         1303.5093137750,         1070.5243508557,          722.0402243459,    642413201.4998205900,      1334524.1335492297,        16472.9653592627,       184327.0311245519,       188758.9689958874
           94.8710310127,         2824.5000000000,         1323.1935214295,         1087.1318109601,          733.8374947342,    672776012.8436354399,      1375132.6575436734,        17942.1675725075,       202904.9992705101,       207593.5394362315
           94.8710310127,         2874.5000000000,         1342.8217567512,         1103.6987172523,          745.6154388545,    704003193.1077500582,      1416231.7533934778,        19502.1604861621,       222954.5737429455,       227910.6734588113
           94.8710310127,         2924.5000000000,         1362.3951485374,         1120.2258717168,          757.3744237681,    736103671.9417970181,      1457818.6594300419,        21154.9754541123,       244557.6956545060,       249792.6138318116
           94.8710310127,         2974.5000000000,         1381.9147839310,         1136.7140470498,          769.1148034110,    769086314.8647401333,      1499890.6767671222,        22902.3504768624,       267798.2410888408,       273323.6218130207
           94.8710310127,         3024.5000000000,         1401.3817106320,         1153.1639882024,          780.8369192764,    802959924.8105120659,      1542445.1668358732,        24745.6869613963,       292761.8307449035,       298589.6050245723
           94.8710310127,         3074.5000000000,         1420.7969389557,         1169.5764138193,          792.5411010503,    837733243.6111227274,      1585479.5490560574,        26686.0137311403,       319535.6841209103,       325678.1410884474
           94.8710310127,         3124.5000000000,         1440.1614437529,         1185.9520175796,          804.2276672051,    873414953.4207490683,      1628991.2986338083,        28723.9408402918,       348208.4212200202,       354678.1895202082
           94.8710310127,         3174.5000000000,         1459.4761662018,         1202.2914694497,          815.8969255543,    910013678.0840845108,      1672977.9444771248,        30859.6234088709,       378869.8697523781,       385679.9265626323
           94.8710310127,         3224.5000000000,         1478.7420154826,         1218.5954168546,          827.5491737716,    947537984.4519724846,      1717437.0672210548,        33092.7092557765,       411610.7807830894,       418774.4810488261
           94.8710310127,         3274.5000000000,         1497.9598703443,         1234.8644857734,          839.1846998764,    985996383.6471644640,      1762366.2973551624,        35422.3032780359,       446522.7593415691,       454053.8230598370
           94.8710310127,         3324.5000000000,         1517.1305805719,         1251.0992817664,          850.8037826901,   1025397332.2828211784,      1807763.3134464987,        37846.9138705827,       483697.8115541323,       491610.3482537122
           94.8710310127,         3374.5000000000,         1536.2549683623,         1267.3003909378,          862.4066922636,   1065749233.6362295151,      1853625.8404518303,        40364.4189510681,       523228.2933053076,       531536.8032674352
           94.8710310127,         3424.5000000000,         1555.3338296145,         1283.4683808400,          873.9936902787,   1107060438.7800126076,      1899951.6481133816,        42972.0061639498,       565206.5251349236,       573925.9440538004
           94.8710310127,         3474.5000000000,         1574.3679351427,         1299.6038013225,          885.5650304260,   1149339247.6729922295,      1946738.5494327904,        45666.1541032250,       609724.6731988956,       618870.2970910758
           94.8710310127,         3524.5000000000,         1593.3580318159,         1315.7071853310,          897.1209587604,   1192593910.2126986980,      1993984.3992183900,        48442.5651529484,       656874.4658682243,       666462.0939048453
           94.8710310127,         3574.5000000000,         1612.3048436308,         1331.7790496593,          908.6617140361,   1236832627.2514135838,      2041687.0927012987,        51296.1469432475,       706746.8963078591,       716792.8149614242
           94.8710310127,         3624.5000000000,         1631.2090727219,         1347.8198956576,          920.1875280219,   1282063551.5775072575,      2089844.5642161286,        54220.9584395551,       759432.1653195515,       769953.0617514891
           94.8710310127,         3674.5000000000,         1650.0714003141,         1363.8302099007,          931.6986257994,   1328294788.8637166023,      2138454.7859424567,        57210.1885053032,       815019.3219398453,       826032.4676573442
           94.8710310127,         3724.5000000000,         1668.8924876213,         1379.8104648186,          943.1952260443,   1375534398.5839319229,      2187515.7667034520,        60256.1346398689,       873596.4712804211,       885119.5772566083
           94.8710310127,         3774.5000000000,         1687.6729766944,         1395.7611192916,          954.6775412919,   1423790394.8999330997,      2237025.5508183362,        63350.1444053321,       935250.0821703651,       947301.5892067371
           94.8710310127,         3824.5000000000,         1706.4134912233,         1411.6826192132,          966.1457781889,   1473070747.5194640160,      2286982.2170055760,        66482.6321822228,      1000065.5361760218,      1012664.3825320980
           94.8710310127,         3874.5000000000,         1725.1146372949,         1427.5753980228,          977.6001377314,   1523383382.5269327164,      2337383.8773339330,        69643.0548163021,      1068126.8170558494,      1081292.5990829167
           94.8710310127,         3924.5000000000,         1743.7770041104,         1443.4398772094,          989.0408154900,   1574736183.1879537106,      2388228.6762186796,        72819.8939708425,      1139516.7516690316,      1153269.7625967218
           94.8710310127,         3974.5000000000,         1762.4011646649,         1459.2764667892,         1000.4680018236,   1627136990.7288901806,      2439514.7894604965,        76000.6619877810,      1214316.7367857932,      1228678.0027257362
           94.8710310127,         4024.5000000000,         1780.9876763910,         1475.0855657582,         1011.8818820822,   1680593605.0924682617,      2491240.4233247079,        79171.9053308094,      1292607.5971668588,      1307598.9566472340
           94.8710310127,         4074.5000000000,         1799.5370817698,         1490.8675625214,         1023.2826367993,   1735113785.6705064774,      2543403.8136586822,        82319.2430966894,      1374469.4852469109,      1390113.6478665983
           94.8710310127,         4124.5000000000,         1818.0499089099,         1506.6228353004,         1034.6704418744,   1790705252.0147087574,      2596003.2250453755,        85427.3675105699,      1459982.5538801744,      1476303.1643336203
           94.8710310127,         4174.5000000000,         1836.5266720981,         1522.3517525207,         1046.0454687469,   1847375684.5264544487,      2649036.9499910972,        88480.0850622795,      1549227.4294752839,      1566249.1453482986
           94.8710310127,         4224.5000000000,         1854.9678723219,         1538.0546731796,         1057.4078845609,   1905132725.1264455318,      2702503.3081457354,        91460.3595445113,      1642285.4825015955,      1660034.0040654009
           94.8710310127,         4274.5000000000,         1873.3739977670,         1553.7319471960,         1068.7578523229,   1963983977.9050321579,      2756400.6455537691,        94350.3960412471,      1739240.8597790145,      1757743.0142530671
           94.8710310127,         4324.5000000000,         1891.7455242899,         1569.3839157435,         1080.0955310508,   2023937009.7539956570,      2810727.3339344952,        97131.6784113501,      1840180.0812404745,      1859464.1601787105
           94.8710310127,         4374.5000000000,         1910.0829158683,         1585.0109115675,         1091.4210759170,   2084999350.9805355072,      2865481.7699900251,        99785.0585375487,      1945193.8638429649,      1965289.3182030127
           94.8710310127,         4424.5000000000,         1928.3866250297,         1600.6132592874,         1102.7346383839,   2147178495.9041500092,      2920662.3747396492,       102290.8532452783,      2054378.5450137553,      2075316.3795077698
           94.8710310127,         4474.5000000000,         1946.6570932606,         1616.1912756843,         1114.0363663335,   2210481903.4370822906,      2976267.5928792991,       104628.9811558746,      2167837.4740040768,      2189650.4091108106
           94.8710310127,         4524.5000000000,         1964.8947513957,         1631.7452699760,         1125.3264041917,   2274916997.6489653587,      3032295.8921648632,       106778.9971829697,      2285681.5964311231,      2308404.0609083883
           94.8710310127,         4574.5000000000,         1983.1000199896,         1647.2755440790,         1136.6048930454,   2340491168.3162674904,      3088745.7628182550,       108720.3578047119,      2408033.5711640371,      2431701.7327275644
           94.8710310127,         4624.5000000000,         2001.2733096722,         1662.7823928588,         1147.8719707561,   2407211771.4571094513,      3145615.7169550997,       110432.4479923327,      2535027.3726860527,      2559679.5870708073
           94.8710310127,         4674.5000000000,         2019.4150214873,         1678.2661043688,         1159.1277720673,   2475086129.8519959450,      3202904.2880330738,       111894.8687322221,      2666812.2679188126,      2692489.0356620788
           94.8710310127,         4724.5000000000,         2037.5255472164,         1693.7269600790,         1170.3724287079,   2544121533.5509815216,      3260610.0303199100,       113087.5183785822,      2803553.8435969502,      2830298.1106177433
           94.8710310127,         4774.5000000000,         2055.6052696883,         1709.1652350946,         1181.6060694905,   2614325240.3677740097,      3318731.5183801814,       113990.8551569585,      2945437.3221112285,      2973294.3662095489
           94.8710310127,         4824.5000000000,         2073.6545630757,         1724.5811983649,         1192.8288204060,   2685704476.3612284660,      3377267.3465799927,       114586.1321970057,      3092670.2661804664,      3121688.1089556045
           94.8710310127,         4874.5000000000,         2091.6737931777,         1739.9751128831,         1204.0408047141,   2758266436.3047008514,      3436216.1286088019,       114855.6115330577,      3245484.5742149143,      3275714.2210228206
           94.8710310127,         4924.5000000000,         2109.6633176921,         1755.3472358785,         1215.2421430298,   2832018284.1436748505,      3495576.4970175754,       114782.8691378849,      3404140.3726097927,      3435635.7966554840
           94.8710310127,         4974.5000000000,         2127.6234864742,         1770.6978189998,         1226.4329534061,   2906967153.4420814514,      3555347.1027725921,       114353.0484566178,      3568927.9106530128,      3601746.2236251519
           94.8710310127,         5049.5000000000,         2154.5058801622,         1793.6812269246,         1243.1984008171,   3021802244.5923609734,      3645820.1672569881,       112962.9901078976,      3829201.6824324750,      3864127.2955243317
           94.8710310127,         5149.5000000000,         2190.2542925447,         1824.2561827897,         1265.5182759738,   3178970628.1621122360,      3767806.3302063351,       109822.1525551988,      4199974.3801306821,      4237932.8615717581
           94.8710310127,         5249.5000000000,         2225.8912070884,         1854.7492437470,         1287.7980425255,   3341054001.3878526688,      3891410.0508726332,       105107.4156945171,      4602388.4029576257,      4643674.1012284607
           94.8710310127,         5349.5000000000,         2261.4190860831,         1885.1621832898,         1310.0385346957,   3508108046.2675590515,      4016621.3508937792,        98840.5324857779,      5040683.3633615477,      5085622.4868338667
           94.8710310127,         5449.5000000000,         2296.8402924812,         1915.4967041005,         1332.2405540946,   3680188006.9885988235,      4143430.5000773096,        91118.9274444432,      5519822.5028187493,      5568772.5779049722
           94.8710310127,         5549.5000000000,         2332.1570956529,         1945.7544421247,         1354.4048715686,   3857348701.4616465569,      4271828.0057574632,        82132.8445915903,      6045441.7896659002,      6098788.9905928252
           94.8710310127,         5649.5000000000,         2367.3716767108,         1975.9369703413,         1376.5322289143,   4039644532.3453311920,      4401804.6027934765,        72182.7380608370,      6623695.5398000535,      6681849.3109559165
           94.8710310127,         5749.5000000000,         2402.4861334418,         2006.0458022569,         1398.6233404673,   4227129497.5928258896,      4533351.2441597637,        61694.7130602119,      7260953.2363082878,      7324335.5244082101
           94.8710310127,         5849.5000000000,         2437.5024848835,         2036.0823951492,         1420.6788945790,   4419857200.5491981506,      4666459.0920831803,        51230.6006609837,      7963305.2511407901,      8032336.1643875549
           94.8710310127,         5949.5000000000,         2472.4226755747,         2066.0481530806,         1442.6995549898,   4617880859.6261100769,      4801119.5096867038,        41487.7172279186,      8735848.1049045529,      8810923.1044541355
           94.8710310127,         6049.5000000000,         2507.2485795090,         2095.9444297026,         1464.6859621073,   4821253317.5784616470,      4937324.0531025203,        33282.1994560701,      9581746.9771843944,      9663210.2113255076
           94.8710310127,         6149.5000000000,         2541.9820038174,         2125.7725308688,         1486.6387341989,   5030027050.4057521820,      5075064.4640207766,        27509.6384975304,     10501137.2702266593,     10589248.3816903196
           94.8710310127,         6249.5000000000,         2576.6246922008,         2155.5337170718,         1508.5584685048,   5244254175.8992891312,      5214332.6626431942,        25078.8618073298,     11490012.0810418986,     11584910.1532668024
           94.8710310127,         6349.5000000000,         2611.1783281355,         2185.2292057188,         1530.4457422775,   5463986461.8548374176,      5355120.7410133826,        26819.7512319475,     12539324.2315634303,     12640995.9535908978
           94.8710310127,         6449.5000000000,         2645.6445378676,         2214.8601732597,         1552.3011137555,   5689275333.9689302444,      5497420.9566980693,        33374.3670589763,     13634617.6433554068,     13742872.2969458718
           94.8710310127,         6549.5000000000,         2680.0248932154,         2244.4277571780,         1574.1251230742,   5920171883.4358386993,      5641225.7267955868,        45089.9320301298,     14756461.5066538006,     14870921.7508397605
           94.8710310127,         6649.5000000000,         2714.3209141933,         2273.9330578560,         1595.9182931205,   6156726874.2609500885,      5786527.6222499190,        61939.0382071885,     15881837.3168374579,     16001950.7784606051
           94.8710310127,         6749.5000000000,         2748.5340714722,         2303.3771403251,         1617.6811303346,   6398990750.3053255081,      5933319.3624503231,        83491.5589230433,     16986374.9753229655,     17111447.0015030354
           94.8710310127,         6849.5000000000,         2782.6657886876,         2332.7610359071,         1639.4141254631,   6647013642.0752439499,      6081593.8100981461,       108952.2398006401,     18047047.9833981097,     18176294.0302845314
           94.8710310127,         6949.5000000000,         2816.7174446084,         2362.0857437583,         1661.1177542675,   6900845373.2694911957,      6231343.9663238898,       137259.8585400459,     19044759.5482126102,     19177367.9987086356
           94.8710310127,         7049.5000000000,         2850.6903751755,         2391.3522323202,         1682.7924781904,   7160535467.0965547562,      6382562.9660388837,       167226.0704146033,     19966260.1951457039,     20101457.5159080923
           94.8710310127,         7149.5000000000,         2884.5858754204,         2420.5614406859,         1704.4387449839,   7426133152.3729276657,      6535244.0735071078,       197681.8193445727,     20805046.6546231881,     20942152.9901532419
           94.8710310127,         7249.5000000000,         2918.4052012720,         2449.7142798873,         1726.0569893010,   7697687369.4131155014,      6689380.6781237582,       227600.7706918679,     21561200.0068539903,     21699672.8786961995
           94.8710310127,         7349.5000000000,         2952.1495712603,         2478.8116341090,         1747.6476332545,   7975246775.7212648392,      6844966.2903882423,       256180.9918596252,     22240413.9606175311,     22379871.5845993571
           94.8710310127,         7449.5000000000,         2985.8201681229,         2507.8543618335,         1769.2110869443,   8258859751.4937410355,      7001994.5380600281,       282879.4611737740,     22852562.0077900700,     22992792.7857010700
           94.8710310127,         7549.5000000000,         3019.4181403225,         2536.8432969233,         1790.7477489559,   8548574404.9414253235,      7160459.1624867618,       307406.7574028206,     23410192.1508361660,     23551151.8068930916
           94.8710310127,         7649.5000000000,         3052.9446034810,         2565.7792496435,         1812.2580068319,   8844438577.4399299622,      7320354.0150946816,       329694.4263732886,     23927204.0903080180,     24069003.9892111272
           94.8710310127,         7749.5000000000,         3086.4006417348,         2594.6630076289,         1833.7422375184,   9146499848.5155391693,      7481673.0540321646,       349847.9367095736,     24417845.0925763100,     24560738.8256123103
           94.8710310127,         7849.5000000000,         3119.7873090181,         2623.4953368001,         1855.2008077873,   9454805540.6741867065,      7644410.3409577999,       368096.4365604655,     24896062.4608240761,     25040431.0114156902
           94.8710310127,         7949.5000000000,         3153.1056302783,         2652.2769822308,         1876.6340746375,   9769402724.0803413391,      7808560.0379650136,       384745.3383878437,     25375168.7998943999,     25521507.4338258542
           94.8710310127,         8049.5000000000,         3186.3566026270,         2681.0086689702,         1898.0423856744,  10090338221.0923366547,      7974116.4046357460,       400135.2069030917,     25867753.2931154780,     26016662.5627736375
           94.8710310127,         8149.5000000000,         3219.5411964329,         2709.6911028229,         1919.4260794713,  10417658610.6602859497,      8141073.7952163005,       414607.8262740768,     26385770.3298667781,     26537950.4013403542
           94.8710310127,         8249.5000000000,         3252.6603563574,         2738.3249710897,         1940.7854859112,  10751410232.5924263000,      8309426.6559087504,       428478.5274119137,     26940749.8806347214,     27096998.3143757880
           94.8710310127,         8349.5000000000,         3285.7150023392,         2766.9109432710,         1962.1209265133,  11091639191.6953067780,      8479169.5222719293,       442013.6858458641,     27544071.5103726685,     27705285.3259872198
           94.8710310127,         8449.5000000000,         3318.7060305295,         2795.4496717352,         1983.4327147418,  11438391361.7931747437,      8650297.0167262275,       455412.1540794743,     28207282.1972735561,     28374462.7188569643
           94.8710310127,         8549.5000000000,         3351.6343141809,         2823.9417923544,         2004.7211563015,  11791712389.6313209534,      8822803.8461569268,       468789.5204113640,     28942416.8816334568,     29116675.4861182459
           94.8710310127,         8649.5000000000,         3384.5007044935,         2852.3879251101,         2025.9865494176,  12151647698.6682205200,      8996684.7996109910,       482165.2283958692,     29762294.0597891845,     29944859.5567872860
           94.8710310127,         8749.5000000000,         3417.3060314200,         2880.7886746685,         2047.2291851036,  12518242492.7607517242,      9171934.7460827306,       495452.7121310594,     30680739.5392680541,     30872963.7248074673
           94.8710310127,         8849.5000000000,         3450.0511044327,         2909.1446309302,         2068.4493474155,  12891541759.7468509674,      9348548.6323838290,       508454.9776048278,     31712676.1040621437,     31916034.6237990297
           94.8710310127,         8949.5000000000,         3482.7367132546,         2937.4563695530,         2089.6473136956,  13271590274.9294757843,      9526521.4810936619,       520868.2229767550,     32873959.3695958182,     33090043.5766140856
           94.8710310127,         9049.5000000000,         3515.3636285562,         2965.7244524511,         2110.8233548036,  13658432604.4657497406,      9705848.3885859810,       532299.3779425549,     34180816.5064275041,     34411311.5875459611
           94.8710310127,         9149.5000000000,         3547.9326026206,         2993.9494282714,         2131.9777353389,  14052113108.6648635864,      9886524.5231283363,       542304.2545787629,     35648675.6544993371,     35895317.1875057518
           94.8710310127,         9249.5000000000,         3580.4443699780,         3022.1318328484,         2153.1107138513,  14452675945.1981811523,     10068545.1230507474,       550454.9629982958,     37290177.1317437887,     37554673.9383101091
           94.8710310127,         9349.5000000000,         3612.8996480122,         3050.2721896384,         2174.2225430437,  14860165072.2248153687,     10251905.4949803930,       556442.9947182931,     39112165.6873906553,     39396087.8632175475
           94.8710310127,         9449.5000000000,         3645.2991375397,         3078.3710101347,         2195.3134699653,  15274624251.4358062744,     10436601.0121392701,       560219.2166984985,     41111721.1678382009,     41416345.5428025648
           94.8710310127,         9549.5000000000,         3677.6435233636,         3106.4287942647,         2216.3837361966,  15696097051.0198364258,     10622627.1127019078,       562156.8886839350,     43271660.6668914333,     43597782.1836329401
           94.8710310127,         9649.5000000000,         3709.9334748030,         3134.4460307700,         2237.4335780265,  16124626848.5533123016,     10809979.2982104309,       563203.0057911857,     45556587.5285811052,     45904323.4437523931
           94.8710310127,         9749.5000000000,         3742.1696462000,         3162.4231975696,         2258.4632266214,  16560256833.8175849915,     10998653.1320443563,       564960.5503873801,     47911186.5339782014,     48279805.2693637758
           94.8710310127,         9849.5000000000,         3774.3526774049,         3190.3607621079,         2279.4729081883,  17003030011.5457496643,     11188644.2379427403,       569635.7730972883,     50262581.3418253735,     50650425.3637776747
           94.8710310127,         9949.5000000000,         3806.4831942411,         3218.2591816889,         2300.4628441299,  17452989204.1015930176,     11379948.2985763457,       579810.2135804156,     52527774.8474035189,     52932310.5675588325
           94.8710310127,        10000.0000000000,         3822.6914935586,         3232.3347532984,         2311.0561362638,  17682660850.5997810364,     11477000.0000000000,       587478.8559657109,     53621289.3529387414,     54033211.8808708116
