            2.7981375583,            2.0000000000,            3.0085696919,            2.0959170227,            1.0171900481,            4.8208195676,            7.1090248718,            0.0000000000,            0.0000000000,            0.0000000298
            2.7981375583,            3.0000000000,            4.2279314444,            2.9726730175,            1.4695540029,           13.7543491844,           14.0393097062,            0.0000000000,            0.0000000000,            0.0000000850
            2.7981375583,            4.0000000000,            5.3823371951,            3.8091830066,            1.9078916631,           28.9397074747,           22.7526342564,            0.0000000000,            0.0000000000,            0.0000001788
            2.7981375583,            5.0000000000,            6.4907282112,            4.6169862207,            2.3360863241,           51.5316866794,           33.0884733240,            0.0000000000,            0.0000000000,            0.0000003184
            2.7981375583,            6.0000000000,            7.5637778087,            5.4026258768,            2.7563677366,           82.5682928636,           44.9332059907,            0.0000000000,            0.0000000000,            0.0000005101
            2.7981375583,            7.0000000000,            8.6083020241,            6.1703007448,            3.1701806096,          123.0035425313,           58.2002530830,            0.0000000000,            0.0000000000,            0.0000007600
            2.7981375583,            8.0000000000,            9.6290120052,            6.9229244387,            3.5785354025,          173.7270306371,           72.8204465366,            0.0000000000,            0.0000000000,            0.0000010733
            2.7981375583,            9.0000000000,           10.6293479329,            7.6626316756,            3.9821774193,          235.5767760391,           88.7366701303,            0.0000000000,            0.0000000000,            0.0000014555
            2.7981375583,           10.0000000000,           11.6119257493,            8.3910504392,            4.3816783603,          309.3482170943,          105.9005904775,            0.0000000000,            0.0000000000,            0.0000019113
            2.7981375583,           11.0000000000,           12.5787975918,            9.1094611292,            4.7774901832,          395.8008142876,          124.2705267125,            0.0000000000,            0.0000000000,            0.0000024454
            2.7981375583,           12.0000000000,           13.5316136250,            9.8188957188,            5.1699788402,          495.6630731843,          143.8099908650,            0.0000000000,            0.0000000000,            0.0000030624
            2.7981375583,           13.0000000000,           14.4717277566,           10.5202026826,            5.5594464737,          609.6364751834,          164.4866475649,            0.0000000000,            0.0000000000,            0.0000037665
            2.7981375583,           14.0000000000,           15.4002695352,           11.2140912490,            5.9461466093,          738.3986248126,          186.2715486167,            0.0000000000,            0.0000000000,            0.0000045621
            2.7981375583,           15.0000000000,           16.3181947013,           11.9011625742,            6.3302948999,          882.6058179128,          209.1385548085,            0.0000000000,            0.0000000000,            0.0000054530
            2.7981375583,           16.0000000000,           17.2263217324,           12.5819323201,            6.7120769351,         1042.8951709470,          233.0638893957,            0.0000000000,            0.0000000000,            0.0000064433
            2.7981375583,           17.0000000000,           18.1253588987,           13.2568473963,            7.0916540522,         1219.8864106142,          258.0257867149,            0.0000000000,            0.0000000000,            0.0000075368
            2.7981375583,           18.0000000000,           19.0159247074,           13.9262986315,            7.4691677464,         1414.1833957413,          284.0042111278,            0.0000000000,            0.0000000000,            0.0000087373
            2.7981375583,           19.0000000000,           19.8985636291,           14.5906305342,            7.8447430794,         1626.3754248410,          310.9806290095,            0.0000000000,            0.0000000000,            0.0000100483
            2.7981375583,           20.0000000000,           20.7737583859,           15.2501489300,            8.2184913524,         1857.0383697088,          338.9378214480,            0.0000000000,            0.0000000000,            0.0000114734
            2.7981375583,           21.0000000000,           21.6419396881,           15.9051270211,            8.5905122328,         2106.7356661042,          367.8597286755,            0.0000000000,            0.0000000000,            0.0000130161
            2.7981375583,           22.0000000000,           22.5034940456,           16.5558102527,            8.9608954670,         2376.0191857514,          397.7313195727,            0.0000000000,            0.0000000000,            0.0000146798
            2.7981375583,           23.0000000000,           23.3587701034,           17.2024202657,            9.3297222732,         2665.4300088278,          428.5384812290,            0.0000000000,            0.0000000000,            0.0000164679
            2.7981375583,           24.0000000000,           24.2080838344,           17.8451581389,            9.6970664882,         2975.4991122845,          460.2679247252,            0.0000000000,            0.0000000000,            0.0000183836
            2.7981375583,           25.0000000000,           25.0517228331,           18.4842070733,           10.0629955172,         3306.7479864150,          492.9071041670,            0.0000000000,            0.0000000000,            0.0000204301
            2.7981375583,           26.0000000000,           25.8899498957,           19.1197346321,           10.4275711293,         3659.6891898180,          526.4441466432,            0.0000000000,            0.0000000000,            0.0000226107
            2.7981375583,           27.0000000000,           26.7230060286,           19.7518946253,           10.7908501271,         4034.8268511155,          560.8677912652,            0.0000000000,            0.0000000000,            0.0000249284
            2.7981375583,           28.0000000000,           27.5511129945,           20.3808287055,           11.1528849153,         4432.6571243791,          596.1673358120,            0.0000000000,            0.0000000000,            0.0000273864
            2.7981375583,           29.0000000000,           28.3744754797,           21.0066677282,           11.5137239859,         4853.6686040847,          632.3325897914,            0.0000000000,            0.0000000000,            0.0000299875
            2.7981375583,           30.0000000000,           29.1932829522,           21.6295329186,           11.8734123352,         5298.3427045016,          669.3538329480,            0.0000000000,            0.0000000000,            0.0000327349
            2.7981375583,           31.0000000000,           30.0077112620,           22.2495368769,           12.2319918241,         5767.1540076828,          707.2217784232,            0.0000000000,            0.0000000000,            0.0000356313
            2.7981375583,           32.0000000000,           30.8179240268,           22.8667844506,           12.5895014904,         6260.5705836088,          745.9275399108,            0.0000000000,            0.0000000000,            0.0000386798
            2.7981375583,           33.0000000000,           31.6240738380,           23.4813734933,           12.9459778213,         6779.0542855373,          785.4626022617,            0.0000000000,            0.0000000000,            0.0000418832
            2.7981375583,           34.0000000000,           32.4263033151,           24.0933955289,           13.3014549926,         7323.0610231903,          825.8187950817,            0.0000000000,            0.0000000000,            0.0000452442
            2.7981375583,           35.0000000000,           33.2247460311,           24.7029363350,           13.6559650785,         7893.0410160599,          866.9882689358,            0.0000000000,            0.0000000000,            0.0000487657
            2.7981375583,           36.0000000000,           34.0195273278,           25.3100764573,           14.0095382375,         8489.4390288205,          908.9634738363,            0.0000000000,            0.0000000000,            0.0000524505
            2.7981375583,           37.0000000000,           34.8107650376,           25.9148916651,           14.3622028764,         9112.6945905831,          951.7371397352,            0.0000000000,            0.0000000000,            0.0000563012
            2.7981375583,           38.0000000000,           35.5985701237,           26.5174533558,           14.7139857968,         9763.2421995189,          995.3022587860,            0.0000000000,            0.0000000000,            0.0000603204
            2.7981375583,           39.0000000000,           36.3830472505,           27.1178289155,           15.0649123257,        10441.5115141945,         1039.6520691709,            0.0000000000,            0.0000000000,            0.0000645110
            2.7981375583,           40.0000000000,           37.1642952936,           27.7160820413,           15.4150064324,        11147.9275328077,         1084.7800403185,            0.0000000000,            0.0000000000,            0.0000688755
            2.7981375583,           41.0000000000,           37.9424077962,           28.3122730303,           15.7642908331,        11882.9107613799,         1130.6798593604,            0.0000000000,            0.0000000000,            0.0000734164
            2.7981375583,           42.0000000000,           38.7174733795,           28.9064590397,           16.1127870857,        12646.8773718410,         1177.3454186948,            0.0000000000,            0.0000000000,            0.0000781365
            2.7981375583,           43.0000000000,           39.4895761130,           29.4986943206,           16.4605156749,        13440.2393508476,         1224.7708045425,            0.0000000000,            0.0000000000,            0.0000830381
            2.7981375583,           44.0000000000,           40.2587958478,           30.0890304304,           16.8074960891,        14263.4046400833,         1272.9502863941,            0.0000000000,            0.0000000000,            0.0000881239
            2.7981375583,           45.0000000000,           41.0252085203,           30.6775164246,           17.1537468907,        15116.7772687146,         1321.8783072604,            0.0000000000,            0.0000000000,            0.0000933963
            2.7981375583,           46.0000000000,           41.7888864255,           31.2641990305,           17.4992857797,        16000.7574786096,         1371.5494746490,            0.0000000000,            0.0000000000,            0.0000988578
            2.7981375583,           47.0000000000,           42.5498984679,           31.8491228066,           17.8441296514,        16915.7418428657,         1421.9585521968,            0.0000000000,            0.0000000001,            0.0001045109
            2.7981375583,           48.0000000000,           43.3083103887,           32.4323302866,           18.1882946493,        17862.1233781409,         1473.1004518991,            0.0000000000,            0.0000000001,            0.0001103580
            2.7981375583,           49.0000000000,           44.0641849738,           33.0138621123,           18.5317962139,        18840.2916512383,         1524.9702268799,            0.0000000000,            0.0000000001,            0.0001164014
            2.7981375583,           50.0000000000,           44.8175822444,           33.5937571537,           18.8746491266,        19850.6328803494,         1577.5630646566,            0.0000000000,            0.0000000001,            0.0001226436
            2.7981375583,           51.0000000000,           45.5685596313,           34.1720526210,           19.2168675507,        20893.5300313281,         1630.8742808546,            0.0000000000,            0.0000000001,            0.0001290870
            2.7981375583,           52.0000000000,           46.3171721356,           34.7487841662,           19.5584650686,        21969.3629093339,         1684.8993133352,            0.0000000000,            0.0000000001,            0.0001357338
            2.7981375583,           53.0000000000,           47.0634724756,           35.3239859769,           19.8994547168,        23078.5082461515,         1739.6337167001,            0.0000000000,            0.0000000001,            0.0001425865
            2.7981375583,           54.0000000000,           47.8075112233,           35.8976908631,           20.2398490171,        24221.3397834717,         1795.0731571436,            0.0000000000,            0.0000000001,            0.0001496473
            2.7981375583,           55.0000000000,           48.5493369299,           36.4699303373,           20.5796600066,        25398.2283523916,         1851.2134076229,            0.0000000000,            0.0000000001,            0.0001569185
            2.7981375583,           56.0000000000,           49.2889962412,           37.0407346882,           20.9188992648,        26609.5419493728,         1908.0503433223,            0.0000000000,            0.0000000001,            0.0001644024
            2.7981375583,           57.0000000000,           50.0265340057,           37.6101330492,           21.2575779385,        27855.6458088767,         1965.5799373881,            0.0000000000,            0.0000000001,            0.0001721013
            2.7981375583,           58.0000000000,           50.7619933737,           38.1781534622,           21.5957067657,        29136.9024728786,         2023.7982569139,            0.0000000000,            0.0000000002,            0.0001800173
            2.7981375583,           59.0000000000,           51.4954158899,           38.7448229364,           21.9332960974,        30453.6718574477,         2082.7014591566,            0.0000000000,            0.0000000002,            0.0001881527
            2.7981375583,           60.0000000000,           52.2268415794,           39.3101675032,           22.2703559174,        31806.3113165642,         2142.2857879674,            0.0000000000,            0.0000000002,            0.0001965098
            2.7981375583,           61.0000000000,           52.9563090275,           39.8742122674,           22.6068958617,        33195.1757033334,         2202.5475704211,            0.0000000000,            0.0000000002,            0.0002050906
            2.7981375583,           62.0000000000,           53.6838554543,           40.4369814546,           22.9429252359,        34620.6174287446,         2263.4832136304,            0.0000000000,            0.0000000002,            0.0002138975
            2.7981375583,           63.0000000000,           54.4095167841,           40.9984984559,           23.2784530318,        36082.9865181115,         2325.0892017315,            0.0000000000,            0.0000000002,            0.0002229325
            2.7981375583,           64.0000000000,           55.1333277106,           41.5587858692,           23.6134879424,        37582.6306653217,         2387.3620930298,            0.0000000000,            0.0000000003,            0.0002321978
            2.7981375583,           65.0000000000,           55.8553217574,           42.1178655383,           23.9480383771,        39119.8952850129,         2450.2985172943,            0.0000000000,            0.0000000003,            0.0002416956
            2.7981375583,           66.0000000000,           56.5755313349,           42.6757585891,           24.2821124744,        40695.1235627878,         2513.8951731914,            0.0000000000,            0.0000000003,            0.0002514279
            2.7981375583,           67.0000000000,           57.2939877935,           43.2324854637,           24.6157181149,        42308.6565035683,         2578.1488258483,            0.0000000000,            0.0000000003,            0.0002613968
            2.7981375583,           68.0000000000,           58.0107214737,           43.7880659526,           24.9488629334,        43960.8329781864,         2643.0563045378,            0.0000000000,            0.0000000004,            0.0002716045
            2.7981375583,           69.0000000000,           58.7257617528,           44.3425192245,           25.2815543299,        45651.9897683010,         2708.6145004769,            0.0000000000,            0.0000000004,            0.0002820531
            2.7981375583,           70.0000000000,           59.4391370892,           44.8958638546,           25.6137994798,        47382.4616097247,         2774.8203647320,            0.0000000000,            0.0000000004,            0.0002927445
            2.7981375583,           71.0000000000,           60.1508750637,           45.4481178512,           25.9456053443,        49152.5812342383,         2841.6709062235,            0.0000000001,            0.0000000004,            0.0003036809
            2.7981375583,           72.0000000000,           60.8610024184,           45.9992986811,           26.2769786797,        50962.6794099674,         2909.1631898254,            0.0000000001,            0.0000000005,            0.0003148643
            2.7981375583,           73.0000000000,           61.5695450939,           46.5494232925,           26.6079260459,        52813.0849803897,         2977.2943345512,            0.0000000001,            0.0000000005,            0.0003262967
            2.7981375583,           74.0000000000,           62.2765282635,           47.0985081378,           26.9384538147,        54704.1249020379,         3046.0615118248,            0.0000000001,            0.0000000006,            0.0003379802
            2.7981375583,           75.0000000000,           62.9819763662,           47.6465691942,           27.2685681781,        56636.1242809585,         3115.4619438276,            0.0000000001,            0.0000000006,            0.0003499168
            2.7981375583,           76.0000000000,           63.6859131378,           48.1936219843,           27.5982751552,        58609.4064079849,         3185.4929019203,            0.0000000001,            0.0000000006,            0.0003621084
            2.7981375583,           77.0000000000,           64.3883616396,           48.7396815938,           27.9275805995,        60624.2927928774,         3256.1517051334,            0.0000000001,            0.0000000007,            0.0003745571
            2.7981375583,           78.0000000000,           65.0893442865,           49.2847626902,           28.2564902057,        62681.1031973816,         3327.4357187234,            0.0000000001,            0.0000000007,            0.0003872648
            2.7981375583,           79.0000000000,           65.7888828729,           49.8288795391,           28.5850095155,        64780.1556672529,         3399.3423527910,            0.0000000001,            0.0000000008,            0.0004002335
            2.7981375583,           80.0000000000,           66.4869985979,           50.3720460205,           28.9131439241,        66921.7665632925,         3471.8690609566,            0.0000000001,            0.0000000008,            0.0004134651
            2.7981375583,           81.0000000000,           67.1837120882,           50.9142756435,           29.2408986855,        69106.2505914363,         3545.0133390927,            0.0000000001,            0.0000000009,            0.0004269616
            2.7981375583,           82.0000000000,           67.8790434209,           51.4555815610,           29.5682789182,        71333.9208319392,         3618.7727241069,            0.0000000001,            0.0000000010,            0.0004407249
            2.7981375583,           83.0000000000,           68.5730121447,           51.9959765833,           29.8952896100,        73605.0887676908,         3693.1447927753,            0.0000000001,            0.0000000010,            0.0004547570
            2.7981375583,           84.0000000000,           69.2656372994,           52.5354731908,           30.2219356230,        75920.0643116994,         3768.1271606228,            0.0000000001,            0.0000000011,            0.0004690597
            2.7981375583,           85.0000000000,           69.9569374359,           53.0740835465,           30.5482216983,        78279.1558337791,         3843.7174808475,            0.0000000001,            0.0000000012,            0.0004836350
            2.7981375583,           86.0000000000,           70.6469306335,           53.6118195077,           30.8741524604,        80682.6701864705,         3919.9134432874,            0.0000000001,            0.0000000012,            0.0004984848
            2.7981375583,           87.0000000000,           71.3356345179,           54.1486926372,           31.1997324212,        83130.9127302281,         3996.7127734272,            0.0000000002,            0.0000000013,            0.0005136109
            2.7981375583,           88.0000000000,           72.0230662774,           54.6847142138,           31.5249659842,        85624.1873579013,         4074.1132314436,            0.0000000002,            0.0000000014,            0.0005290153
            2.7981375583,           89.0000000000,           72.7092426785,           55.2198952423,           31.8498574481,        88162.7965185376,         4152.1126112859,            0.0000000002,            0.0000000015,            0.0005446997
            2.7981375583,           90.0000000000,           73.3941800810,           55.7542464635,           32.1744110107,        90747.0412405353,         4230.7087397917,            0.0000000002,            0.0000000016,            0.0005606661
            2.7981375583,           91.0000000000,           74.0778944522,           56.2877783632,           32.4986307724,        93377.2211541677,         4309.8994758355,            0.0000000002,            0.0000000017,            0.0005769163
            2.7981375583,           92.0000000000,           74.7604013806,           56.8205011809,           32.8225207390,        96053.6345135062,         4389.6827095077,            0.0000000002,            0.0000000018,            0.0005934522
            2.7981375583,           93.0000000000,           75.4417160889,           57.3524249184,           33.1460848254,        98776.5782177616,         4470.0563613243,            0.0000000002,            0.0000000019,            0.0006102755
            2.7981375583,           94.0000000000,           76.1218534463,           57.8835593478,           33.4693268585,       101546.3478320673,         4551.0183814642,            0.0000000002,            0.0000000020,            0.0006273882
            2.7981375583,           95.0000000000,           76.8008279805,           58.4139140187,           33.7922505799,       104363.2376077241,         4632.5667490340,            0.0000000003,            0.0000000021,            0.0006447920
            2.7981375583,           96.0000000000,           77.4786538892,           58.9434982663,           34.1148596491,       107227.5405019258,         4714.6994713585,            0.0000000003,            0.0000000022,            0.0006624887
            2.7981375583,           97.0000000000,           78.1553450504,           59.4723212179,           34.4371576454,       110139.5481969844,         4797.4145832956,            0.0000000003,            0.0000000024,            0.0006804802
            2.7981375583,           98.0000000000,           78.8309150334,           60.0003917997,           34.7591480714,       113099.5511190737,         4880.7101465750,            0.0000000003,            0.0000000025,            0.0006987682
            2.7981375583,           99.0000000000,           79.5053771087,           60.5277187434,           35.0808343547,       116107.8384565062,         4964.5842491595,            0.0000000003,            0.0000000026,            0.0007173545
            2.7981375583,          102.0000000000,           81.5211866218,           62.1046116986,           36.0438104040,       125474.7095569731,         5220.2301991536,            0.0000000004,            0.0000000031,            0.0007752265
            2.7981375583,          107.0000000000,           84.8616894934,           64.7198786451,           37.6434875787,       141997.5179377734,         5656.7456467722,            0.0000000005,            0.0000000040,            0.0008773108
            2.7981375583,          112.0000000000,           88.1771639854,           67.3183130318,           39.2362530500,       159791.1007646481,         6107.3230620581,            0.0000000006,            0.0000000051,            0.0009872465
            2.7981375583,          117.0000000000,           91.4689038413,           69.9007683333,           40.8224435992,       178889.9160636750,         6571.7572237464,            0.0000000008,            0.0000000064,            0.0011052466
            2.7981375583,          122.0000000000,           94.7380835766,           72.4680201606,           42.4023659073,       199327.7897111234,         7049.8546885383,            0.0000000010,            0.0000000080,            0.0012315201
            2.7981375583,          127.0000000000,           97.9857739009,           75.0207762643,           43.9763003689,       221137.9533697881,         7541.4326525285,            0.0000000012,            0.0000000099,            0.0013662725
            2.7981375583,          132.0000000000,          101.2129546147,           77.5596849092,           45.5445042930,       244353.0786948340,         8046.3179638833,            0.0000000014,            0.0000000121,            0.0015097055
            2.7981375583,          137.0000000000,          104.4205254776,           80.0853419376,           47.1072146054,       269005.3083079236,         8564.3462616240,            0.0000000018,            0.0000000147,            0.0016620179
            2.7981375583,          142.0000000000,          107.6093154268,           82.5982967656,           48.6646501500,       295126.2839553814,         9095.3612203251,            0.0000000021,            0.0000000178,            0.0018234052
            2.7981375583,          147.0000000000,          110.7800904476,           85.0990575079,           50.2170136560,       322747.1721994811,         9639.2138843811,            0.0000000026,            0.0000000214,            0.0019940599
            2.7981375583,          152.0000000000,          113.9335603307,           87.5880953809,           51.7644934330,       351898.6879379219,        10195.7620784926,            0.0000000031,            0.0000000256,            0.0021741720
            2.7981375583,          157.0000000000,          117.0703845062,           90.0658485067,           53.3072648371,       382611.1160024592,        10764.8698833939,            0.0000000036,            0.0000000304,            0.0023639286
            2.7981375583,          162.0000000000,          120.1911771055,           92.5327252175,           54.8454915464,       414914.3310513715,        11346.4071677272,            0.0000000043,            0.0000000359,            0.0025635145
            2.7981375583,          167.0000000000,          123.2965113736,           94.9891069370,           56.3793266746,       448837.8159403945,        11940.2491684837,            0.0000000050,            0.0000000422,            0.0027731116
            2.7981375583,          172.0000000000,          126.3869235326,           97.4353507056,           57.9089137495,       484410.6787317116,        12546.2761136515,            0.0000000059,            0.0000000493,            0.0029929001
            2.7981375583,          177.0000000000,          129.4629161791,           99.8717914029,           59.4343875736,       521661.6684795801,        13164.3728817074,            0.0000000068,            0.0000000574,            0.0032230576
            2.7981375583,          182.0000000000,          132.5249612813,          102.2987437090,           60.9558749868,       560619.1899134675,        13794.4286934054,            0.0000000079,            0.0000000666,            0.0034637600
            2.7981375583,          187.0000000000,          135.5735028358,          104.7165038447,           62.4734955418,       601311.3171245632,        14436.3368319856,            0.0000000092,            0.0000000768,            0.0037151802
            2.7981375583,          192.0000000000,          138.6089592274,          107.1253511184,           63.9873621068,       643765.8063487383,        15089.9943884848,            0.0000000105,            0.0000000884,            0.0039774903
            2.7981375583,          197.0000000000,          141.6317253347,          109.5255493065,           65.4975814036,       688010.1079280872,        15755.3020292968,            0.0000000121,            0.0000001013,            0.0042508602
            2.7981375583,          202.0000000000,          144.6421744137,          111.9173478893,           67.0042544896,       734071.3775237866,        16432.1637835155,            0.0000000138,            0.0000001157,            0.0045354574
            2.7981375583,          207.0000000000,          147.6406597862,          114.3009831602,           68.5074771912,       781976.4866448736,        17120.4868479274,            0.0000000157,            0.0000001317,            0.0048314481
            2.7981375583,          212.0000000000,          150.6275163607,          116.6766792242,           70.0073404946,       831752.0325505312,        17820.1814077905,            0.0000000179,            0.0000001495,            0.0051389970
            2.7981375583,          217.0000000000,          153.6030620025,          119.0446488991,           71.5039308983,       883424.3475773393,        18531.1604717797,            0.0000000202,            0.0000001692,            0.0054582665
            2.7981375583,          222.0000000000,          156.5675987738,          121.4050945306,           72.9973307330,       937019.5079376142,        19253.3397196724,            0.0000000228,            0.0000001909,            0.0057894184
            2.7981375583,          227.0000000000,          159.5214140570,          123.7582087317,           74.4876184515,       992563.3420302924,        19986.6373615255,            0.0000000256,            0.0000002149,            0.0061326122
            2.7981375583,          232.0000000000,          162.4647815757,          126.1041750549,           75.9748688931,      1050081.4383016946,        20730.9740072407,            0.0000000288,            0.0000002412,            0.0064880062
            2.7981375583,          237.0000000000,          165.3979623237,          128.4431686042,           77.4591535239,      1109599.1526899002,        21486.2725455411,            0.0000000322,            0.0000002701,            0.0068557572
            2.7981375583,          242.0000000000,          168.3212054128,          130.7753565942,           78.9405406569,      1171141.6156832613,        22252.4580314961,            0.0000000360,            0.0000003018,            0.0072360208
            2.7981375583,          247.0000000000,          171.2347488482,          133.1008988603,           80.4190956536,      1234733.7390207467,        23029.4575818241,            0.0000000401,            0.0000003364,            0.0076289510
            2.7981375583,          252.0000000000,          174.1388202379,          135.4199483281,           81.8948811082,      1300400.2220592932,        23817.2002772884,            0.0000000447,            0.0000003741,            0.0080347005
            2.7981375583,          257.0000000000,          177.0336374441,          137.7326514423,           83.3679570180,      1368165.5578311048,        24615.6170715716,            0.0000000496,            0.0000004152,            0.0084534211
            2.7981375583,          262.0000000000,          179.9194091820,          140.0391485623,           84.8383809388,      1438054.0388118275,        25424.6407060827,            0.0000000549,            0.0000004600,            0.0088852626
            2.7981375583,          267.0000000000,          182.7963355706,          142.3395743267,           86.3062081295,      1510089.7624187390,        26244.2056302014,            0.0000000607,            0.0000005085,            0.0093303749
            2.7981375583,          272.0000000000,          185.6646086409,          144.6340579885,           87.7714916848,      1584296.6362564911,        27074.2479265185,            0.0000000670,            0.0000005611,            0.0097889055
            2.7981375583,          277.0000000000,          188.5244128059,          146.9227237257,           89.2342826582,      1660698.3831264912,        27914.7052406711,            0.0000000738,            0.0000006181,            0.0102610015
            2.7981375583,          282.0000000000,          191.3759252941,          149.2056909289,           90.6946301759,      1739318.5458147093,        28765.5167154131,            0.0000000811,            0.0000006796,            0.0107468085
            2.7981375583,          287.0000000000,          194.2193165519,          151.4830744669,           92.1525815425,      1820180.4916715245,        29626.6229285939,            0.0000000891,            0.0000007461,            0.0112464708
            2.7981375583,          292.0000000000,          197.0547506168,          153.7549849339,           93.6081823390,      1903307.4169961580,        30497.9658347484,            0.0000000976,            0.0000008177,            0.0117601326
            2.7981375583,          297.0000000000,          199.8823854638,          156.0215288790,           95.0614765140,      1988722.3512372822,        31379.4887100307,            0.0000001068,            0.0000008948,            0.0122879363
            2.7981375583,          302.0000000000,          202.7023733276,          158.2828090200,           96.5125064687,      2076448.1610205267,        32271.1361002457,            0.0000001167,            0.0000009777,            0.0128300230
            2.7981375583,          307.0000000000,          205.5148610028,          160.5389244415,           97.9613131363,      2166507.5540127861,        33172.8537717559,            0.0000001273,            0.0000010667,            0.0133865344
            2.7981375583,          312.0000000000,          208.3199901235,          162.7899707813,           99.4079360555,      2258923.0826325440,        34084.5886650602,            0.0000001387,            0.0000011622,            0.0139576100
            2.7981375583,          317.0000000000,          211.1178974248,          165.0360404031,          100.8524134397,      2353717.1476147398,        35006.2888508572,            0.0000001509,            0.0000012645,            0.0145433874
            2.7981375583,          322.0000000000,          213.9087149861,          167.2772225586,          102.2947822420,      2450912.0014381232,        35937.9034884250,            0.0000001640,            0.0000013740,            0.0151440056
            2.7981375583,          327.0000000000,          216.6925704601,          169.5136035387,          103.7350782151,      2550529.7516224687,        36879.3827861585,            0.0000001780,            0.0000014911,            0.0157596009
            2.7981375583,          332.0000000000,          219.4695872864,          171.7452668160,          105.1733359686,      2652592.3639025418,        37830.6779641231,            0.0000001929,            0.0000016162,            0.0163903093
            2.7981375583,          337.0000000000,          222.2398848913,          173.9722931775,          106.6095890216,      2757121.6652852381,        38791.7412184912,            0.0000002088,            0.0000017496,            0.0170362671
            2.7981375583,          342.0000000000,          225.0035788764,          176.1947608495,          108.0438698534,      2864139.3469958557,        39762.5256877413,            0.0000002258,            0.0000018918,            0.0176976089
            2.7981375583,          347.0000000000,          227.7607811950,          178.4127456154,          109.4762099500,      2973666.9673191523,        40742.9854205068,            0.0000002439,            0.0000020433,            0.0183744671
            2.7981375583,          352.0000000000,          230.5116003183,          180.6263209255,          110.9066398485,      3085725.9543403694,        41733.0753449715,            0.0000002632,            0.0000022045,            0.0190669750
            2.7981375583,          357.0000000000,          233.2561413910,          182.8355580014,          112.3351891786,      3200337.6085911794,        42732.7512397176,            0.0000002836,            0.0000023758,            0.0197752638
            2.7981375583,          362.0000000000,          235.9945063792,          185.0405259337,          113.7618867023,      3317523.1056051245,        43741.9697059350,            0.0000003053,            0.0000025579,            0.0204994670
            2.7981375583,          367.0000000000,          238.7267942085,          187.2412917740,          115.1867603507,      3437303.4983868799,        44760.6881409138,            0.0000003284,            0.0000027511,            0.0212397133
            2.7981375583,          372.0000000000,          241.4531008949,          189.4379206227,          116.6098372586,      3559699.7197993817,        45788.8647127408,            0.0000003528,            0.0000029559,            0.0219961337
            2.7981375583,          377.0000000000,          244.1735196686,          191.6304757105,          118.0311437985,      3684732.5848726509,        46826.4583361319,            0.0000003788,            0.0000031730,            0.0227688584
            2.7981375583,          382.0000000000,          246.8881410902,          193.8190184767,          119.4507056108,      3812422.7930378742,        47873.4286493341,            0.0000004062,            0.0000034027,            0.0235580124
            2.7981375583,          387.0000000000,          249.5970531616,          196.0036086425,          120.8685476344,      3942790.9302901328,        48929.7359920365,            0.0000004352,            0.0000036460,            0.0243637253
            2.7981375583,          392.0000000000,          252.3003414299,          198.1843042804,          122.2846941340,      4075857.4712829627,        49995.3413842335,            0.0000004659,            0.0000039030,            0.0251861258
            2.7981375583,          397.0000000000,          254.9980890866,          200.3611618807,          123.6991687270,      4211642.7813577335,        51070.2065059879,            0.0000004983,            0.0000041745,            0.0260253370
            2.7981375583,          402.0000000000,          257.6903770612,          202.5342364134,          125.1119944087,      4350167.1185106868,        52154.2936780439,            0.0000005325,            0.0000044613,            0.0268814880
            2.7981375583,          407.0000000000,          260.3772841100,          204.7035813878,          126.5231935760,      4491450.6353003038,        53247.5658432455,            0.0000005686,            0.0000047638,            0.0277547027
            2.7981375583,          412.0000000000,          263.0588869004,          206.8692489089,          127.9327880504,      4635513.3806975428,        54349.9865487155,            0.0000006067,            0.0000050828,            0.0286451049
            2.7981375583,          417.0000000000,          265.7352600913,          209.0312897304,          129.3407990997,      4782375.3018813133,        55461.5199287566,            0.0000006468,            0.0000054188,            0.0295528188
            2.7981375583,          422.0000000000,          268.4064764084,          211.1897533061,          130.7472474578,      4932056.2459814772,        56582.1306884364,            0.0000006891,            0.0000057727,            0.0304779694
            2.7981375583,          427.0000000000,          271.0726067176,          213.3446878375,          132.1521533452,      5084575.9617715012,        57711.7840878211,            0.0000007335,            0.0000061451,            0.0314206774
            2.7981375583,          432.0000000000,          273.7337200927,          215.4961403205,          133.5555364870,      5239954.1013128068,        58850.4459268248,            0.0000007802,            0.0000065367,            0.0323810666
            2.7981375583,          437.0000000000,          276.3898838817,          217.6441565886,          134.9574161306,      5398210.2215527240,        59998.0825306439,            0.0000008294,            0.0000069484,            0.0333592570
            2.7981375583,          442.0000000000,          279.0411637690,          219.7887813551,          136.3578110631,      5559363.7858779123,        61154.6607357474,            0.0000008810,            0.0000073809,            0.0343553699
            2.7981375583,          447.0000000000,          281.6876238343,          221.9300582522,          137.7567396267,      5723434.1656249436,        62320.1478763954,            0.0000009352,            0.0000078350,            0.0353695273
            2.7981375583,          452.0000000000,          284.3293266101,          224.0680298697,          139.1542197346,      5890440.6415497372,        63494.5117716611,            0.0000009921,            0.0000083115,            0.0364018485
            2.7981375583,          457.0000000000,          286.9663331351,          226.2027377904,          140.5502688857,      6060402.4052573862,        64677.7207129308,            0.0000010518,            0.0000088112,            0.0374524519
            2.7981375583,          462.0000000000,          289.5987030064,          228.3342226252,          141.9449041781,      6233338.5605938779,        65869.7434518602,            0.0000011143,            0.0000093352,            0.0385214563
            2.7981375583,          467.0000000000,          292.2264944280,          230.4625240459,          143.3381423230,      6409268.1250011399,        67070.5491887662,            0.0000011798,            0.0000098840,            0.0396089819
            2.7981375583,          472.0000000000,          294.8497642588,          232.5876808168,          144.7299996573,      6588210.0308367470,        68280.1075614314,            0.0000012484,            0.0000104587,            0.0407151461
            2.7981375583,          477.0000000000,          297.4685680570,          234.7097308246,          146.1204921560,      6770183.1266595777,        69498.3886343054,            0.0000013203,            0.0000110604,            0.0418400646
            2.7981375583,          482.0000000000,          300.0829601234,          236.8287111075,          147.5096354438,      6955206.1784826834,        70725.3628880831,            0.0000013953,            0.0000116897,            0.0429838559
            2.7981375583,          487.0000000000,          302.6929935425,          238.9446578827,          148.8974448061,      7143297.8709944766,        71961.0012096433,            0.0000014739,            0.0000123480,            0.0441466370
            2.7981375583,          492.0000000000,          305.2987202219,          241.0576065731,          150.2839352005,      7334476.8087494355,        73205.2748823318,            0.0000015560,            0.0000130358,            0.0453285222
            2.7981375583,          497.0000000000,          307.9001909303,          243.1675918320,          151.6691212662,      7528761.5173293231,        74458.1555765734,            0.0000016418,            0.0000137545,            0.0465296290
            2.7981375583,          504.5000000000,          311.7940086815,          246.3267272683,          153.7443273863,      7826446.2028363254,        76354.6209667374,            0.0000017781,            0.0000148968,            0.0483700148
            2.7981375583,          514.5000000000,          316.9720250635,          250.5293342767,          156.5070498822,      8233880.1165031958,        78911.6785681043,            0.0000019734,            0.0000165323,            0.0508889831
            2.7981375583,          524.5000000000,          322.1338773234,          254.7206747874,          159.2648034543,      8654066.6741449796,        81502.6730494654,            0.0000021856,            0.0000183105,            0.0534868883
            2.7981375583,          534.5000000000,          327.2799227312,          258.9009929933,          162.0176915404,      9087150.4765258096,        84127.3948808295,            0.0000024160,            0.0000202409,            0.0561646359
            2.7981375583,          544.5000000000,          332.4105041313,          263.0705233294,          164.7658135312,      9533274.9864864945,        86785.6397477938,            0.0000026658,            0.0000223333,            0.0589231185
            2.7981375583,          554.5000000000,          337.5259507788,          267.2294910343,          167.5092649996,      9992582.5589477010,        89477.2083276831,            0.0000029362,            0.0000245981,            0.0617632310
            2.7981375583,          564.5000000000,          342.6265791136,          271.3781126704,          170.2481379140,     10465214.4695872851,        92201.9060791886,            0.0000032283,            0.0000270456,            0.0646858527
            2.7981375583,          574.5000000000,          347.7126934770,          275.5165966055,          172.9825208357,     10951310.9422731437,        94959.5430444646,            0.0000035436,            0.0000296872,            0.0676918634
            2.7981375583,          584.5000000000,          352.7845867763,          279.6451434602,          175.7124991015,     11451011.1753265392,        97749.9336627406,            0.0000038835,            0.0000325346,            0.0707821362
            2.7981375583,          594.5000000000,          357.8425411031,          283.7639465236,          178.4381549952,     11964453.3666853067,       100572.8965945922,            0.0000042493,            0.0000355997,            0.0739575349
            2.7981375583,          604.5000000000,          362.8868283072,          287.8731921395,          181.1595679057,     12491774.7380309366,       103428.2545560906,            0.0000046427,            0.0000388950,            0.0772189228
            2.7981375583,          614.5000000000,          367.9177105318,          291.9730600672,          183.8768144753,     13033111.5579388626,       106315.8341621198,            0.0000050651,            0.0000424338,            0.0805671505
            2.7981375583,          624.5000000000,          372.9354407122,          296.0637238169,          186.5899687376,     13588599.1641069986,       109235.4657782148,            0.0000055181,            0.0000462296,            0.0840030735
            2.7981375583,          634.5000000000,          377.9402630414,          300.1453509642,          189.2991022469,     14158371.9847135693,       112186.9833803246,            0.0000060036,            0.0000502963,            0.0875275348
            2.7981375583,          644.5000000000,          382.9324134054,          304.2181034424,          192.0042841989,     14742563.5589517094,       115170.2244219601,            0.0000065231,            0.0000546486,            0.0911413740
            2.7981375583,          654.5000000000,          387.9121197895,          308.2821378179,          194.7055815439,     15341306.5567849632,       118185.0297082269,            0.0000070785,            0.0000593019,            0.0948454238
            2.7981375583,          664.5000000000,          392.8796026603,          312.3376055466,          197.4030590926,     15954732.7979649361,       121231.2432762868,            0.0000076717,            0.0000642718,            0.0986405182
            2.7981375583,          674.5000000000,          397.8350753225,          316.3846532157,          200.0967796158,     16582973.2703493927,       124308.7122818267,            0.0000083047,            0.0000695742,            0.1025274819
            2.7981375583,          684.5000000000,          402.7787442544,          320.4234227695,          202.7868039378,     17226158.1475566775,       127417.2868911494,            0.0000089794,            0.0000752265,            0.1065071367
            2.7981375583,          694.5000000000,          407.7108094225,          324.4540517223,          205.4731910248,     17884416.8059899807,       130556.8201785279,            0.0000096979,            0.0000812462,            0.1105803059
            2.7981375583,          704.5000000000,          412.6314645781,          328.4766733585,          208.1559980665,     18557877.8412627801,       133727.1680284946,            0.0000104623,            0.0000876504,            0.1147477871
            2.7981375583,          714.5000000000,          417.5408975356,          332.4914169206,          210.8352805553,     19246669.0840548277,       136928.1890427614,            0.0000112750,            0.0000944588,            0.1190104003
            2.7981375583,          724.5000000000,          422.4392904347,          336.4984077869,          213.5110923589,     19950917.6154261902,       140159.7444514885,            0.0000121382,            0.0001016906,            0.1233689481
            2.7981375583,          734.5000000000,          427.3268199883,          340.4977676387,          216.1834857900,     20670749.7816152126,       143421.6980286421,            0.0000130542,            0.0001093647,            0.1278242341
            2.7981375583,          744.5000000000,          432.2036577152,          344.4896146177,          218.8525116715,     21406291.2083446495,       146713.9160111979,            0.0000140255,            0.0001175026,            0.1323770481
            2.7981375583,          754.5000000000,          437.0699701608,          348.4740634758,          221.5182193985,     22157666.8146587200,       150036.2670219675,            0.0000150548,            0.0001261256,            0.1370281955
            2.7981375583,          764.5000000000,          441.9259191052,          352.4512257153,          224.1806569969,     22925000.8263126016,       153388.6219958383,            0.0000161445,            0.0001352546,            0.1417784499
            2.7981375583,          774.5000000000,          446.7716617602,          356.4212097226,          226.8398711786,     23708416.7887345962,       156770.8541092330,            0.0000172973,            0.0001449130,            0.1466286125
            2.7981375583,          784.5000000000,          451.6073509551,          360.3841208945,          229.4959073939,     24508037.5795799084,       160182.8387126088,            0.0000185161,            0.0001551242,            0.1515794568
            2.7981375583,          794.5000000000,          456.4331353136,          364.3400617569,          232.1488098814,     25323985.4208940752,       163624.4532658281,            0.0000198037,            0.0001659109,            0.1566317681
            2.7981375583,          804.5000000000,          461.2491594208,          368.2891320793,          234.7986217151,     26156381.8909029700,       167095.5772762418,            0.0000211630,            0.0001772991,            0.1617863204
            2.7981375583,          814.5000000000,          466.0555639818,          372.2314289811,          237.4453848489,     27005347.9354453981,       170596.0922393430,            0.0000225971,            0.0001893140,            0.1670438769
            2.7981375583,          824.5000000000,          470.8524859719,          376.1670470344,          240.0891401595,     27871003.8790633976,       174125.8815818488,            0.0000241090,            0.0002019806,            0.1724052241
            2.7981375583,          834.5000000000,          475.6400587799,          380.0960783607,          242.7299274866,     28753469.4357645623,       177684.8306070876,            0.0000257021,            0.0002153273,            0.1778711291
            2.7981375583,          844.5000000000,          480.4184123435,          384.0186127226,          245.3677856712,     29652863.7194700353,       181272.8264425675,            0.0000273796,            0.0002293808,            0.1834423350
            2.7981375583,          854.5000000000,          485.1876732782,          387.9347376121,          248.0027525923,     30569305.2541608103,       184889.7579896171,            0.0000291448,            0.0002441694,            0.1891196313
            2.7981375583,          864.5000000000,          489.9479650009,          391.8445383332,          250.6348652017,     31502911.9837346785,       188535.5158749917,            0.0000310013,            0.0002597232,            0.1949037440
            2.7981375583,          874.5000000000,          494.6994078457,          395.7480980820,          253.2641595573,     32453801.2815853134,       192209.9924043460,            0.0000329526,            0.0002760712,            0.2007954548
            2.7981375583,          884.5000000000,          499.4421191760,          399.6454980214,          255.8906708543,     33422089.9599143751,       195913.0815174822,            0.0000350024,            0.0002932444,            0.2067955168
            2.7981375583,          894.5000000000,          504.1762134903,          403.5368173542,          258.5144334556,     34407894.2787871957,       199644.6787452849,            0.0000371547,            0.0003112759,            0.2129046593
            2.7981375583,          904.5000000000,          508.9018025234,          407.4221333910,          261.1354809206,     35411329.9549416974,       203404.6811682618,            0.0000394129,            0.0003301952,            0.2191236474
            2.7981375583,          914.5000000000,          513.6189953428,          411.3015216162,          263.7538460327,     36432512.1703601107,       207192.9873766127,            0.0000417815,            0.0003500387,            0.2254532269
            2.7981375583,          924.5000000000,          518.3278984409,          415.1750557506,          266.3695608253,     37471555.5806124732,       211009.4974317551,            0.0000442642,            0.0003708389,            0.2318941331
            2.7981375583,          934.5000000000,          523.0286158230,          419.0428078111,          268.9826566071,     38528574.3229801208,       214854.1128292366,            0.0000468653,            0.0003926308,            0.2384471158
            2.7981375583,          944.5000000000,          527.7212490915,          422.9048481681,          271.5931639860,     39603682.0243677273,       218726.7364629715,            0.0000495892,            0.0004154516,            0.2451128989
            2.7981375583,          954.5000000000,          532.4058975260,          426.7612455998,          274.2011128920,     40696991.8090110868,       222627.2725907390,            0.0000524401,            0.0004393363,            0.2518922309
            2.7981375583,          964.5000000000,          537.0826581602,          430.6120673450,          276.8065325993,     41808616.3059885651,       226555.6268008874,            0.0000554227,            0.0004643240,            0.2587858337
            2.7981375583,          974.5000000000,          541.7516258555,          434.4573791526,          279.4094517469,     42938667.6565426737,       230511.7059801887,            0.0000585415,            0.0004904536,            0.2657944579
            2.7981375583,          984.5000000000,          546.4128933716,          438.2972453301,          282.0098983595,     44087257.5212188810,       234495.4182827927,            0.0000618012,            0.0005177631,            0.2729188223
            2.7981375583,          994.5000000000,          551.0665514336,          442.1317287891,          284.6078998660,     45254497.0868279189,       238506.6731002331,            0.0000652067,            0.0005462951,            0.2801596626
            2.7981375583,         1024.5000000000,          564.9754809757,          453.5983475339,          292.3851584039,     48888308.6487783343,       250731.9966251299,            0.0000765146,            0.0006410321,            0.3027076013
            2.7981375583,         1074.5000000000,          588.0252651013,          472.6160678391,          305.3047747733,     55296624.2119853273,       271604.5338269369,            0.0000985138,            0.0008253424,            0.3424889592
            2.7981375583,         1124.5000000000,          610.9030710376,          491.5118955784,          318.1688026399,     62195662.1440199539,       293146.6009863286,            0.0001253905,            0.0010505179,            0.3853437936
            2.7981375583,         1174.5000000000,          633.6177531248,          510.2919865474,          330.9799398218,     69598673.5663000345,       315348.4666190117,            0.0001579356,            0.0013231846,            0.4313606608
            2.7981375583,         1224.5000000000,          656.1773528220,          528.9619370805,          343.7406439337,     77518667.4655292928,       338200.9555766667,            0.0001970254,            0.0016506853,            0.4806273963
            2.7981375583,         1274.5000000000,          678.5892034627,          547.5268556634,          356.4531627158,     85968425.1694299281,       361695.3954661962,            0.0002436265,            0.0020411192,            0.5332311562
            2.7981375583,         1324.5000000000,          700.8600179298,          565.9914229272,          369.1195594926,     94960513.4041801691,       385823.5701613959,            0.0002988010,            0.0025033846,            0.5892585692
            2.7981375583,         1374.5000000000,          722.9959625749,          584.3599422774,          381.7417346974,    104507296.1225207001,       410577.6792318813,            0.0003637118,            0.0030472272,            0.6487958964
            2.7981375583,         1424.5000000000,          745.0027199626,          602.6363829071,          394.3214441921,    114620945.2601503432,       435950.3023451190,            0.0004396271,            0.0036832726,            0.7119290826
            2.7981375583,         1474.5000000000,          766.8855424620,          620.8244165683,          406.8603149552,    125313450.5528342277,       461934.3678763793,            0.0005279265,            0.0044230806,            0.7787439016
            2.7981375583,         1524.5000000000,          788.6492982865,          638.9274491867,          419.3598585931,    136596628.5262242258,       488523.1251014764,            0.0006301062,            0.0052791890,            0.8493259960
            2.7981375583,         1574.5000000000,          810.2985112574,          656.9486481902,          431.8214830374,    148482130.7536982298,       515710.1194577520,            0.0007477836,            0.0062651497,            0.9237610364
            2.7981375583,         1624.5000000000,          831.8373953211,          674.8909662485,          444.2465027228,    160981451.4637895823,       543489.1704468624,            0.0008827034,            0.0073955841,            1.0021348418
            2.7981375583,         1674.5000000000,          853.2698846507,          692.7571619928,          456.6361474824,    174105934.5673902929,       571854.3518236526,            0.0010367426,            0.0086862197,            1.0845333429
            2.7981375583,         1724.5000000000,          874.5996600122,          710.5498181765,          468.9915703571,    187866780.1654185951,       600799.9737726204,            0.0012119170,            0.0101539500,            1.1710427708
            2.7981375583,         1774.5000000000,          895.8301719544,          728.2713576597,          481.3138544778,    202275050.5896737278,       630320.5668200664,            0.0014103858,            0.0118168680,            1.2617497800
            2.7981375583,         1824.5000000000,          916.9646612826,          745.9240575312,          493.6040191546,    217341676.0228823423,       660410.8672682336,            0.0016344574,            0.0136943186,            1.3567413643
            2.7981375583,         1874.5000000000,          938.0061772019,          763.5100616311,          505.8630252828,    233077459.7382415533,       691065.8039692447,            0.0018865953,            0.0158069471,            1.4561051280
            2.7981375583,         1924.5000000000,          958.9575934474,          781.0313916916,          518.0917801596,    249493082.9939058423,       722280.4862827854,            0.0021694241,            0.0181767480,            1.5599292104
            2.7981375583,         1974.5000000000,          979.8216226751,          798.4899572816,          530.2911417883,    266599109.6137117445,       754050.1930832802,            0.0024857346,            0.0208271107,            1.6683024748
            2.7981375583,         2024.5000000000,         1000.6008293362,          815.8875647104,          542.4619227367,    284405990.2818543911,       786370.3627005788,            0.0028384901,            0.0237828684,            1.7813144602
            2.7981375583,         2074.5000000000,         1021.2976412315,          833.2259250217,          554.6048936056,    302924066.5761470199,       819236.5836935688,            0.0032308324,            0.0270703524,            1.8990556871
            2.7981375583,         2124.5000000000,         1041.9143599076,          850.5066611915,          566.7207861554,    322163574.7618189454,       852644.5863691508,            0.0036660868,            0.0307174326,            2.0216174112
            2.7981375583,         2174.5000000000,         1062.4531700368,          867.7313146256,          578.8102961317,    342134649.3654787540,       886590.2349700747,            0.0041477698,            0.0347535804,            2.1490919404
            2.7981375583,         2224.5000000000,         1082.9161479003,          884.9013510388,          590.8740858250,    362847326.5468404889,       921069.5204645966,            0.0046795934,            0.0392099079,            2.2815726707
            2.7981375583,         2274.5000000000,         1103.3052690789,          902.0181657889,          602.9127863947,    384311547.2840265632,       956078.5538789850,            0.0052654719,            0.0441192222,            2.4191540126
            2.7981375583,         2324.5000000000,         1123.6224154413,          919.0830887247,          614.9269999850,    406537160.3867042661,       991613.5601208815,            0.0059095280,            0.0495160778,            2.5619315948
            2.7981375583,         2374.5000000000,         1143.8693815077,          936.0973886037,          626.9173016534,    429533925.3499258161,      1027670.8722475065,            0.0066160991,            0.0554368299,            2.7100023833
            2.7981375583,         2424.5000000000,         1164.0478802560,          953.0622771249,          638.8842411344,    453311515.0603327155,      1064246.9261379123,            0.0073897429,            0.0619196813,            2.8634645278
            2.7981375583,         2474.5000000000,         1184.1595484311,          969.9789126177,          650.8283444531,    477879518.3652967811,      1101338.2555329876,            0.0082352441,            0.0690047365,            3.0224176115
            2.7981375583,         2524.5000000000,         1204.2059514073,          986.8484034229,          662.7501154062,    503247442.5146179199,      1138941.4874108564,            0.0091576208,            0.0767340607,            3.1869628045
            2.7981375583,         2574.5000000000,         1224.1885876518,         1003.6718109962,          674.6500369233,    529424715.4835392237,      1177053.3376687497,            0.0101621298,            0.0851517179,            3.3572026323
            2.7981375583,         2624.5000000000,         1244.1088928263,         1020.4501527633,          686.5285723188,    556420688.1850773096,      1215670.6070854417,            0.0112542754,            0.0943038472,            3.5332413560
            2.7981375583,         2674.5000000000,         1263.9682435652,         1037.1844047497,          698.3861664476,    584244636.5789831877,      1254790.1775409803,            0.0124398114,            0.1042386839,            3.7151847023
            2.7981375583,         2724.5000000000,         1283.7679609595,         1053.8755040070,          710.2232467715,    612905763.6840364933,      1294409.0084727844,            0.0137247533,            0.1150066531,            3.9031403501
            2.7981375583,         2774.5000000000,         1303.5093137750,         1070.5243508557,          722.0402243459,    642413201.4998205900,      1334524.1335492297,            0.0151153791,            0.1266603869,            4.0972175733
            2.7981375583,         2824.5000000000,         1323.1935214295,         1087.1318109601,          733.8374947342,    672776012.8436354399,      1375132.6575436734,            0.0166182393,            0.1392547978,            4.2975277556
            2.7981375583,         2874.5000000000,         1342.8217567512,         1103.6987172523,          745.6154388545,    704003193.1077500582,      1416231.7533934778,            0.0182401621,            0.1528471360,            4.5041838720
            2.7981375583,         2924.5000000000,         1362.3951485374,         1120.2258717168,          757.3744237681,    736103671.9417970181,      1457818.6594300419,            0.0199882626,            0.1674970442,            4.7173011792
            2.7981375583,         2974.5000000000,         1381.9147839310,         1136.7140470498,          769.1148034110,    769086314.8647401333,      1499890.6767671222,            0.0218699434,            0.1832665976,            4.9369967305
            2.7981375583,         3024.5000000000,         1401.3817106320,         1153.1639882024,          780.8369192764,    802959924.8105120659,      1542445.1668358732,            0.0238929072,            0.2002203629,            5.1633899491
            2.7981375583,         3074.5000000000,         1420.7969389557,         1169.5764138193,          792.5411010503,    837733243.6111227274,      1585479.5490560574,            0.0260651616,            0.2184254841,            5.3966024522
            2.7981375583,         3124.5000000000,         1440.1614437529,         1185.9520175796,          804.2276672051,    873414953.4207490683,      1628991.2986338083,            0.0283950246,            0.2379517100,            5.6367577466
            2.7981375583,         3174.5000000000,         1459.4761662018,         1202.2914694497,          815.8969255543,    910013678.0840845108,      1672977.9444771248,            0.0308911329,            0.2588714500,            5.8839820893
            2.7981375583,         3224.5000000000,         1478.7420154826,         1218.5954168546,          827.5491737716,    947537984.4519724846,      1717437.0672210548,            0.0335624443,            0.2812598174,            6.1384037473
            2.7981375583,         3274.5000000000,         1497.9598703443,         1234.8644857734,          839.1846998764,    985996383.6471644640,      1762366.2973551624,            0.0364182566,            0.3051947772,            6.4001537623
            2.7981375583,         3324.5000000000,         1517.1305805719,         1251.0992817664,          850.8037826901,   1025397332.2828211784,      1807763.3134464987,            0.0394681959,            0.3307570508,            6.6693654977
            2.7981375583,         3374.5000000000,         1536.2549683623,         1267.3003909378,          862.4066922636,   1065749233.6362295151,      1853625.8404518303,            0.0427222422,            0.3580303190,            6.9461750801
            2.7981375583,         3424.5000000000,         1555.3338296145,         1283.4683808400,          873.9936902787,   1107060438.7800126076,      1899951.6481133816,            0.0461907214,            0.3871011723,            7.2307206914
            2.7981375583,         3474.5000000000,         1574.3679351427,         1299.6038013225,          885.5650304260,   1149339247.6729922295,      1946738.5494327904,            0.0498843212,            0.4180592500,            7.5231442458
            2.7981375583,         3524.5000000000,         1593.3580318159,         1315.7071853310,          897.1209587604,   1192593910.2126986980,      1993984.3992183900,            0.0538140975,            0.4509972621,            7.8235893406
            2.7981375583,         3574.5000000000,         1612.3048436308,         1331.7790496593,          908.6617140361,   1236832627.2514135838,      2041687.0927012987,            0.0579914731,            0.4860110129,            8.1322032686
            2.7981375583,         3624.5000000000,         1631.2090727219,         1347.8198956576,          920.1875280219,   1282063551.5775072575,      2089844.5642161286,            0.0624282604,            0.5231995605,            8.4491357770
            2.7981375583,         3674.5000000000,         1650.0714003141,         1363.8302099007,          931.6986257994,   1328294788.8637166023,      2138454.7859424567,            0.0671366481,            0.5626651421,            8.7745395932
            2.7981375583,         3724.5000000000,         1668.8924876213,         1379.8104648186,          943.1952260443,   1375534398.5839319229,      2187515.7667034520,            0.0721292292,            0.6045133718,            9.1085707379
            2.7981375583,         3774.5000000000,         1687.6729766944,         1395.7611192916,          954.6775412919,   1423790394.8999330997,      2237025.5508183362,            0.0774189879,            0.6488531537,            9.4513878623
            2.7981375583,         3824.5000000000,         1706.4134912233,         1411.6826192132,          966.1457781889,   1473070747.5194640160,      2286982.2170055760,            0.0830193309,            0.6957969467,            9.8031534851
            2.7981375583,         3874.5000000000,         1725.1146372949,         1427.5753980228,          977.6001377314,   1523383382.5269327164,      2337383.8773339330,            0.0889440596,            0.7454605090,           10.1640324981
            2.7981375583,         3924.5000000000,         1743.7770041104,         1443.4398772094,          989.0408154900,   1574736183.1879537106,      2388228.6762186796,            0.0952074221,            0.7979633636,           10.5341936878
            2.7981375583,         3974.5000000000,         1762.4011646649,         1459.2764667892,         1000.4680018236,   1627136990.7288901806,      2439514.7894604965,            0.1018240786,            0.8534284780,           10.9138092403
            2.7981375583,         4024.5000000000,         1780.9876763910,         1475.0855657582,         1011.8818820822,   1680593605.0924682617,      2491240.4233247079,            0.1088091439,            0.9119826607,           11.3030546389
            2.7981375583,         4074.5000000000,         1799.5370817698,         1490.8675625214,         1023.2826367993,   1735113785.6705064774,      2543403.8136586822,            0.1161781530,            0.9737562221,           11.7021083351
            2.7981375583,         4124.5000000000,         1818.0499089099,         1506.6228353004,         1034.6704418744,   1790705252.0147087574,      2596003.2250453755,            0.1239471095,            1.0388834215,           12.1111529708
            2.7981375583,         4174.5000000000,         1836.5266720981,         1522.3517525207,         1046.0454687469,   1847375684.5264544487,      2649036.9499910972,            0.1321324880,            1.1075024806,           12.5303750348
            2.7981375583,         4224.5000000000,         1854.9678723219,         1538.0546731796,         1057.4078845609,   1905132725.1264455318,      2702503.3081457354,            0.1407511973,            1.1797552609,           12.9599639153
            2.7981375583,         4274.5000000000,         1873.3739977670,         1553.7319471960,         1068.7578523229,   1963983977.9050321579,      2756400.6455537691,            0.1498206569,            1.2557878976,           13.4001134338
            2.7981375583,         4324.5000000000,         1891.7455242899,         1569.3839157435,         1080.0955310508,   2023937009.7539956570,      2810727.3339344952,            0.1593587341,            1.3357503259,           13.8510206751
            2.7981375583,         4374.5000000000,         1910.0829158683,         1585.0109115675,         1091.4210759170,   2084999350.9805355072,      2865481.7699900251,            0.1693838064,            1.4197967298,           14.3128872055
            2.7981375583,         4424.5000000000,         1928.3866250297,         1600.6132592874,         1102.7346383839,   2147178495.9041500092,      2920662.3747396492,            0.1799147491,            1.5080854901,           14.7859182584
            2.7981375583,         4474.5000000000,         1946.6570932606,         1616.1912756843,         1114.0363663335,   2210481903.4370822906,      2976267.5928792991,            0.1909709251,            1.6007790857,           15.2703224946
            2.7981375583,         4524.5000000000,         1964.8947513957,         1631.7452699760,         1125.3264041917,   2274916997.6489653587,      3032295.8921648632,            0.2025722163,            1.6980443571,           15.7663138371
            2.7981375583,         4574.5000000000,         1983.1000199896,         1647.2755440790,         1136.6048930454,   2340491168.3162674904,      3088745.7628182550,            0.2147390341,            1.8000525926,           16.2741096147
            2.7981375583,         4624.5000000000,         2001.2733096722,         1662.7823928588,         1147.8719707561,   2407211771.4571094513,      3145615.7169550997,            0.2274923152,            1.9069794837,           16.7939318034
            2.7981375583,         4674.5000000000,         2019.4150214873,         1678.2661043688,         1159.1277720673,   2475086129.8519959450,      3202904.2880330738,            0.2408535096,            2.0190050636,           17.3260061267
            2.7981375583,         4724.5000000000,         2037.5255472164,         1693.7269600790,         1170.3724287079,   2544121533.5509815216,      3260610.0303199100,            0.2548446225,            2.1363139943,           17.8705631111
            2.7981375583,         4774.5000000000,         2055.6052696883,         1709.1652350946,         1181.6060694905,   2614325240.3677740097,      3318731.5183801814,            0.2694882201,            2.2590957064,           18.4278376468
            2.7981375583,         4824.5000000000,         2073.6545630757,         1724.5811983649,         1192.8288204060,   2685704476.3612284660,      3377267.3465799927,            0.2848074168,            2.3875440949,           18.9980686262
            2.7981375583,         4874.5000000000,         2091.6737931777,         1739.9751128831,         1204.0408047141,   2758266436.3047008514,      3436216.1286088019,            0.3008258814,            2.5218579606,           19.5815004848
            2.7981375583,         4924.5000000000,         2109.6633176921,         1755.3472358785,         1215.2421430298,   2832018284.1436748505,      3495576.4970175754,            0.3175678580,            2.6622407649,           20.1783812985
            2.7981375583,         4974.5000000000,         2127.6234864742,         1770.6978189998,         1226.4329534061,   2906967153.4420814514,      3555347.1027725921,            0.3350581907,            2.8089010186,           20.7889646431
            2.7981375583,         5049.5000000000,         2154.5058801622,         1793.6812269246,         1243.1984008171,   3021802244.5923609734,      3645820.1672569881,            0.3628542502,            3.0419822440,           21.7328916431
            2.7981375583,         5149.5000000000,         2190.2542925447,         1824.2561827897,         1265.5182759738,   3178970628.1621122360,      3767806.3302063351,            0.4026484803,            3.3756825870,           23.0395437921
            2.7981375583,         5249.5000000000,         2225.8912070884,         1854.7492437470,         1287.7980425255,   3341054001.3878526688,      3891410.0508726332,            0.4459135880,            3.7385009740,           24.4058112597
            2.7981375583,         5349.5000000000,         2261.4190860831,         1885.1621832898,         1310.0385346957,   3508108046.2675590515,      4016621.3508937792,            0.4928774090,            4.1323503380,           25.8339563893
            2.7981375583,         5449.5000000000,         2296.8402924812,         1915.4967041005,         1332.2405540946,   3680188006.9885988235,      4143430.5000773096,            0.5437780747,            4.5592301659,           27.3263273718
            2.7981375583,         5549.5000000000,         2332.1570956529,         1945.7544421247,         1354.4048715686,   3857348701.4616465569,      4271828.0057574632,            0.5988641389,            5.0212276866,           28.8853563706
            2.7981375583,         5649.5000000000,         2367.3716767108,         1975.9369703413,         1376.5322289143,   4039644532.3453311920,      4401804.6027934765,            0.6583948997,            5.5205204348,           30.5135631172
            2.7981375583,         5749.5000000000,         2402.4861334418,         2006.0458022569,         1398.6233404673,   4227129497.5928258896,      4533351.2441597637,            0.7226406927,            6.0593788774,           32.2135591469
            2.7981375583,         5849.5000000000,         2437.5024848835,         2036.0823951492,         1420.6788945790,   4419857200.5491981506,      4666459.0920831803,            0.7918831028,            6.6401680483,           33.9880478524
            2.7981375583,         5949.5000000000,         2472.4226755747,         2066.0481530806,         1442.6995549898,   4617880859.6261100769,      4801119.5096867038,            0.8664151726,            7.2653496847,           35.8398261007
            2.7981375583,         6049.5000000000,         2507.2485795090,         2095.9444297026,         1464.6859621073,   4821253317.5784616470,      4937324.0531025203,            0.9465418513,            7.9374854087,           37.7717908518
            2.7981375583,         6149.5000000000,         2541.9820038174,         2125.7725308688,         1486.6387341989,   5030027050.4057521820,      5075064.4640207766,            1.0325799922,            8.6592372884,           39.7869344322
            2.7981375583,         6249.5000000000,         2576.6246922008,         2155.5337170718,         1508.5584685048,   5244254175.8992891312,      5214332.6626431942,            1.1248588764,            9.4333719905,           41.8883540371
            2.7981375583,         6349.5000000000,         2611.1783281355,         2185.2292057188,         1530.4457422775,   5463986461.8548374176,      5355120.7410133826,            1.2237202535,           10.2627613538,           44.0792488684
            2.7981375583,         6449.5000000000,         2645.6445378676,         2214.8601732597,         1552.3011137555,   5689275333.9689302444,      5497420.9566980693,            1.3295188113,           11.1503858689,           46.3629259415
            2.7981375583,         6549.5000000000,         2680.0248932154,         2244.4277571780,         1574.1251230742,   5920171883.4358386993,      5641225.7267955868,            1.4426222454,           12.0993359547,           48.7427978597
            2.7981375583,         6649.5000000000,         2714.3209141933,         2273.9330578560,         1595.9182931205,   6156726874.2609500885,      5786527.6222499190,            1.5634117608,           13.1128156310,           51.2223929984
            2.7981375583,         6749.5000000000,         2748.5340714722,         2303.3771403251,         1617.6811303346,   6398990750.3053255081,      5933319.3624503231,            1.6922820925,           14.1941429316,           53.8053481551
            2.7981375583,         6849.5000000000,         2782.6657886876,         2332.7610359071,         1639.4141254631,   6647013642.0752439499,      6081593.8100981461,            1.8296420256,           15.3467545145,           56.4954189339
            2.7981375583,         6949.5000000000,         2816.7174446084,         2362.0857437583,         1661.1177542675,   6900845373.2694911957,      6231343.9663238898,            1.9759143645,           16.5742052190,           59.2964776781
            2.7981375583,         7049.5000000000,         2850.6903751755,         2391.3522323202,         1682.7924781904,   7160535467.0965547562,      6382562.9660388837,            2.1315364779,           17.8801723682,           62.2125156027
            2.7981375583,         7149.5000000000,         2884.5858754204,         2420.5614406859,         1704.4387449839,   7426133152.3729276657,      6535244.0735071078,            2.2969606408,           19.2684595289,           65.2476507976
            2.7981375583,         7249.5000000000,         2918.4052012720,         2449.7142798873,         1726.0569893010,   7697687369.4131155014,      6689380.6781237582,            2.4726538445,           20.7429936241,           68.4061216457
            2.7981375583,         7349.5000000000,         2952.1495712603,         2478.8116341090,         1747.6476332545,   7975246775.7212648392,      6844966.2903882423,            2.6590985055,           22.3078325332,           71.6922971015
            2.7981375583,         7449.5000000000,         2985.8201681229,         2507.8543618335,         1769.2110869443,   8258859751.4937410355,      7001994.5380600281,            2.8567927342,           23.9671662045,           75.1106742282
            2.7981375583,         7549.5000000000,         3019.4181403225,         2536.8432969233,         1790.7477489559,   8548574404.9414253235,      7160459.1624867618,            3.0662504924,           25.7253182903,           78.6658849925
            2.7981375583,         7649.5000000000,         3052.9446034810,         2565.7792496435,         1812.2580068319,   8844438577.4399299622,      7320354.0150946816,            3.2880016680,           27.5867466664,           82.3626942808
            2.7981375583,         7749.5000000000,         3086.4006417348,         2594.6630076289,         1833.7422375184,   9146499848.5155391693,      7481673.0540321646,            3.5225927530,           29.5560502220,           86.2060036821
            2.7981375583,         7849.5000000000,         3119.7873090181,         2623.4953368001,         1855.2008077873,   9454805540.6741867065,      7644410.3409577999,            3.7705869178,           31.6379673279,           90.2008563820
            2.7981375583,         7949.5000000000,         3153.1056302783,         2652.2769822308,         1876.6340746375,   9769402724.0803413391,      7808560.0379650136,            4.0325644420,           33.8373825270,           94.3524375090
            2.7981375583,         8049.5000000000,         3186.3566026270,         2681.0086689702,         1898.0423856744,  10090338221.0923366547,      7974116.4046357460,            4.3091223378,           36.1593202460,           98.6660705526
            2.7981375583,         8149.5000000000,         3219.5411964329,         2709.6911028229,         1919.4260794713,  10417658610.6602859497,      8141073.7952163005,            4.6008760821,           38.6089616890,          103.1472393033
            2.7981375583,         8249.5000000000,         3252.6603563574,         2738.3249710897,         1940.7854859112,  10751410232.5924263000,      8309426.6559087504,            4.9084583079,           41.1916326981,          107.8015647499
            2.7981375583,         8349.5000000000,         3285.7150023392,         2766.9109432710,         1962.1209265133,  11091639191.6953067780,      8479169.5222719293,            5.2325200799,           43.9128150569,          112.6348264359
            2.7981375583,         8449.5000000000,         3318.7060305295,         2795.4496717352,         1983.4327147418,  11438391361.7931747437,      8650297.0167262275,            5.5737307912,           46.7781454733,          117.6529567802
            2.7981375583,         8549.5000000000,         3351.6343141809,         2823.9417923544,         2004.7211563015,  11791712389.6313209534,      8822803.8461569268,            5.9327784301,           49.7934181247,          122.8620423297
            2.7981375583,         8649.5000000000,         3384.5007044935,         2852.3879251101,         2025.9865494176,  12151647698.6682205200,      8996684.7996109910,            6.3103706189,           52.9645927947,          128.2683385722
            2.7981375583,         8749.5000000000,         3417.3060314200,         2880.7886746685,         2047.2291851036,  12518242492.7607517242,      9171934.7460827306,            6.7072331150,           56.2977828950,          133.8782463605
            2.7981375583,         8849.5000000000,         3450.0511044327,         2909.1446309302,         2068.4493474155,  12891541759.7468509674,      9348548.6323838290,            7.1241124009,           59.7992773540,          139.6983462126
            2.7981375583,         8949.5000000000,         3482.7367132546,         2937.4563695530,         2089.6473136956,  13271590274.9294757843,      9526521.4810936619,            7.5617747220,           63.4755319057,          145.7353894704
            2.7981375583,         9049.5000000000,         3515.3636285562,         2965.7244524511,         2110.8233548036,  13658432604.4657497406,      9705848.3885859810,            8.0210054397,           67.3331641155,          151.9962693892
            2.7981375583,         9149.5000000000,         3547.9326026206,         2993.9494282714,         2131.9777353389,  14052113108.6648635864,      9886524.5231283363,            8.5026123788,           71.3789824114,          158.4881005899
            2.7981375583,         9249.5000000000,         3580.4443699780,         3022.1318328484,         2153.1107138513,  14452675945.1981811523,     10068545.1230507474,            9.0074218036,           75.6199506072,          165.2181163522
            2.7981375583,         9349.5000000000,         3612.8996480122,         3050.2721896384,         2174.2225430437,  14860165072.2248153687,     10251905.4949803930,            9.5362826307,           80.0632252575,          172.1937657555
            2.7981375583,         9449.5000000000,         3645.2991375397,         3078.3710101347,         2195.3134699653,  15274624251.4358062744,     10436601.0121392701,           10.0900651854,           84.7161423340,          179.4226711918
            2.7981375583,         9549.5000000000,         3677.6435233636,         3106.4287942647,         2216.3837361966,  15696097051.0198364258,     10622627.1127019078,           10.6696604325,           89.5862164794,          186.9126253767
            2.7981375583,         9649.5000000000,         3709.9334748030,         3134.4460307700,         2237.4335780265,  16124626848.5533123016,     10809979.2982104309,           11.2759825413,           94.6811531091,          194.6716170428
            2.7981375583,         9749.5000000000,         3742.1696462000,         3162.4231975696,         2258.4632266214,  16560256833.8175849915,     10998653.1320443563,           11.9099666033,          100.0088425915,          202.7078246385
            2.7981375583,         9849.5000000000,         3774.3526774049,         3190.3607621079,         2279.4729081883,  17003030011.5457496643,     11188644.2379427403,           12.5725719970,          105.5773737434,          211.0296054504
            2.7981375583,         9949.5000000000,         3806.4831942411,         3218.2591816889,         2300.4628441299,  17452989204.1015930176,     11379948.2985763457,           13.2647792127,          111.3950191145,          219.6455195813
            2.7981375583,        10000.0000000000,         3822.6914935586,         3232.3347532984,         2311.0561362638,  17682660850.5997810364,     11477000.0000000000,           13.6246131764,          114.4193543608,          224.0982812874
