           34.8595881395,            2.0000000000,            3.0085696919,            2.0959170227,            1.0171900481,            4.8208195676,            7.1090248718,            0.0000000000,            0.0000000000,            0.0000031092
           34.8595881395,            3.0000000000,            4.2279314444,            2.9726730175,            1.4695540029,           13.7543491844,           14.0393097062,            0.0000000000,            0.0000000000,            0.0000088708
           34.8595881395,            4.0000000000,            5.3823371951,            3.8091830066,            1.9078916631,           28.9397074747,           22.7526342564,            0.0000000000,            0.0000000000,            0.0000186645
           34.8595881395,            5.0000000000,            6.4907282112,            4.6169862207,            2.3360863241,           51.5316866794,           33.0884733240,            0.0000000000,            0.0000000000,            0.0000332351
           34.8595881395,            6.0000000000,            7.5637778087,            5.4026258768,            2.7563677366,           82.5682928636,           44.9332059907,            0.0000000000,            0.0000000000,            0.0000532520
           34.8595881395,            7.0000000000,            8.6083020241,            6.1703007448,            3.1701806096,          123.0035425313,           58.2002530830,            0.0000000000,            0.0000000001,            0.0000793305
           34.8595881395,            8.0000000000,            9.6290120052,            6.9229244387,            3.5785354025,          173.7270306371,           72.8204465366,            0.0000000000,            0.0000000001,            0.0001120445
           34.8595881395,            9.0000000000,           10.6293479329,            7.6626316756,            3.9821774193,          235.5767760391,           88.7366701303,            0.0000000000,            0.0000000002,            0.0001519343
           34.8595881395,           10.0000000000,           11.6119257493,            8.3910504392,            4.3816783603,          309.3482170943,          105.9005904775,            0.0000000000,            0.0000000004,            0.0001995131
           34.8595881395,           11.0000000000,           12.5787975918,            9.1094611292,            4.7774901832,          395.8008142876,          124.2705267125,            0.0000000001,            0.0000000006,            0.0002552706
           34.8595881395,           12.0000000000,           13.5316136250,            9.8188957188,            5.1699788402,          495.6630731843,          143.8099908650,            0.0000000001,            0.0000000009,            0.0003196768
           34.8595881395,           13.0000000000,           14.4717277566,           10.5202026826,            5.5594464737,          609.6364751834,          164.4866475649,            0.0000000002,            0.0000000014,            0.0003931842
           34.8595881395,           14.0000000000,           15.4002695352,           11.2140912490,            5.9461466093,          738.3986248126,          186.2715486167,            0.0000000002,            0.0000000020,            0.0004762296
           34.8595881395,           15.0000000000,           16.3181947013,           11.9011625742,            6.3302948999,          882.6058179128,          209.1385548085,            0.0000000003,            0.0000000029,            0.0005692369
           34.8595881395,           16.0000000000,           17.2263217324,           12.5819323201,            6.7120769351,         1042.8951709470,          233.0638893957,            0.0000000005,            0.0000000041,            0.0006726165
           34.8595881395,           17.0000000000,           18.1253588987,           13.2568473963,            7.0916540522,         1219.8864106142,          258.0257867149,            0.0000000007,            0.0000000055,            0.0007867685
           34.8595881395,           18.0000000000,           19.0159247074,           13.9262986315,            7.4691677464,         1414.1833957413,          284.0042111278,            0.0000000009,            0.0000000076,            0.0009120826
           34.8595881395,           19.0000000000,           19.8985636291,           14.5906305342,            7.8447430794,         1626.3754248410,          310.9806290095,            0.0000000012,            0.0000000100,            0.0010489384
           34.8595881395,           20.0000000000,           20.7737583859,           15.2501489300,            8.2184913524,         1857.0383697088,          338.9378214480,            0.0000000016,            0.0000000132,            0.0011977082
           34.8595881395,           21.0000000000,           21.6419396881,           15.9051270211,            8.5905122328,         2106.7356661042,          367.8597286755,            0.0000000020,            0.0000000172,            0.0013587551
           34.8595881395,           22.0000000000,           22.5034940456,           16.5558102527,            8.9608954670,         2376.0191857514,          397.7313195727,            0.0000000026,            0.0000000216,            0.0015324348
           34.8595881395,           23.0000000000,           23.3587701034,           17.2024202657,            9.3297222732,         2665.4300088278,          428.5384812290,            0.0000000033,            0.0000000277,            0.0017190978
           34.8595881395,           24.0000000000,           24.2080838344,           17.8451581389,            9.6970664882,         2975.4991122845,          460.2679247252,            0.0000000041,            0.0000000347,            0.0019190855
           34.8595881395,           25.0000000000,           25.0517228331,           18.4842070733,           10.0629955172,         3306.7479864150,          492.9071041670,            0.0000000051,            0.0000000427,            0.0021327344
           34.8595881395,           26.0000000000,           25.8899498957,           19.1197346321,           10.4275711293,         3659.6891898180,          526.4441466432,            0.0000000063,            0.0000000530,            0.0023603769
           34.8595881395,           27.0000000000,           26.7230060286,           19.7518946253,           10.7908501271,         4034.8268511155,          560.8677912652,            0.0000000077,            0.0000000645,            0.0026023364
           34.8595881395,           28.0000000000,           27.5511129945,           20.3808287055,           11.1528849153,         4432.6571243791,          596.1673358120,            0.0000000093,            0.0000000781,            0.0028589342
           34.8595881395,           29.0000000000,           28.3744754797,           21.0066677282,           11.5137239859,         4853.6686040847,          632.3325897914,            0.0000000113,            0.0000000945,            0.0031304863
           34.8595881395,           30.0000000000,           29.1932829522,           21.6295329186,           11.8734123352,         5298.3427045016,          669.3538329480,            0.0000000134,            0.0000001124,            0.0034173016
           34.8595881395,           31.0000000000,           30.0077112620,           22.2495368769,           12.2319918241,         5767.1540076828,          707.2217784232,            0.0000000160,            0.0000001341,            0.0037196890
           34.8595881395,           32.0000000000,           30.8179240268,           22.8667844506,           12.5895014904,         6260.5705836088,          745.9275399108,            0.0000000190,            0.0000001590,            0.0040379495
           34.8595881395,           33.0000000000,           31.6240738380,           23.4813734933,           12.9459778213,         6779.0542855373,          785.4626022617,            0.0000000222,            0.0000001858,            0.0043723797
           34.8595881395,           34.0000000000,           32.4263033151,           24.0933955289,           13.3014549926,         7323.0610231903,          825.8187950817,            0.0000000261,            0.0000002189,            0.0047232786
           34.8595881395,           35.0000000000,           33.2247460311,           24.7029363350,           13.6559650785,         7893.0410160599,          866.9882689358,            0.0000000305,            0.0000002553,            0.0050909332
           34.8595881395,           36.0000000000,           34.0195273278,           25.3100764573,           14.0095382375,         8489.4390288205,          908.9634738363,            0.0000000352,            0.0000002945,            0.0054756296
           34.8595881395,           37.0000000000,           34.8107650376,           25.9148916651,           14.3622028764,         9112.6945905831,          951.7371397352,            0.0000000409,            0.0000003428,            0.0058776590
           34.8595881395,           38.0000000000,           35.5985701237,           26.5174533558,           14.7139857968,         9763.2421995189,          995.3022587860,            0.0000000471,            0.0000003944,            0.0062972947
           34.8595881395,           39.0000000000,           36.3830472505,           27.1178289155,           15.0649123257,        10441.5115141945,         1039.6520691709,            0.0000000538,            0.0000004510,            0.0067348156
           34.8595881395,           40.0000000000,           37.1642952936,           27.7160820413,           15.4150064324,        11147.9275328077,         1084.7800403185,            0.0000000619,            0.0000005182,            0.0071905024
           34.8595881395,           41.0000000000,           37.9424077962,           28.3122730303,           15.7642908331,        11882.9107613799,         1130.6798593604,            0.0000000704,            0.0000005896,            0.0076646190
           34.8595881395,           42.0000000000,           38.7174733795,           28.9064590397,           16.1127870857,        12646.8773718410,         1177.3454186948,            0.0000000798,            0.0000006688,            0.0081574379
           34.8595881395,           43.0000000000,           39.4895761130,           29.4986943206,           16.4605156749,        13440.2393508476,         1224.7708045425,            0.0000000907,            0.0000007602,            0.0086692301
           34.8595881395,           44.0000000000,           40.2587958478,           30.0890304304,           16.8074960891,        14263.4046400833,         1272.9502863941,            0.0000001023,            0.0000008569,            0.0092002506
           34.8595881395,           45.0000000000,           41.0252085203,           30.6775164246,           17.1537468907,        15116.7772687146,         1321.8783072604,            0.0000001152,            0.0000009650,            0.0097507670
           34.8595881395,           46.0000000000,           41.7888864255,           31.2641990305,           17.4992857797,        16000.7574786096,         1371.5494746490,            0.0000001297,            0.0000010867,            0.0103210403
           34.8595881395,           47.0000000000,           42.5498984679,           31.8491228066,           17.8441296514,        16915.7418428657,         1421.9585521968,            0.0000001450,            0.0000012151,            0.0109113179
           34.8595881395,           48.0000000000,           43.3083103887,           32.4323302866,           18.1882946493,        17862.1233781409,         1473.1004518991,            0.0000001623,            0.0000013594,            0.0115218639
           34.8595881395,           49.0000000000,           44.0641849738,           33.0138621123,           18.5317962139,        18840.2916512383,         1524.9702268799,            0.0000001813,            0.0000015189,            0.0121529290
           34.8595881395,           50.0000000000,           44.8175822444,           33.5937571537,           18.8746491266,        19850.6328803494,         1577.5630646566,            0.0000002013,            0.0000016865,            0.0128047540
           34.8595881395,           51.0000000000,           45.5685596313,           34.1720526210,           19.2168675507,        20893.5300313281,         1630.8742808546,            0.0000002238,            0.0000018753,            0.0134776006
           34.8595881395,           52.0000000000,           46.3171721356,           34.7487841662,           19.5584650686,        21969.3629093339,         1684.8993133352,            0.0000002484,            0.0000020811,            0.0141717089
           34.8595881395,           53.0000000000,           47.0634724756,           35.3239859769,           19.8994547168,        23078.5082461515,         1739.6337167001,            0.0000002741,            0.0000022967,            0.0148873140
           34.8595881395,           54.0000000000,           47.8075112233,           35.8976908631,           20.2398490171,        24221.3397834717,         1795.0731571436,            0.0000003032,            0.0000025398,            0.0156246775
           34.8595881395,           55.0000000000,           48.5493369299,           36.4699303373,           20.5796600066,        25398.2283523916,         1851.2134076229,            0.0000003344,            0.0000028016,            0.0163840284
           34.8595881395,           56.0000000000,           49.2889962412,           37.0407346882,           20.9188992648,        26609.5419493728,         1908.0503433223,            0.0000003671,            0.0000030753,            0.0171655961
           34.8595881395,           57.0000000000,           50.0265340057,           37.6101330492,           21.2575779385,        27855.6458088767,         1965.5799373881,            0.0000004039,            0.0000033835,            0.0179696419
           34.8595881395,           58.0000000000,           50.7619933737,           38.1781534622,           21.5957067657,        29136.9024728786,         2023.7982569139,            0.0000004431,            0.0000037126,            0.0187963841
           34.8595881395,           59.0000000000,           51.4954158899,           38.7448229364,           21.9332960974,        30453.6718574477,         2082.7014591566,            0.0000004841,            0.0000040558,            0.0196460471
           34.8595881395,           60.0000000000,           52.2268415794,           39.3101675032,           22.2703559174,        31806.3113165642,         2142.2857879674,            0.0000005302,            0.0000044416,            0.0205188935
           34.8595881395,           61.0000000000,           52.9563090275,           39.8742122674,           22.6068958617,        33195.1757033334,         2202.5475704211,            0.0000005790,            0.0000048507,            0.0214151303
           34.8595881395,           62.0000000000,           53.6838554543,           40.4369814546,           22.9429252359,        34620.6174287446,         2263.4832136304,            0.0000006298,            0.0000052764,            0.0223349775
           34.8595881395,           63.0000000000,           54.4095167841,           40.9984984559,           23.2784530318,        36082.9865181115,         2325.0892017315,            0.0000006868,            0.0000057536,            0.0232787000
           34.8595881395,           64.0000000000,           55.1333277106,           41.5587858692,           23.6134879424,        37582.6306653217,         2387.3620930298,            0.0000007468,            0.0000062570,            0.0242464935
           34.8595881395,           65.0000000000,           55.8553217574,           42.1178655383,           23.9480383771,        39119.8952850129,         2450.2985172943,            0.0000008093,            0.0000067799,            0.0252385734
           34.8595881395,           66.0000000000,           56.5755313349,           42.6757585891,           24.2821124744,        40695.1235627878,         2513.8951731914,            0.0000008790,            0.0000073639,            0.0262552077
           34.8595881395,           67.0000000000,           57.2939877935,           43.2324854637,           24.6157181149,        42308.6565035683,         2578.1488258483,            0.0000009522,            0.0000079777,            0.0272965812
           34.8595881395,           68.0000000000,           58.0107214737,           43.7880659526,           24.9488629334,        43960.8329781864,         2643.0563045378,            0.0000010282,            0.0000086142,            0.0283629045
           34.8595881395,           69.0000000000,           58.7257617528,           44.3425192245,           25.2815543299,        45651.9897683010,         2708.6145004769,            0.0000011127,            0.0000093219,            0.0294544486
           34.8595881395,           70.0000000000,           59.4391370892,           44.8958638546,           25.6137994798,        47382.4616097247,         2774.8203647320,            0.0000012013,            0.0000100641,            0.0305713888
           34.8595881395,           71.0000000000,           60.1508750637,           45.4481178512,           25.9456053443,        49152.5812342383,         2841.6709062235,            0.0000012930,            0.0000108326,            0.0317139305
           34.8595881395,           72.0000000000,           60.8610024184,           45.9992986811,           26.2769786797,        50962.6794099674,         2909.1631898254,            0.0000013945,            0.0000116827,            0.0328823486
           34.8595881395,           73.0000000000,           61.5695450939,           46.5494232925,           26.6079260459,        52813.0849803897,         2977.2943345512,            0.0000015007,            0.0000125732,            0.0340768095
           34.8595881395,           74.0000000000,           62.2765282635,           47.0985081378,           26.9384538147,        54704.1249020379,         3046.0615118248,            0.0000016107,            0.0000134940,            0.0352975127
           34.8595881395,           75.0000000000,           62.9819763662,           47.6465691942,           27.2685681781,        56636.1242809585,         3115.4619438276,            0.0000017316,            0.0000145070,            0.0365447368
           34.8595881395,           76.0000000000,           63.6859131378,           48.1936219843,           27.5982751552,        58609.4064079849,         3185.4929019203,            0.0000018582,            0.0000155680,            0.0378186412
           34.8595881395,           77.0000000000,           64.3883616396,           48.7396815938,           27.9275805995,        60624.2927928774,         3256.1517051334,            0.0000019890,            0.0000166636,            0.0391194183
           34.8595881395,           78.0000000000,           65.0893442865,           49.2847626902,           28.2564902057,        62681.1031973816,         3327.4357187234,            0.0000021320,            0.0000178617,            0.0404473491
           34.8595881395,           79.0000000000,           65.7888828729,           49.8288795391,           28.5850095155,        64780.1556672529,         3399.3423527910,            0.0000022818,            0.0000191175,            0.0418025892
           34.8595881395,           80.0000000000,           66.4869985979,           50.3720460205,           28.9131439241,        66921.7665632925,         3471.8690609566,            0.0000024364,            0.0000204126,            0.0431853228
           34.8595881395,           81.0000000000,           67.1837120882,           50.9142756435,           29.2408986855,        69106.2505914363,         3545.0133390927,            0.0000026044,            0.0000218201,            0.0445958335
           34.8595881395,           82.0000000000,           67.8790434209,           51.4555815610,           29.5682789182,        71333.9208319392,         3618.7727241069,            0.0000027807,            0.0000232973,            0.0460342762
           34.8595881395,           83.0000000000,           68.5730121447,           51.9959765833,           29.8952896100,        73605.0887676908,         3693.1447927753,            0.0000029624,            0.0000248192,            0.0475008241
           34.8595881395,           84.0000000000,           69.2656372994,           52.5354731908,           30.2219356230,        75920.0643116994,         3768.1271606228,            0.0000031585,            0.0000264622,            0.0489957609
           34.8595881395,           85.0000000000,           69.9569374359,           53.0740835465,           30.5482216983,        78279.1558337791,         3843.7174808475,            0.0000033647,            0.0000281902,            0.0505192461
           34.8595881395,           86.0000000000,           70.6469306335,           53.6118195077,           30.8741524604,        80682.6701864705,         3919.9134432874,            0.0000035770,            0.0000299686,            0.0520714394
           34.8595881395,           87.0000000000,           71.3356345179,           54.1486926372,           31.1997324212,        83130.9127302281,         3996.7127734272,            0.0000038046,            0.0000318752,            0.0536526230
           34.8595881395,           88.0000000000,           72.0230662774,           54.6847142138,           31.5249659842,        85624.1873579013,         4074.1132314436,            0.0000040445,            0.0000338859,            0.0552629661
           34.8595881395,           89.0000000000,           72.7092426785,           55.2198952423,           31.8498574481,        88162.7965185376,         4152.1126112859,            0.0000042913,            0.0000359531,            0.0569026123
           34.8595881395,           90.0000000000,           73.3941800810,           55.7542464635,           32.1744110107,        90747.0412405353,         4230.7087397917,            0.0000045539,            0.0000381538,            0.0585718381
           34.8595881395,           91.0000000000,           74.0778944522,           56.2877783632,           32.4986307724,        93377.2211541677,         4309.8994758355,            0.0000048318,            0.0000404817,            0.0602708302
           34.8595881395,           92.0000000000,           74.7604013806,           56.8205011809,           32.8225207390,        96053.6345135062,         4389.6827095077,            0.0000051172,            0.0000428731,            0.0619997125
           34.8595881395,           93.0000000000,           75.4417160889,           57.3524249184,           33.1460848254,        98776.5782177616,         4470.0563613243,            0.0000054188,            0.0000454002,            0.0637587567
           34.8595881395,           94.0000000000,           76.1218534463,           57.8835593478,           33.4693268585,       101546.3478320673,         4551.0183814642,            0.0000057390,            0.0000480831,            0.0655481757
           34.8595881395,           95.0000000000,           76.8008279805,           58.4139140187,           33.7922505799,       104363.2376077241,         4632.5667490340,            0.0000060677,            0.0000508368,            0.0673680649
           34.8595881395,           96.0000000000,           77.4786538892,           58.9434982663,           34.1148596491,       107227.5405019258,         4714.6994713585,            0.0000064124,            0.0000537250,            0.0692186817
           34.8595881395,           97.0000000000,           78.1553450504,           59.4723212179,           34.4371576454,       110139.5481969844,         4797.4145832956,            0.0000067799,            0.0000568035,            0.0711002739
           34.8595881395,           98.0000000000,           78.8309150334,           60.0003917997,           34.7591480714,       113099.5511190737,         4880.7101465750,            0.0000071567,            0.0000599608,            0.0730129093
           34.8595881395,           99.0000000000,           79.5053771087,           60.5277187434,           35.0808343547,       116107.8384565062,         4964.5842491595,            0.0000075489,            0.0000632471,            0.0749568286
           34.8595881395,          102.0000000000,           81.5211866218,           62.1046116986,           36.0438104040,       125474.7095569731,         5220.2301991536,            0.0000088688,            0.0000743060,            0.0810104900
           34.8595881395,          107.0000000000,           84.8616894934,           64.7198786451,           37.6434875787,       141997.5179377734,         5656.7456467722,            0.0000114282,            0.0000957503,            0.0916910373
           34.8595881395,          112.0000000000,           88.1771639854,           67.3183130318,           39.2362530500,       159791.1007646481,         6107.3230620581,            0.0000145616,            0.0001220041,            0.1031964572
           34.8595881395,          117.0000000000,           91.4689038413,           69.9007683333,           40.8224435992,       178889.9160636750,         6571.7572237464,            0.0000183578,            0.0001538117,            0.1155497741
           34.8595881395,          122.0000000000,           94.7380835766,           72.4680201606,           42.4023659073,       199327.7897111234,         7049.8546885383,            0.0000229164,            0.0001920086,            0.1287736953
           34.8595881395,          127.0000000000,           97.9857739009,           75.0207762643,           43.9763003689,       221137.9533697881,         7541.4326525285,            0.0000283610,            0.0002376287,            0.1428907621
           34.8595881395,          132.0000000000,          101.2129546147,           77.5596849092,           45.5445042930,       244353.0786948340,         8046.3179638833,            0.0000348042,            0.0002916181,            0.1579230411
           34.8595881395,          137.0000000000,          104.4205254776,           80.0853419376,           47.1072146054,       269005.3083079236,         8564.3462616240,            0.0000423958,            0.0003552303,            0.1738926110
           34.8595881395,          142.0000000000,          107.6093154268,           82.5982967656,           48.6646501500,       295126.2839553814,         9095.3612203251,            0.0000512688,            0.0004295805,            0.1908210394
           34.8595881395,          147.0000000000,          110.7800904476,           85.0990575079,           50.2170136560,       322747.1721994811,         9639.2138843811,            0.0000616044,            0.0005161882,            0.2087300527
           34.8595881395,          152.0000000000,          113.9335603307,           87.5880953809,           51.7644934330,       351898.6879379219,        10195.7620784926,            0.0000735646,            0.0006164107,            0.2276408851
           34.8595881395,          157.0000000000,          117.0703845062,           90.0658485067,           53.3072648371,       382611.1160024592,        10764.8698833939,            0.0000873403,            0.0007318475,            0.2475747491
           34.8595881395,          162.0000000000,          120.1911771055,           92.5327252175,           54.8454915464,       414914.3310513715,        11346.4071677272,            0.0001031535,            0.0008643612,            0.2685528915
           34.8595881395,          167.0000000000,          123.2965113736,           94.9891069370,           56.3793266746,       448837.8159403945,        11940.2491684837,            0.0001211947,            0.0010155470,            0.2905959897
           34.8595881395,          172.0000000000,          126.3869235326,           97.4353507056,           57.9089137495,       484410.6787317116,        12546.2761136515,            0.0001417417,            0.0011877347,            0.3137252682
           34.8595881395,          177.0000000000,          129.4629161791,           99.8717914029,           59.4343875736,       521661.6684795801,        13164.3728817074,            0.0001650033,            0.0013826742,            0.3379611014
           34.8595881395,          182.0000000000,          132.5249612813,          102.2987437090,           60.9558749868,       560619.1899134675,        13794.4286934054,            0.0001912981,            0.0016030369,            0.3633246023
           34.8595881395,          187.0000000000,          135.5735028358,          104.7165038447,           62.4734955418,       601311.3171245632,        14436.3368319856,            0.0002208698,            0.0018508651,            0.3898360225
           34.8595881395,          192.0000000000,          138.6089592274,          107.1253511184,           63.9873621068,       643765.8063487383,        15089.9943884848,            0.0002540742,            0.0021291443,            0.4175163726
           34.8595881395,          197.0000000000,          141.6317253347,          109.5255493065,           65.4975814036,       688010.1079280872,        15755.3020292968,            0.0002911937,            0.0024402396,            0.4463858161
           34.8595881395,          202.0000000000,          144.6421744137,          111.9173478893,           67.0042544896,       734071.3775237866,        16432.1637835155,            0.0003326266,            0.0027874913,            0.4764653792
           34.8595881395,          207.0000000000,          147.6406597862,          114.3009831602,           68.5074771912,       781976.4866448736,        17120.4868479274,            0.0003786909,            0.0031735671,            0.5077751765
           34.8595881395,          212.0000000000,          150.6275163607,          116.6766792242,           70.0073404946,       831752.0325505312,        17820.1814077905,            0.0004298361,            0.0036022354,            0.5403362463
           34.8595881395,          217.0000000000,          153.6030620025,          119.0446488991,           71.5039308983,       883424.3475773393,        18531.1604717797,            0.0004864136,            0.0040764428,            0.5741686491
           34.8595881395,          222.0000000000,          156.5675987738,          121.4050945306,           72.9973307330,       937019.5079376142,        19253.3397196724,            0.0005489302,            0.0046004407,            0.6092936318
           34.8595881395,          227.0000000000,          159.5214140570,          123.7582087317,           74.4876184515,       992563.3420302924,        19986.6373615255,            0.0006177733,            0.0051774773,            0.6457312386
           34.8595881395,          232.0000000000,          162.4647815757,          126.1041750549,           75.9748688931,      1050081.4383016946,        20730.9740072407,            0.0006935131,            0.0058123346,            0.6835029119
           34.8595881395,          237.0000000000,          165.3979623237,          128.4431686042,           77.4591535239,      1109599.1526899002,        21486.2725455411,            0.0007765632,            0.0065084826,            0.7226285796
           34.8595881395,          242.0000000000,          168.3212054128,          130.7753565942,           78.9405406569,      1171141.6156832613,        22252.4580314961,            0.0008675765,            0.0072713964,            0.7631301726
           34.8595881395,          247.0000000000,          171.2347488482,          133.1008988603,           80.4190956536,      1234733.7390207467,        23029.4575818241,            0.0009669808,            0.0081046664,            0.8050274571
           34.8595881395,          252.0000000000,          174.1388202379,          135.4199483281,           81.8948811082,      1300400.2220592932,        23817.2002772884,            0.0010755297,            0.0090146121,            0.8483428925
           34.8595881395,          257.0000000000,          177.0336374441,          137.7326514423,           83.3679570180,      1368165.5578311048,        24615.6170715716,            0.0011936692,            0.0100049770,            0.8930961554
           34.8595881395,          262.0000000000,          179.9194091820,          140.0391485623,           84.8383809388,      1438054.0388118275,        25424.6407060827,            0.0013222207,            0.0110826516,            0.9393099945
           34.8595881395,          267.0000000000,          182.7963355706,          142.3395743267,           86.3062081295,      1510089.7624187390,        26244.2056302014,            0.0014617001,            0.0122519631,            0.9870045307
           34.8595881395,          272.0000000000,          185.6646086409,          144.6340579885,           87.7714916848,      1584296.6362564911,        27074.2479265185,            0.0016129602,            0.0135200692,            1.0362024564
           34.8595881395,          277.0000000000,          188.5244128059,          146.9227237257,           89.2342826582,      1660698.3831264912,        27914.7052406711,            0.0017766521,            0.0148924309,            1.0869247475
           34.8595881395,          282.0000000000,          191.3759252941,          149.2056909289,           90.6946301759,      1739318.5458147093,        28765.5167154131,            0.0019535517,            0.0163755603,            1.1391933359
           34.8595881395,          287.0000000000,          194.2193165519,          151.4830744669,           92.1525815425,      1820180.4916715245,        29626.6229285939,            0.0021445655,            0.0179770643,            1.1930310545
           34.8595881395,          292.0000000000,          197.0547506168,          153.7549849339,           93.6081823390,      1903307.4169961580,        30497.9658347484,            0.0023503424,            0.0197023891,            1.2484585311
           34.8595881395,          297.0000000000,          199.8823854638,          156.0215288790,           95.0614765140,      1988722.3512372822,        31379.4887100307,            0.0025720081,            0.0215609803,            1.3055003652
           34.8595881395,          302.0000000000,          202.7023733276,          158.2828090200,           96.5125064687,      2076448.1610205267,        32271.1361002457,            0.0028101896,            0.0235581036,            1.3641766934
           34.8595881395,          307.0000000000,          205.5148610028,          160.5389244415,           97.9613131363,      2166507.5540127861,        33172.8537717559,            0.0030661287,            0.0257041795,            1.4245129075
           34.8595881395,          312.0000000000,          208.3199901235,          162.7899707813,           99.4079360555,      2258923.0826325440,        34084.5886650602,            0.0033404958,            0.0280048376,            1.4865293419
           34.8595881395,          317.0000000000,          211.1178974248,          165.0360404031,          100.8524134397,      2353717.1476147398,        35006.2888508572,            0.0036346539,            0.0304715177,            1.5502521270
           34.8595881395,          322.0000000000,          213.9087149861,          167.2772225586,          102.2947822420,      2450912.0014381232,        35937.9034884250,            0.0039493133,            0.0331101841,            1.6157018296
           34.8595881395,          327.0000000000,          216.6925704601,          169.5136035387,          103.7350782151,      2550529.7516224687,        36879.3827861585,            0.0042858288,            0.0359322109,            1.6829043898
           34.8595881395,          332.0000000000,          219.4695872864,          171.7452668160,          105.1733359686,      2652592.3639025418,        37830.6779641231,            0.0046452840,            0.0389466965,            1.7518833202
           34.8595881395,          337.0000000000,          222.2398848913,          173.9722931775,          106.6095890216,      2757121.6652852381,        38791.7412184912,            0.0050286691,            0.0421619569,            1.8226611437
           34.8595881395,          342.0000000000,          225.0035788764,          176.1947608495,          108.0438698534,      2864139.3469958557,        39762.5256877413,            0.0054375608,            0.0455912267,            1.8952655462
           34.8595881395,          347.0000000000,          227.7607811950,          178.4127456154,          109.4762099500,      2973666.9673191523,        40742.9854205068,            0.0058727846,            0.0492414420,            1.9697174585
           34.8595881395,          352.0000000000,          230.5116003183,          180.6263209255,          110.9066398485,      3085725.9543403694,        41733.0753449715,            0.0063361409,            0.0531277223,            2.0460462983
           34.8595881395,          357.0000000000,          233.2561413910,          182.8355580014,          112.3351891786,      3200337.6085911794,        42732.7512397176,            0.0068284654,            0.0572570922,            2.1242728652
           34.8595881395,          362.0000000000,          235.9945063792,          185.0405259337,          113.7618867023,      3317523.1056051245,        43741.9697059350,            0.0073515701,            0.0616447645,            2.2044265600
           34.8595881395,          367.0000000000,          238.7267942085,          187.2412917740,          115.1867603507,      3437303.4983868799,        44760.6881409138,            0.0079067171,            0.0663013417,            2.2865317004
           34.8595881395,          372.0000000000,          241.4531008949,          189.4379206227,          116.6098372586,      3559699.7197993817,        45788.8647127408,            0.0084952389,            0.0712380189,            2.3706133416
           34.8595881395,          377.0000000000,          244.1735196686,          191.6304757105,          118.0311437985,      3684732.5848726509,        46826.4583361319,            0.0091191045,            0.0764713353,            2.4567018657
           34.8595881395,          382.0000000000,          246.8881410902,          193.8190184767,          119.4507056108,      3812422.7930378742,        47873.4286493341,            0.0097793075,            0.0820096409,            2.5448189971
           34.8595881395,          387.0000000000,          249.5970531616,          196.0036086425,          120.8685476344,      3942790.9302901328,        48929.7359920365,            0.0104781838,            0.0878725656,            2.6349983362
           34.8595881395,          392.0000000000,          252.3003414299,          198.1843042804,          122.2846941340,      4075857.4712829627,        49995.3413842335,            0.0112166895,            0.0940681397,            2.7272611322
           34.8595881395,          397.0000000000,          254.9980890866,          200.3611618807,          123.6991687270,      4211642.7813577335,        51070.2065059879,            0.0119970427,            0.1006150026,            2.8216397436
           34.8595881395,          402.0000000000,          257.6903770612,          202.5342364134,          125.1119944087,      4350167.1185106868,        52154.2936780439,            0.0128210457,            0.1075283032,            2.9181624844
           34.8595881395,          407.0000000000,          260.3772841100,          204.7035813878,          126.5231935760,      4491450.6353003038,        53247.5658432455,            0.0136899785,            0.1148188008,            3.0168534927
           34.8595881395,          412.0000000000,          263.0588869004,          206.8692489089,          127.9327880504,      4635513.3806975428,        54349.9865487155,            0.0146066118,            0.1225097793,            3.1177495746
           34.8595881395,          417.0000000000,          265.7352600913,          209.0312897304,          129.3407990997,      4782375.3018813133,        55461.5199287566,            0.0155719838,            0.1306099657,            3.2208723318
           34.8595881395,          422.0000000000,          268.4064764084,          211.1897533061,          130.7472474578,      4932056.2459814772,        56582.1306884364,            0.0165887593,            0.1391417671,            3.3262575486
           34.8595881395,          427.0000000000,          271.0726067176,          213.3446878375,          132.1521533452,      5084575.9617715012,        57711.7840878211,            0.0176588195,            0.1481209976,            3.4339342066
           34.8595881395,          432.0000000000,          273.7337200927,          215.4961403205,          133.5555364870,      5239954.1013128068,        58850.4459268248,            0.0187837874,            0.1575613025,            3.5439286941
           34.8595881395,          437.0000000000,          276.3898838817,          217.6441565886,          134.9574161306,      5398210.2215527240,        59998.0825306439,            0.0199668618,            0.1674895770,            3.6562814203
           34.8595881395,          442.0000000000,          279.0411637690,          219.7887813551,          136.3578110631,      5559363.7858779123,        61154.6607357474,            0.0212091475,            0.1779151121,            3.7710140030
           34.8595881395,          447.0000000000,          281.6876238343,          221.9300582522,          137.7567396267,      5723434.1656249436,        62320.1478763954,            0.0225137712,            0.1888642045,            3.8881660581
           34.8595881395,          452.0000000000,          284.3293266101,          224.0680298697,          139.1542197346,      5890440.6415497372,        63494.5117716611,            0.0238827967,            0.2003542081,            4.0077677724
           34.8595881395,          457.0000000000,          286.9663331351,          226.2027377904,          140.5502688857,      6060402.4052573862,        64677.7207129308,            0.0253181087,            0.2124009861,            4.1298474107
           34.8595881395,          462.0000000000,          289.5987030064,          228.3342226252,          141.9449041781,      6233338.5605938779,        65869.7434518602,            0.0268234165,            0.2250357278,            4.2544493299
           34.8595881395,          467.0000000000,          292.2264944280,          230.4625240459,          143.3381423230,      6409268.1250011399,        67070.5491887662,            0.0283998846,            0.2382682397,            4.3815956332
           34.8595881395,          472.0000000000,          294.8497642588,          232.5876808168,          144.7299996573,      6588210.0308367470,        68280.1075614314,            0.0300510222,            0.2521280358,            4.5113286717
           34.8595881395,          477.0000000000,          297.4685680570,          234.7097308246,          146.1204921560,      6770183.1266595777,        69498.3886343054,            0.0317794418,            0.2666371062,            4.6436834180
           34.8595881395,          482.0000000000,          300.0829601234,          236.8287111075,          147.5096354438,      6955206.1784826834,        70725.3628880831,            0.0335869491,            0.2818106436,            4.7786867627
           34.8595881395,          487.0000000000,          302.6929935425,          238.9446578827,          148.8974448061,      7143297.8709944766,        71961.0012096433,            0.0354779434,            0.2976856608,            4.9163888078
           34.8595881395,          492.0000000000,          305.2987202219,          241.0576065731,          150.2839352005,      7334476.8087494355,        73205.2748823318,            0.0374536275,            0.3142722921,            5.0568120121
           34.8595881395,          497.0000000000,          307.9001909303,          243.1675918320,          151.6691212662,      7528761.5173293231,        74458.1555765734,            0.0395179833,            0.3316040478,            5.2000021095
           34.8595881395,          504.5000000000,          311.7940086815,          246.3267272683,          153.7443273863,      7826446.2028363254,        76354.6209667374,            0.0427989034,            0.3591512172,            5.4204118687
           34.8595881395,          514.5000000000,          316.9720250635,          250.5293342767,          156.5070498822,      8233880.1165031958,        78911.6785681043,            0.0474963583,            0.3985945331,            5.7238577754
           34.8595881395,          524.5000000000,          322.1338773234,          254.7206747874,          159.2648034543,      8654066.6741449796,        81502.6730494654,            0.0526033748,            0.4414803443,            6.0390550950
           34.8595881395,          534.5000000000,          327.2799227312,          258.9009929933,          162.0176915404,      9087150.4765258096,        84127.3948808295,            0.0581473540,            0.4880393934,            6.3663316637
           34.8595881395,          544.5000000000,          332.4105041313,          263.0705233294,          164.7658135312,      9533274.9864864945,        86785.6397477938,            0.0641564691,            0.5385089843,            6.7060216190
           34.8595881395,          554.5000000000,          337.5259507788,          267.2294910343,          167.5092649996,      9992582.5589477010,        89477.2083276831,            0.0706601971,            0.5931374486,            7.0584690180
           34.8595881395,          564.5000000000,          342.6265791136,          271.3781126704,          170.2481379140,     10465214.4695872851,        92201.9060791886,            0.0776883920,            0.6521763103,            7.4240209545
           34.8595881395,          574.5000000000,          347.7126934770,          275.5165966055,          172.9825208357,     10951310.9422731437,        94959.5430444646,            0.0852736729,            0.7159005547,            7.8030470738
           34.8595881395,          584.5000000000,          352.7845867763,          279.6451434602,          175.7124991015,     11451011.1753265392,        97749.9336627406,            0.0934494001,            0.7845912901,            8.1959228283
           34.8595881395,          594.5000000000,          357.8425411031,          283.7639465236,          178.4381549952,     11964453.3666853067,       100572.8965945922,            0.1022500483,            0.8585391958,            8.6030330296
           34.8595881395,          604.5000000000,          362.8868283072,          287.8731921395,          181.1595679057,     12491774.7380309366,       103428.2545560906,            0.1117109865,            0.9380425831,            9.0247689312
           34.8595881395,          614.5000000000,          367.9177105318,          291.9730600672,          183.8768144753,     13033111.5579388626,       106315.8341621198,            0.1218704945,            1.0234242455,            9.4615463286
           34.8595881395,          624.5000000000,          372.9354407122,          296.0637238169,          186.5899687376,     13588599.1641069986,       109235.4657782148,            0.1327675674,            1.1150131662,            9.9137859664
           34.8595881395,          634.5000000000,          377.9402630414,          300.1453509642,          189.2991022469,     14158371.9847135693,       112186.9833803246,            0.1444417398,            1.2131429439,           10.3819136601
           34.8595881395,          644.5000000000,          382.9324134054,          304.2181034424,          192.0042841989,     14742563.5589517094,       115170.2244219601,            0.1569352554,            1.3181701164,           10.8663771108
           34.8595881395,          654.5000000000,          387.9121197895,          308.2821378179,          194.7055815439,     15341306.5567849632,       118185.0297082269,            0.1702920910,            1.4304659108,           11.3676384152
           34.8595881395,          664.5000000000,          392.8796026603,          312.3376055466,          197.4030590926,     15954732.7979649361,       121231.2432762868,            0.1845567597,            1.5504061484,           11.8861640095
           34.8595881395,          674.5000000000,          397.8350753225,          316.3846532157,          200.0967796158,     16582973.2703493927,       124308.7122818267,            0.1997753423,            1.6783799363,           12.4224327402
           34.8595881395,          684.5000000000,          402.7787442544,          320.4234227695,          202.7868039378,     17226158.1475566775,       127417.2868911494,            0.2159972606,            1.8148048424,           12.9769524357
           34.8595881395,          694.5000000000,          407.7108094225,          324.4540517223,          205.4731910248,     17884416.8059899807,       130556.8201785279,            0.2332725145,            1.9601032327,           13.5502346686
           34.8595881395,          704.5000000000,          412.6314645781,          328.4766733585,          208.1559980665,     18557877.8412627801,       133727.1680284946,            0.2516506889,            2.1146942030,           14.1427859194
           34.8595881395,          714.5000000000,          417.5408975356,          332.4914169206,          210.8352805553,     19246669.0840548277,       136928.1890427614,            0.2711874046,            2.2790478903,           14.7551661031
           34.8595881395,          724.5000000000,          422.4392904347,          336.4984077869,          213.5110923589,     19950917.6154261902,       140159.7444514885,            0.2919379789,            2.4536319230,           15.3879311333
           34.8595881395,          734.5000000000,          427.3268199883,          340.4977676387,          216.1834857900,     20670749.7816152126,       143421.6980286421,            0.3139566696,            2.6389052513,           16.0416273497
           34.8595881395,          744.5000000000,          432.2036577152,          344.4896146177,          218.8525116715,     21406291.2083446495,       146713.9160111979,            0.3373047982,            2.8353864709,           16.7168609579
           34.8595881395,          754.5000000000,          437.0699701608,          348.4740634758,          221.5182193985,     22157666.8146587200,       150036.2670219675,            0.3620436012,            3.0435938053,           17.4142368973
           34.8595881395,          764.5000000000,          441.9259191052,          352.4512257153,          224.1806569969,     22925000.8263126016,       153388.6219958383,            0.3882321565,            3.2640270912,           18.1343418045
           34.8595881395,          774.5000000000,          446.7716617602,          356.4212097226,          226.8398711786,     23708416.7887345962,       156770.8541092330,            0.4159381089,            3.4972591038,           18.8778353140
           34.8595881395,          784.5000000000,          451.6073509551,          360.3841208945,          229.4959073939,     24508037.5795799084,       160182.8387126088,            0.4452283852,            3.7438563398,           19.6453695192
           34.8595881395,          794.5000000000,          456.4331353136,          364.3400617569,          232.1488098814,     25323985.4208940752,       163624.4532658281,            0.4761674614,            4.0043649969,           20.4375779990
           34.8595881395,          804.5000000000,          461.2491594208,          368.2891320793,          234.7986217151,     26156381.8909029700,       167095.5772762418,            0.5088299976,            4.2794174413,           21.2551756856
           34.8595881395,          814.5000000000,          466.0555639818,          372.2314289811,          237.4453848489,     27005347.9354453981,       170596.0922393430,            0.5432880249,            4.5696241842,           22.0988610942
           34.8595881395,          824.5000000000,          470.8524859719,          376.1670470344,          240.0891401595,     27871003.8790633976,       174125.8815818488,            0.5796126060,            4.8755875029,           22.9693214492
           34.8595881395,          834.5000000000,          475.6400587799,          380.0960783607,          242.7299274866,     28753469.4357645623,       177684.8306070876,            0.6178856123,            5.1980012604,           23.8673326301
           34.8595881395,          844.5000000000,          480.4184123435,          384.0186127226,          245.3677856712,     29652863.7194700353,       181272.8264425675,            0.6581829147,            5.5375091307,           24.7936264100
           34.8595881395,          854.5000000000,          485.1876732782,          387.9347376121,          248.0027525923,     30569305.2541608103,       184889.7579896171,            0.7005855152,            5.8947981199,           25.7489710335
           34.8595881395,          864.5000000000,          489.9479650009,          391.8445383332,          250.6348652017,     31502911.9837346785,       188535.5158749917,            0.7451793487,            6.2705973689,           26.7341822569
           34.8595881395,          874.5000000000,          494.6994078457,          395.7480980820,          253.2641595573,     32453801.2815853134,       192209.9924043460,            0.7920476422,            6.6656132680,           27.7500480531
           34.8595881395,          884.5000000000,          499.4421191760,          399.6454980214,          255.8906708543,     33422089.9599143751,       195913.0815174822,            0.8412782449,            7.0805915375,           28.7973984852
           34.8595881395,          894.5000000000,          504.1762134903,          403.5368173542,          258.5144334556,     34407894.2787871957,       199644.6787452849,            0.8929660910,            7.5163384219,           29.8771232025
           34.8595881395,          904.5000000000,          508.9018025234,          407.4221333910,          261.1354809206,     35411329.9549416974,       203404.6811682618,            0.9471956640,            7.9735715212,           30.9900231089
           34.8595881395,          914.5000000000,          513.6189953428,          411.3015216162,          263.7538460327,     36432512.1703601107,       207192.9873766127,            1.0040706081,            8.4531713818,           32.1370611053
           34.8595881395,          924.5000000000,          518.3278984409,          415.1750557506,          266.3695608253,     37471555.5806124732,       211009.4974317551,            1.0636837777,            8.9559272681,           33.3191099201
           34.8595881395,          934.5000000000,          523.0286158230,          419.0428078111,          268.9826566071,     38528574.3229801208,       214854.1128292366,            1.1261349216,            9.4826871893,           34.5371002883
           34.8595881395,          944.5000000000,          527.7212490915,          422.9048481681,          271.5931639860,     39603682.0243677273,       218726.7364629715,            1.1915304315,           10.0343559169,           35.7920167961
           34.8595881395,          954.5000000000,          532.4058975260,          426.7612455998,          274.2011128920,     40696991.8090110868,       222627.2725907390,            1.2599701063,           10.6117822657,           37.0847914802
           34.8595881395,          964.5000000000,          537.0826581602,          430.6120673450,          276.8065325993,     41808616.3059885651,       226555.6268008874,            1.3315656773,           11.2159170150,           38.4164589513
           34.8595881395,          974.5000000000,          541.7516258555,          434.4573791526,          279.4094517469,     42938667.6565426737,       230511.7059801887,            1.4064281272,           11.8477048211,           39.7880453514
           34.8595881395,          984.5000000000,          546.4128933716,          438.2972453301,          282.0098983595,     44087257.5212188810,       234495.4182827927,            1.4846652683,           12.5080635977,           41.2005475331
           34.8595881395,          994.5000000000,          551.0665514336,          442.1317287891,          284.6078998660,     45254497.0868279189,       238506.6731002331,            1.5663991679,           13.1980330354,           42.6550883004
           34.8595881395,         1024.5000000000,          564.9754809757,          453.5983475339,          292.3851584039,     48888308.6487783343,       250731.9966251299,            1.8377414412,           15.4893890311,           47.3282895598
           34.8595881395,         1074.5000000000,          588.0252651013,          472.6160678391,          305.3047747733,     55296624.2119853273,       271604.5338269369,            2.3654938478,           19.9484399979,           55.9923396039
           34.8595881395,         1124.5000000000,          610.9030710376,          491.5118955784,          318.1688026399,     62195662.1440199539,       293146.6009863286,            3.0100203446,           25.3982027558,           65.9759335114
           34.8595881395,         1174.5000000000,          633.6177531248,          510.2919865474,          330.9799398218,     69598673.5663000345,       315348.4666190117,            3.7901821955,           31.9999419756,           77.4503071446
           34.8595881395,         1224.5000000000,          656.1773528220,          528.9619370805,          343.7406439337,     77518667.4655292928,       338200.9555766667,            4.7268626587,           39.9325167847,           90.6042292334
           34.8595881395,         1274.5000000000,          678.5892034627,          547.5268556634,          356.4531627158,     85968425.1694299281,       361695.3954661962,            5.8430762403,           49.3933902220,          105.6450194643
           34.8595881395,         1324.5000000000,          700.8600179298,          565.9914229272,          369.1195594926,     94960513.4041801691,       385823.5701613959,            7.1640837464,           60.5996947620,          122.7996156282
           34.8595881395,         1374.5000000000,          722.9959625749,          584.3599422774,          381.7417346974,    104507296.1225207001,       410577.6792318813,            8.7175255784,           73.7894671478,          142.3158408575
           34.8595881395,         1424.5000000000,          745.0027199626,          602.6363829071,          394.3214441921,    114620945.2601503432,       435950.3023451190,           10.5335074367,           89.2224820357,          164.4632138239
           34.8595881395,         1474.5000000000,          766.8855424620,          620.8244165683,          406.8603149552,    125313450.5528342277,       461934.3678763793,           12.6447484623,          107.1816377467,          189.5343792143
           34.8595881395,         1524.5000000000,          788.6492982865,          638.9274491867,          419.3598585931,    136596628.5262242258,       488523.1251014764,           15.0866983911,          127.9740752251,          217.8461955942
           34.8595881395,         1574.5000000000,          810.2985112574,          656.9486481902,          431.8214830374,    148482130.7536982298,       515710.1194577520,           17.8976325379,          151.9321278387,          249.7407223673
           34.8595881395,         1624.5000000000,          831.8373953211,          674.8909662485,          444.2465027228,    160981451.4637895823,       543489.1704468624,           21.1187985248,          179.4147219168,          285.5866025384
           34.8595881395,         1674.5000000000,          853.2698846507,          692.7571619928,          456.6361474824,    174105934.5673902929,       571854.3518236526,           24.7945133513,          210.8083644525,          325.7800912386
           34.8595881395,         1724.5000000000,          874.5996600122,          710.5498181765,          468.9915703571,    187866780.1654185951,       600799.9737726204,           28.9723259019,          246.5287098776,          370.7465843778
           34.8595881395,         1774.5000000000,          895.8301719544,          728.2713576597,          481.3138544778,    202275050.5896737278,       630320.5668200664,           33.7030904137,          287.0213639960,          420.9414607834
           34.8595881395,         1824.5000000000,          916.9646612826,          745.9240575312,          493.6040191546,    217341676.0228823423,       660410.8672682336,           39.0411181650,          332.7633782471,          476.8515625954
           34.8595881395,         1874.5000000000,          938.0061772019,          763.5100616311,          505.8630252828,    233077459.7382415533,       691065.8039692447,           45.0442924159,          384.2644545661,          538.9964297872
           34.8595881395,         1924.5000000000,          958.9575934474,          781.0313916916,          518.0917801596,    249493082.9939058423,       722280.4862827854,           51.7741985536,          442.0682683084,          607.9296019550
           34.8595881395,         1974.5000000000,          979.8216226751,          798.4899572816,          530.2911417883,    266599109.6137117445,       754050.1930832802,           59.2962288171,          506.7536223484,          684.2397329607
           34.8595881395,         2024.5000000000,         1000.6008293362,          815.8875647104,          542.4619227367,    284405990.2818543911,       786370.3627005788,           67.6797321045,          578.9359527847,          768.5522492457
           34.8595881395,         2074.5000000000,         1021.2976412315,          833.2259250217,          554.6048936056,    302924066.5761470199,       819236.5836935688,           76.9981143875,          659.2685091572,          861.5303950255
           34.8595881395,         2124.5000000000,         1041.9143599076,          850.5066611915,          566.7207861554,    322163574.7618189454,       852644.5863691508,           87.3289674033,          748.4436952678,          963.8765711569
           34.8595881395,         2174.5000000000,         1062.4531700368,          867.7313146256,          578.8102961317,    342134649.3654787540,       886590.2349700747,           98.7542085731,          847.1945866957,         1076.3339809689
           34.8595881395,         2224.5000000000,         1082.9161479003,          884.9013510388,          590.8740858250,    362847326.5468404889,       921069.5204645966,          111.3601838043,          956.2961551773,         1199.6877283067
           34.8595881395,         2274.5000000000,         1103.3052690789,          902.0181657889,          602.9127863947,    384311547.2840265632,       956078.5538789850,          125.2377999829,         1076.5666729486,         1334.7662527568
           34.8595881395,         2324.5000000000,         1123.6224154413,          919.0830887247,          614.9269999850,    406537160.3867042661,       991613.5601208815,          140.4826483976,         1208.8692264420,         1482.4429586795
           34.8595881395,         2374.5000000000,         1143.8693815077,          936.0973886037,          626.9173016534,    429533925.3499258161,      1027670.8722475065,          157.1951211522,         1354.1129895908,         1643.6374870762
           34.8595881395,         2424.5000000000,         1164.0478802560,          953.0622771249,          638.8842411344,    453311515.0603327155,      1064246.9261379123,          175.4805489002,         1513.2549138921,         1819.3168913815
           34.8595881395,         2474.5000000000,         1184.1595484311,          969.9789126177,          650.8283444531,    477879518.3652967811,      1101338.2555329876,          195.4492920219,         1687.3007272507,         2010.4977287363
           34.8595881395,         2524.5000000000,         1204.2059514073,          986.8484034229,          662.7501154062,    503247442.5146179199,      1138941.4874108564,          217.2169234027,         1877.3071567764,         2218.2471072484
           34.8595881395,         2574.5000000000,         1224.1885876518,         1003.6718109962,          674.6500369233,    529424715.4835392237,      1177053.3376687497,          240.9042576593,         2084.3825160278,         2443.6839757598
           34.8595881395,         2624.5000000000,         1244.1088928263,         1020.4501527633,          686.5285723188,    556420688.1850773096,      1215670.6070854417,          266.6375539083,         2309.6889458294,         2687.9811928632
           34.8595881395,         2674.5000000000,         1263.9682435652,         1037.1844047497,          698.3861664476,    584244636.5789831877,      1254790.1775409803,          294.5485984297,         2554.4435205508,         2952.3667175795
           34.8595881395,         2724.5000000000,         1283.7679609595,         1053.8755040070,          710.2232467715,    612905763.6840364933,      1294409.0084727844,          324.7748319475,         2819.9201228475,         3238.1251323912
           34.8595881395,         2774.5000000000,         1303.5093137750,         1070.5243508557,          722.0402243459,    642413201.4998205900,      1334524.1335492297,          357.4594759199,         3107.4507093240,         3546.5997337643
           34.8595881395,         2824.5000000000,         1323.1935214295,         1087.1318109601,          733.8374947342,    672776012.8436354399,      1375132.6575436734,          392.7515863030,         3418.4266897047,         3879.1925458976
           34.8595881395,         2874.5000000000,         1342.8217567512,         1103.6987172523,          745.6154388545,    704003193.1077500582,      1416231.7533934778,          430.8063017132,         3754.3012386187,         4237.3682385157
           34.8595881395,         2924.5000000000,         1362.3951485374,         1120.2258717168,          757.3744237681,    736103671.9417970181,      1457818.6594300419,          471.7848339191,         4116.5903866189,         4622.6539742087
           34.8595881395,         2974.5000000000,         1381.9147839310,         1136.7140470498,          769.1148034110,    769086314.8647401333,      1499890.6767671222,          515.8546557975,         4506.8746203655,         5036.6414789067
           34.8595881395,         3024.5000000000,         1401.3817106320,         1153.1639882024,          780.8369192764,    802959924.8105120659,      1542445.1668358732,          563.1895438743,         4926.8004728528,         5480.9890719473
           34.8595881395,         3074.5000000000,         1420.7969389557,         1169.5764138193,          792.5411010503,    837733243.6111227274,      1585479.5490560574,          613.9697684034,         5378.0824718890,         5957.4226150108
           34.8595881395,         3124.5000000000,         1440.1614437529,         1185.9520175796,          804.2276672051,    873414953.4207490683,      1628991.2986338083,          668.3822216498,         5862.5051898183,         6467.7381970136
           34.8595881395,         3174.5000000000,         1459.4761662018,         1202.2914694497,          815.8969255543,    910013678.0840845108,      1672977.9444771248,          726.6203635892,         6381.9233431109,         7013.8022396382
           34.8595881395,         3224.5000000000,         1478.7420154826,         1218.5954168546,          827.5491737716,    947537984.4519724846,      1717437.0672210548,          788.8844958709,         6938.2649759291,         7597.5551749961
           34.8595881395,         3274.5000000000,         1497.9598703443,         1234.8644857734,          839.1846998764,    985996383.6471644640,      1762366.2973551624,          855.3819207901,         7533.5337084287,         8221.0123830209
           34.8595881395,         3324.5000000000,         1517.1305805719,         1251.0992817664,          850.8037826901,   1025397332.2828211784,      1807763.3134464987,          926.3267505684,         8169.8077609891,         8886.2634636541
           34.8595881395,         3374.5000000000,         1536.2549683623,         1267.3003909378,          862.4066922636,   1065749233.6362295151,      1853625.8404518303,         1001.9403276560,         8849.2445771504,         9595.4790111817
           34.8595881395,         3424.5000000000,         1555.3338296145,         1283.4683808400,          873.9936902787,   1107060438.7800126076,      1899951.6481133816,         1082.4512394830,         9574.0818323377,        10350.9090885686
           34.8595881395,         3474.5000000000,         1574.3679351427,         1299.6038013225,          885.5650304260,   1149339247.6729922295,      1946738.5494327904,         1168.0951850509,        10346.6368387722,        11154.8825263473
           34.8595881395,         3524.5000000000,         1593.3580318159,         1315.7071853310,          897.1209587604,   1192593910.2126986980,      1993984.3992183900,         1259.1155599060,        11169.3132744846,        12009.8158176342
           34.8595881395,         3574.5000000000,         1612.3048436308,         1331.7790496593,          908.6617140361,   1236832627.2514135838,      2041687.0927012987,         1355.7629154063,        12044.5966150482,        12918.2077197334
           34.8595881395,         3624.5000000000,         1631.2090727219,         1347.8198956576,          920.1875280219,   1282063551.5775072575,      2089844.5642161286,         1458.2958229986,        12975.0631992727,        13882.6465573914
           34.8595881395,         3674.5000000000,         1650.0714003141,         1363.8302099007,          931.6986257994,   1328294788.8637166023,      2138454.7859424567,         1566.9800625429,        13963.3740949199,        14905.8066497328
           34.8595881395,         3724.5000000000,         1668.8924876213,         1379.8104648186,          943.1952260443,   1375534398.5839319229,      2187515.7667034520,         1682.0895947179,        15012.2844425411,        15990.4567001576
           34.8595881395,         3774.5000000000,         1687.6729766944,         1395.7611192916,          954.6775412919,   1423790394.8999330997,      2237025.5508183362,         1803.9059465829,        16124.6397016412,        17139.4541731306
           34.8595881395,         3824.5000000000,         1706.4134912233,         1411.6826192132,          966.1457781889,   1473070747.5194640160,      2286982.2170055760,         1932.7189092995,        17303.3812958599,        18355.7550070190
           34.8595881395,         3874.5000000000,         1725.1146372949,         1427.5753980228,          977.6001377314,   1523383382.5269327164,      2337383.8773339330,         2068.8258446096,        18551.5450161755,        19642.4066893797
           34.8595881395,         3924.5000000000,         1743.7770041104,         1443.4398772094,          989.0408154900,   1574736183.1879537106,      2388228.6762186796,         2212.5330152891,        19872.2695329716,        21002.5626632111
           34.8595881395,         3974.5000000000,         1762.4011646649,         1459.2764667892,         1000.4680018236,   1627136990.7288901806,      2439514.7894604965,         2364.1536211482,        21268.7842895237,        22439.4671942015
           34.8595881395,         4024.5000000000,         1780.9876763910,         1475.0855657582,         1011.8818820822,   1680593605.0924682617,      2491240.4233247079,         2524.0105415409,        22744.4323767162,        23956.4748617129
           34.8595881395,         4074.5000000000,         1799.5370817698,         1490.8675625214,         1023.2826367993,   1735113785.6705064774,      2543403.8136586822,         2692.4339469135,        24302.6512426910,        25557.0383445545
           34.8595881395,         4124.5000000000,         1818.0499089099,         1506.6228353004,         1034.6704418744,   1790705252.0147087574,      2596003.2250453755,         2869.7627911920,        25946.9886258364,        27244.7186641272
           34.8595881395,         4174.5000000000,         1836.5266720981,         1522.3517525207,         1046.0454687469,   1847375684.5264544487,      2649036.9499910972,         3056.3445611989,        27681.1005814964,        29023.1869099406
           34.8595881395,         4224.5000000000,         1854.9678723219,         1538.0546731796,         1057.4078845609,   1905132725.1264455318,      2702503.3081457354,         3252.5351421232,        29508.7508561500,        30896.2207054759
           34.8595881395,         4274.5000000000,         1873.3739977670,         1553.7319471960,         1068.7578523229,   1963983977.9050321579,      2756400.6455537691,         3458.6988911666,        31433.8142027147,        32867.7091776432
           34.8595881395,         4324.5000000000,         1891.7455242899,         1569.3839157435,         1080.0955310508,   2023937009.7539956570,      2810727.3339344952,         3675.2090805714,        33460.2823247362,        34941.6585811345
           34.8595881395,         4374.5000000000,         1910.0829158683,         1585.0109115675,         1091.4210759170,   2084999350.9805355072,      2865481.7699900251,         3902.4473890648,        35592.2590033333,        37122.1887449708
           34.8595881395,         4424.5000000000,         1928.3866250297,         1600.6132592874,         1102.7346383839,   2147178495.9041500092,      2920662.3747396492,         4140.8046123941,        37833.9705176840,        39413.5382677917
           34.8595881395,         4474.5000000000,         1946.6570932606,         1616.1912756843,         1114.0363663335,   2210481903.4370822906,      2976267.5928792991,         4390.6799201641,        40189.7573412815,        41820.0659128782
           34.8595881395,         4524.5000000000,         1964.8947513957,         1631.7452699760,         1125.3264041917,   2274916997.6489653587,      3032295.8921648632,         4652.4812584395,        42664.0825549486,        44346.2455078342
           34.8595881395,         4574.5000000000,         1983.1000199896,         1647.2755440790,         1136.6048930454,   2340491168.3162674904,      3088745.7628182550,         4926.6257452811,        45261.5358838818,        46996.6840349652
           34.8595881395,         4624.5000000000,         2001.2733096722,         1662.7823928588,         1147.8719707561,   2407211771.4571094513,      3145615.7169550997,         5213.5395645729,        47986.8331094330,        49776.1179060605
           34.8595881395,         4674.5000000000,         2019.4150214873,         1678.2661043688,         1159.1277720673,   2475086129.8519959450,      3202904.2880330738,         5513.6569828717,        50844.8120172763,        52689.3918161931
           34.8595881395,         4724.5000000000,         2037.5255472164,         1693.7269600790,         1170.3724287079,   2544121533.5509815216,      3260610.0303199100,         5827.4217199708,        53840.4431186741,        55741.4985402719
           34.8595881395,         4774.5000000000,         2055.6052696883,         1709.1652350946,         1181.6060694905,   2614325240.3677740097,      3318731.5183801814,         6155.2862498947,        56978.8276812209,        58937.5523227203
           34.8595881395,         4824.5000000000,         2073.6545630757,         1724.5811983649,         1192.8288204060,   2685704476.3612284660,      3377267.3465799927,         6497.7126744694,        60265.2088840044,        62282.8122961309
           34.8595881395,         4874.5000000000,         2091.6737931777,         1739.9751128831,         1204.0408047141,   2758266436.3047008514,      3436216.1286088019,         6855.1711810480,        63704.9527489637,        65782.6621485843
           34.8595881395,         4924.5000000000,         2109.6633176921,         1755.3472358785,         1215.2421430298,   2832018284.1436748505,      3495576.4970175754,         7228.1408208452,        67303.5678546961,        69442.6254486719
           34.8595881395,         4974.5000000000,         2127.6234864742,         1770.6978189998,         1226.4329534061,   2906967153.4420814514,      3555347.1027725921,         7617.1104972862,        71066.7055775230,        73268.3680311884
           34.8595881395,         5049.5000000000,         2154.5058801622,         1793.6812269246,         1243.1984008171,   3021802244.5923609734,      3645820.1672569881,         8233.8126386597,        77055.0072280947,        79353.1412070152
           34.8595881395,         5149.5000000000,         2190.2542925447,         1824.2561827897,         1265.5182759738,   3178970628.1621122360,      3767806.3302063351,         9114.0517037331,        85642.1686887194,        88073.2806588231
           34.8595881395,         5249.5000000000,         2225.8912070884,         1854.7492437470,         1287.7980425255,   3341054001.3878526688,      3891410.0508726332,        10067.5351033171,        94996.4558692493,        97565.8872939916
           34.8595881395,         5349.5000000000,         2261.4190860831,         1885.1621832898,         1310.0385346957,   3508108046.2675590515,      4016621.3508937792,        11098.5948066450,       105170.1031016850,       107883.3312743099
           34.8595881395,         5449.5000000000,         2296.8402924812,         1915.4967041005,         1332.2405540946,   3680188006.9885988235,      4143430.5000773096,        12211.7021908464,       116217.8210660753,       119080.4682395804
           34.8595881395,         5549.5000000000,         2332.1570956529,         1945.7544421247,         1354.4048715686,   3857348701.4616465569,      4271828.0057574632,        13411.4665427511,       128196.8588517038,       131214.6899901803
           34.8595881395,         5649.5000000000,         2367.3716767108,         1975.9369703413,         1376.5322289143,   4039644532.3453311920,      4401804.6027934765,        14702.6306137394,       141167.0513464110,       144345.9815484959
           34.8595881395,         5749.5000000000,         2402.4861334418,         2006.0458022569,         1398.6233404673,   4227129497.5928258896,      4533351.2441597637,        16090.0689706983,       155190.8886801887,       158536.9714922001
           34.8595881395,         5849.5000000000,         2437.5024848835,         2036.0823951492,         1420.6788945790,   4419857200.5491981506,      4666459.0920831803,        17578.7843205024,       170333.5748545064,       173853.0263891344
           34.8595881395,         5949.5000000000,         2472.4226755747,         2066.0481530806,         1442.6995549898,   4617880859.6261100769,      4801119.5096867038,        19173.9033194472,       186663.0860643004,       190362.2667817746
           34.8595881395,         6049.5000000000,         2507.2485795090,         2095.9444297026,         1464.6859621073,   4821253317.5784616470,      4937324.0531025203,        20880.6729904940,       204250.2273547000,       208135.6668428317
           34.8595881395,         6149.5000000000,         2541.9820038174,         2125.7725308688,         1486.6387341989,   5030027050.4057521820,      5075064.4640207766,        22704.4507691914,       223168.6525722995,       227247.0247723795
           34.8595881395,         6249.5000000000,         2576.6246922008,         2155.5337170718,         1508.5584685048,   5244254175.8992891312,      5214332.6626431942,        24650.7074394254,       243494.9900977602,       247773.1374258882
           34.8595881395,         6349.5000000000,         2611.1783281355,         2185.2292057188,         1530.4457422775,   5463986461.8548374176,      5355120.7410133826,        26725.0095547336,       265308.7937411966,       269793.7247614127
           34.8595881395,         6449.5000000000,         2645.6445378676,         2214.8601732597,         1552.3011137555,   5689275333.9689302444,      5497420.9566980693,        28933.0187679935,       288692.6415557555,       293391.5245975671
           34.8595881395,         6549.5000000000,         2680.0248932154,         2244.4277571780,         1574.1251230742,   5920171883.4358386993,      5641225.7267955868,        31280.4872716272,       313732.2203275863,       318652.3971650586
           34.8595881395,         6649.5000000000,         2714.3209141933,         2273.9330578560,         1595.9182931205,   6156726874.2609500885,      5786527.6222499190,        33773.2391210183,       340516.2674590195,       345665.2507438380
           34.8595881395,         6749.5000000000,         2748.5340714722,         2303.3771403251,         1617.6811303346,   6398990750.3053255081,      5933319.3624503231,        36417.1674264830,       369136.6636370620,       374522.1332186752
           34.8595881395,         6849.5000000000,         2782.6657886876,         2332.7610359071,         1639.4141254631,   6647013642.0752439499,      6081593.8100981461,        39218.2232592898,       399688.4686338307,       405318.2865573589
           34.8595881395,         6949.5000000000,         2816.7174446084,         2362.0857437583,         1661.1177542675,   6900845373.2694911957,      6231343.9663238898,        42182.4009735049,       432269.9033742875,       438152.0966142134
           34.8595881395,         7049.5000000000,         2850.6903751755,         2391.3522323202,         1682.7924781904,   7160535467.0965547562,      6382562.9660388837,        45315.7317943088,       466982.4314862794,       473125.2362901704
           34.8595881395,         7149.5000000000,         2884.5858754204,         2420.5614406859,         1704.4387449839,   7426133152.3729276657,      6535244.0735071078,        48624.2654973288,       503930.7282605478,       510342.5410998414
           34.8595881395,         7249.5000000000,         2918.4052012720,         2449.7142798873,         1726.0569893010,   7697687369.4131155014,      6689380.6781237582,        52114.0566799562,       543222.6873256280,       549912.1074164765
           34.8595881395,         7349.5000000000,         2952.1495712603,         2478.8116341090,         1747.6476332545,   7975246775.7212648392,      6844966.2903882423,        55791.1555208370,       584969.4830649738,       591945.2728969980
           34.8595881395,         7449.5000000000,         2985.8201681229,         2507.8543618335,         1769.2110869443,   8258859751.4937410355,      7001994.5380600281,        59661.5841494040,       629285.4943315069,       636556.6161044963
           34.8595881395,         7549.5000000000,         3019.4181403225,         2536.8432969233,         1790.7477489559,   8548574404.9414253235,      7160459.1624867618,        63731.3228874681,       676288.3414635641,       683863.9856328544
           34.8595881395,         7649.5000000000,         3052.9446034810,         2565.7792496435,         1812.2580068319,   8844438577.4399299622,      7320354.0150946816,        68006.2928751431,       726098.8541167866,       733988.3523444947
           34.8595881395,         7749.5000000000,         3086.4006417348,         2594.6630076289,         1833.7422375184,   9146499848.5155391693,      7481673.0540321646,        72492.3457968899,       778841.1432886752,       787054.0197069106
           34.8595881395,         7849.5000000000,         3119.7873090181,         2623.4953368001,         1855.2008077873,   9454805540.6741867065,      7644410.3409577999,        77195.2160941931,       834642.3071982492,       843188.3516505482
           34.8595881395,         7949.5000000000,         3153.1056302783,         2652.2769822308,         1876.6340746375,   9769402724.0803413391,      7808560.0379650136,        82120.5349784023,       893632.7473847298,       902521.9193581681
           34.8595881395,         8049.5000000000,         3186.3566026270,         2681.0086689702,         1898.0423856744,  10090338221.0923366547,      7974116.4046357460,        87273.7857763001,       955945.8793472878,       965188.3035744469
           34.8595881395,         8149.5000000000,         3219.5411964329,         2709.6911028229,         1919.4260794713,  10417658610.6602859497,      8141073.7952163005,        92660.2829470314,      1021718.1248515979,      1031324.1624510780
           34.8595881395,         8249.5000000000,         3252.6603563574,         2738.3249710897,         1940.7854859112,  10751410232.5924263000,      8309426.6559087504,        98285.1617802475,      1091088.9719403735,      1101069.1759445472
           34.8595881395,         8349.5000000000,         3285.7150023392,         2766.9109432710,         1962.1209265133,  11091639191.6953067780,      8479169.5222719293,       104153.3281521957,      1164200.6649881599,      1174565.8513320857
           34.8595881395,         8449.5000000000,         3318.7060305295,         2795.4496717352,         1983.4327147418,  11438391361.7931747437,      8650297.0167262275,       110269.4557677610,      1241198.3719924190,      1251959.5632118064
           34.8595881395,         8549.5000000000,         3351.6343141809,         2823.9417923544,         2004.7211563015,  11791712389.6313209534,      8822803.8461569268,       116637.9491340099,      1322230.0063718688,      1333398.3788938546
           34.8595881395,         8649.5000000000,         3384.5007044935,         2852.3879251101,         2025.9865494176,  12151647698.6682205200,      8996684.7996109910,       123262.9073722958,      1407445.9969291561,      1419033.0359439736
           34.8595881395,         8749.5000000000,         3417.3060314200,         2880.7886746685,         2047.2291851036,  12518242492.7607517242,      9171934.7460827306,       130148.1043834250,      1496999.3705714026,      1509016.6816455733
           34.8595881395,         8849.5000000000,         3450.0511044327,         2909.1446309302,         2068.4493474155,  12891541759.7468509674,      9348548.6323838290,       137296.9675491444,      1591045.6369370252,      1603505.0641886191
           34.8595881395,         8949.5000000000,         3482.7367132546,         2937.4563695530,         2089.6473136956,  13271590274.9294757843,      9526521.4810936619,       144712.5169199109,      1689742.4562672907,      1702656.1494729989
           34.8595881395,         9049.5000000000,         3515.3636285562,         2965.7244524511,         2110.8233548036,  13658432604.4657497406,      9705848.3885859810,       152397.3569700657,      1793249.6778079444,      1806629.9652501855
           34.8595881395,         9149.5000000000,         3547.9326026206,         2993.9494282714,         2131.9777353389,  14052113108.6648635864,      9886524.5231283363,       160353.6400071252,      1901729.1863821223,      1915588.6232638373
           34.8595881395,         9249.5000000000,         3580.4443699780,         3022.1318328484,         2153.1107138513,  14452675945.1981811523,     10068545.1230507474,       168583.0290304855,      2015344.7289824102,      2029696.0922034609
           34.8595881395,         9349.5000000000,         3612.8996480122,         3050.2721896384,         2174.2225430437,  14860165072.2248153687,     10251905.4949803930,       177086.6688662471,      2134261.8076035473,      2149118.2653585784
           34.8595881395,         9449.5000000000,         3645.2991375397,         3078.3710101347,         2195.3134699653,  15274624251.4358062744,     10436601.0121392701,       185865.1170125676,      2258647.1775100762,      2274021.8318942245
           34.8595881395,         9549.5000000000,         3677.6435233636,         3106.4287942647,         2216.3837361966,  15696097051.0198364258,     10622627.1127019078,       194918.3666472785,      2388669.1932300129,      2404575.6892666756
           34.8595881395,         9649.5000000000,         3709.9334748030,         3134.4460307700,         2237.4335780265,  16124626848.5533123016,     10809979.2982104309,       204245.7722497402,      2524497.3483140720,      2540949.4795044512
           34.8595881395,         9749.5000000000,         3742.1696462000,         3162.4231975696,         2258.4632266214,  16560256833.8175849915,     10998653.1320443563,       213846.0094177577,      2666302.0200734441,      2683313.7814939125
           34.8595881395,         9849.5000000000,         3774.3526774049,         3190.3607621079,         2279.4729081883,  17003030011.5457496643,     11188644.2379427403,       223717.0725112643,      2814254.6089636018,      2831840.2447097669
           34.8595881395,         9949.5000000000,         3806.4831942411,         3218.2591816889,         2300.4628441299,  17452989204.1015930176,     11379948.2985763457,       233856.1820547936,      2968526.6947549637,      2986700.8086366756
           34.8595881395,        10000.0000000000,         3822.6914935586,         3232.3347532984,         2311.0561362638,  17682660850.5997810364,     11477000.0000000000,       239066.2834975819,      3048616.1094092070,      3067092.3533713226
