    4.80000000E+04     5.00000000E-01     6.54498000E-05     1.09000110E+00     1.84494000E-05     0.00000000E+00     2.40000000E-09     0.00000000E+00     0.00000000E+00     3.10000000E-09     0.00000000E+00
    4.80000000E+04     1.00000000E+00     1.30899700E-04     1.09000110E+00     1.84494000E-05     0.00000000E+00     1.95000000E-08     0.00000000E+00     0.00000000E+00     6.20000000E-09     0.00000000E+00
    4.80000000E+04     1.50000000E+00     1.96349600E-04     1.09000110E+00     1.84494000E-05     0.00000000E+00     6.59000000E-08     0.00000000E+00     0.00000000E+00     9.30000000E-09     0.00000000E+00
    4.80000000E+04     2.00000000E+00     2.61799400E-04     1.09000110E+00     1.84494000E-05     0.00000000E+00     1.56200000E-07     0.00000000E+00     0.00000000E+00     1.24000000E-08     0.00000000E+00
    4.80000000E+04     2.50000000E+00     3.27249200E-04     1.09000110E+00     1.84494000E-05     0.00000000E+00     3.05100000E-07     0.00000000E+00     0.00000000E+00     1.55000000E-08     0.00000000E+00
    4.80000000E+04     3.00000000E+00     3.92699100E-04     1.09000110E+00     1.84494000E-05     0.00000000E+00     5.27200000E-07     0.00000000E+00     0.00000000E+00     1.86000000E-08     0.00000000E+00
    4.80000000E+04     3.50000000E+00     4.58148900E-04     1.09000110E+00     1.84494000E-05     0.00000000E+00     8.37200000E-07     0.00000000E+00     0.00000000E+00     2.18000000E-08     0.00000000E+00
    4.80000000E+04     4.00000000E+00     5.23598800E-04     1.09000110E+00     1.84494000E-05     0.00000000E+00     1.24980000E-06     0.00000000E+00     0.00000000E+00     2.49000000E-08     0.00000000E+00
    4.80000000E+04     4.50000000E+00     5.89048600E-04     1.09000110E+00     1.84494000E-05     0.00000000E+00     1.77940000E-06     0.00000000E+00     0.00000000E+00     2.80000000E-08     0.00000000E+00
    4.80000000E+04     5.00000000E+00     6.54498500E-04     1.09000110E+00     1.84494000E-05     0.00000000E+00     2.44090000E-06     0.00000000E+00     0.00000000E+00     3.11000000E-08     0.00000000E+00
    4.80000000E+04     5.50000000E+00     7.19948300E-04     1.09000110E+00     1.84494000E-05     0.00000000E+00     3.24890000E-06     0.00000000E+00     0.00000000E+00     3.42000000E-08     0.00000000E+00
    4.80000000E+04     6.00000000E+00     7.85398200E-04     1.09000110E+00     1.84494000E-05     0.00000000E+00     4.21790000E-06     0.00000000E+00     0.00000000E+00     3.73000000E-08     0.00000000E+00
    4.80000000E+04     6.50000000E+00     8.50848000E-04     1.09000110E+00     1.84494000E-05     0.00000000E+00     5.36270000E-06     0.00000000E+00     0.00000000E+00     4.04000000E-08     0.00000000E+00
    4.80000000E+04     7.00000000E+00     9.16297900E-04     1.09000110E+00     1.84494000E-05     0.00000000E+00     6.69790000E-06     0.00000000E+00     0.00000000E+00     4.35000000E-08     0.00000000E+00
    4.80000000E+04     7.50000000E+00     9.81747700E-04     1.09000110E+00     1.84494000E-05     0.00000000E+00     8.23810000E-06     0.00000000E+00     0.00000000E+00     4.66000000E-08     0.00000000E+00
    4.80000000E+04     8.00000000E+00     1.04719760E-03     1.09000110E+00     1.84494000E-05     0.00000000E+00     9.99800000E-06     0.00000000E+00     0.00000000E+00     4.97000000E-08     0.00000000E+00
    4.80000000E+04     8.50000000E+00     1.11264740E-03     1.09000110E+00     1.84494000E-05     0.00000000E+00     1.19923000E-05     0.00000000E+00     0.00000000E+00     5.28000000E-08     0.00000000E+00
    4.80000000E+04     9.00000000E+00     1.17809730E-03     1.09000110E+00     1.84494000E-05     0.00000000E+00     1.42355000E-05     0.00000000E+00     0.00000000E+00     5.59000000E-08     0.00000000E+00
    4.80000000E+04     9.50000000E+00     1.24354710E-03     1.09000110E+00     1.84494000E-05     0.00000000E+00     1.67423000E-05     0.00000000E+00     0.00000000E+00     5.90000000E-08     0.00000000E+00
    4.80000000E+04     1.00000000E+01     1.30899700E-03     1.09000110E+00     1.84494000E-05     0.00000000E+00     1.95274000E-05     0.00000000E+00     0.00000000E+00     6.22000000E-08     0.00000000E+00
    4.80000000E+04     1.05000000E+01     1.37444680E-03     1.09000110E+00     1.84494000E-05     0.00000000E+00     2.26054000E-05     0.00000000E+00     0.00000000E+00     6.53000000E-08     0.00000000E+00
    4.80000000E+04     1.10000000E+01     1.43989670E-03     1.09000110E+00     1.84494000E-05     0.00000000E+00     2.59910000E-05     0.00000000E+00     0.00000000E+00     6.84000000E-08     0.00000000E+00
    4.80000000E+04     1.15000000E+01     1.50534650E-03     1.09000110E+00     1.84494000E-05     0.00000000E+00     2.96988000E-05     0.00000000E+00     0.00000000E+00     7.15000000E-08     0.00000000E+00
    4.80000000E+04     1.20000000E+01     1.57079640E-03     1.09000110E+00     1.84494000E-05     0.00000000E+00     3.37434000E-05     0.00000000E+00     0.00000000E+00     7.46000000E-08     0.00000000E+00
    4.80000000E+04     1.25000000E+01     1.63624620E-03     1.09000110E+00     1.84494000E-05     0.00000000E+00     3.81395000E-05     0.00000000E+00     0.00000000E+00     7.77000000E-08     0.00000000E+00
    4.80000000E+04     1.30000000E+01     1.70169610E-03     1.09000110E+00     1.84494000E-05     0.00000000E+00     4.29017000E-05     1.00000000E-10     0.00000000E+00     8.08000000E-08     0.00000000E+00
    4.80000000E+04     1.35000000E+01     1.76714590E-03     1.09000110E+00     1.84494000E-05     1.00000000E-10     4.80448000E-05     1.00000000E-10     0.00000000E+00     8.39000000E-08     0.00000000E+00
    4.80000000E+04     1.40000000E+01     1.83259580E-03     1.09000110E+00     1.84494000E-05     1.00000000E-10     5.35833000E-05     1.00000000E-10     0.00000000E+00     8.70000000E-08     0.00000000E+00
    4.80000000E+04     1.45000000E+01     1.89804560E-03     1.09000110E+00     1.84494000E-05     1.00000000E-10     5.95318000E-05     1.00000000E-10     0.00000000E+00     9.01000000E-08     0.00000000E+00
    4.80000000E+04     1.50000000E+01     1.96349550E-03     1.09000110E+00     1.84494000E-05     1.00000000E-10     6.59051000E-05     1.00000000E-10     0.00000000E+00     9.32000000E-08     0.00000000E+00
    4.80000000E+04     1.55000000E+01     2.02894530E-03     1.09000110E+00     1.84494000E-05     1.00000000E-10     7.27177000E-05     2.00000000E-10     0.00000000E+00     9.63000000E-08     0.00000000E+00
    4.80000000E+04     1.60000000E+01     2.09439520E-03     1.09000110E+00     1.84494000E-05     1.00000000E-10     7.99844000E-05     2.00000000E-10     0.00000000E+00     9.95000000E-08     0.00000000E+00
    4.80000000E+04     1.65000000E+01     2.15984500E-03     1.09000110E+00     1.84494000E-05     2.00000000E-10     8.77197000E-05     3.00000000E-10     0.00000000E+00     1.02600000E-07     0.00000000E+00
    4.80000000E+04     1.70000000E+01     2.22529490E-03     1.09000110E+00     1.84494000E-05     2.00000000E-10     9.59384000E-05     3.00000000E-10     0.00000000E+00     1.05700000E-07     0.00000000E+00
    4.80000000E+04     1.75000000E+01     2.29074470E-03     1.09000110E+00     1.84494000E-05     2.00000000E-10     1.04655000E-04     4.00000000E-10     0.00000000E+00     1.08800000E-07     0.00000000E+00
    4.80000000E+04     1.80000000E+01     2.35619460E-03     1.09000110E+00     1.84494000E-05     3.00000000E-10     1.13884200E-04     4.00000000E-10     0.00000000E+00     1.11900000E-07     0.00000000E+00
    4.80000000E+04     1.85000000E+01     2.42164440E-03     1.09000110E+00     1.84494000E-05     3.00000000E-10     1.23640600E-04     5.00000000E-10     0.00000000E+00     1.15000000E-07     0.00000000E+00
    4.80000000E+04     1.90000000E+01     2.48709430E-03     1.09000110E+00     1.84494000E-05     4.00000000E-10     1.33938900E-04     6.00000000E-10     0.00000000E+00     1.18100000E-07     0.00000000E+00
    4.80000000E+04     1.95000000E+01     2.55254410E-03     1.09000110E+00     1.84494000E-05     5.00000000E-10     1.44793800E-04     7.00000000E-10     0.00000000E+00     1.21200000E-07     0.00000000E+00
    4.80000000E+04     2.00000000E+01     2.61799400E-03     1.09000110E+00     1.84494000E-05     5.00000000E-10     1.56219800E-04     8.00000000E-10     0.00000000E+00     1.24300000E-07     0.00000000E+00
    4.80000000E+04     2.05000000E+01     2.68344380E-03     1.09000110E+00     1.84494000E-05     6.00000000E-10     1.68231800E-04     1.00000000E-09     0.00000000E+00     1.27400000E-07     0.00000000E+00
    4.80000000E+04     2.10000000E+01     2.74889360E-03     1.09000110E+00     1.84494000E-05     7.00000000E-10     1.80844100E-04     1.10000000E-09     0.00000000E+00     1.30500000E-07     0.00000000E+00
    4.80000000E+04     2.15000000E+01     2.81434350E-03     1.09000110E+00     1.84494000E-05     8.00000000E-10     1.94071600E-04     1.30000000E-09     0.00000000E+00     1.33600000E-07     0.00000000E+00
    4.80000000E+04     2.20000000E+01     2.87979330E-03     1.09000110E+00     1.84494000E-05     1.00000000E-09     2.07928900E-04     1.50000000E-09     0.00000000E+00     1.36700000E-07     0.00000000E+00
    4.80000000E+04     2.25000000E+01     2.94524320E-03     1.09000110E+00     1.84494000E-05     1.10000000E-09     2.22430600E-04     1.70000000E-09     0.00000000E+00     1.39900000E-07     0.00000000E+00
    4.80000000E+04     2.30000000E+01     3.01069300E-03     1.09000110E+00     1.84494000E-05     1.30000000E-09     2.37591400E-04     1.90000000E-09     0.00000000E+00     1.43000000E-07     0.00000000E+00
    4.80000000E+04     2.35000000E+01     3.07614290E-03     1.09000110E+00     1.84494000E-05     1.40000000E-09     2.53425800E-04     2.20000000E-09     0.00000000E+00     1.46100000E-07     0.00000000E+00
    4.80000000E+04     2.40000000E+01     3.14159270E-03     1.09000110E+00     1.84494000E-05     1.60000000E-09     2.69948700E-04     2.50000000E-09     0.00000000E+00     1.49200000E-07     0.00000000E+00
    4.80000000E+04     2.45000000E+01     3.20704260E-03     1.09000110E+00     1.84494000E-05     1.90000000E-09     2.87174500E-04     2.80000000E-09     0.00000000E+00     1.52300000E-07     0.00000000E+00
    4.80000000E+04     2.50000000E+01     3.27249240E-03     1.09000110E+00     1.84494000E-05     2.10000000E-09     3.05118000E-04     3.10000000E-09     0.00000000E+00     1.55400000E-07     0.00000000E+00
    4.80000000E+04     2.55000000E+01     3.33794230E-03     1.09000110E+00     1.84494000E-05     2.40000000E-09     3.23793900E-04     3.50000000E-09     0.00000000E+00     1.58500000E-07     0.00000000E+00
    4.80000000E+04     2.60000000E+01     3.40339210E-03     1.09000110E+00     1.84494000E-05     2.60000000E-09     3.43216600E-04     4.00000000E-09     0.00000000E+00     1.61600000E-07     0.00000000E+00
    4.80000000E+04     2.65000000E+01     3.46884200E-03     1.09000110E+00     1.84494000E-05     3.00000000E-09     3.63401000E-04     4.40000000E-09     0.00000000E+00     1.64700000E-07     0.00000000E+00
    4.80000000E+04     2.70000000E+01     3.53429180E-03     1.09000110E+00     1.84494000E-05     3.30000000E-09     3.84361600E-04     5.00000000E-09     0.00000000E+00     1.67800000E-07     0.00000000E+00
    4.80000000E+04     2.75000000E+01     3.59974170E-03     1.09000110E+00     1.84494000E-05     3.70000000E-09     4.06113100E-04     5.60000000E-09     0.00000000E+00     1.70900000E-07     0.00000000E+00
    4.80000000E+04     2.80000000E+01     3.66519150E-03     1.09000110E+00     1.84494000E-05     4.10000000E-09     4.28670200E-04     6.20000000E-09     0.00000000E+00     1.74000000E-07     0.00000000E+00
    4.80000000E+04     2.85000000E+01     3.73064140E-03     1.09000110E+00     1.84494000E-05     4.60000000E-09     4.52047500E-04     6.90000000E-09     0.00000000E+00     1.77200000E-07     0.00000000E+00
    4.80000000E+04     2.90000000E+01     3.79609120E-03     1.09000110E+00     1.84494000E-05     5.10000000E-09     4.76259600E-04     7.60000000E-09     0.00000000E+00     1.80300000E-07     0.00000000E+00
    4.80000000E+04     2.95000000E+01     3.86154110E-03     1.09000110E+00     1.84494000E-05     5.60000000E-09     5.01321100E-04     8.50000000E-09     0.00000000E+00     1.83400000E-07     0.00000000E+00
    4.80000000E+04     3.00000000E+01     3.92699090E-03     1.09000110E+00     1.84494000E-05     6.20000000E-09     5.27246800E-04     9.40000000E-09     0.00000000E+00     1.86500000E-07     0.00000000E+00
    4.80000000E+04     3.05000000E+01     3.99244080E-03     1.09000110E+00     1.84494000E-05     6.90000000E-09     5.54051400E-04     1.03000000E-08     0.00000000E+00     1.89600000E-07     0.00000000E+00
    4.80000000E+04     3.10000000E+01     4.05789060E-03     1.09000110E+00     1.84494000E-05     7.60000000E-09     5.81749300E-04     1.14000000E-08     0.00000000E+00     1.92700000E-07     0.00000000E+00
    4.80000000E+04     3.15000000E+01     4.12334050E-03     1.09000110E+00     1.84494000E-05     8.40000000E-09     6.10355400E-04     1.25000000E-08     0.00000000E+00     1.95800000E-07     0.00000000E+00
    4.80000000E+04     3.20000000E+01     4.18879030E-03     1.09000110E+00     1.84494000E-05     9.20000000E-09     6.39884200E-04     1.38000000E-08     0.00000000E+00     1.98900000E-07     0.00000000E+00
    4.80000000E+04     3.25000000E+01     4.25424020E-03     1.09000110E+00     1.84494000E-05     1.01000000E-08     6.70350400E-04     1.51000000E-08     0.00000000E+00     2.02000000E-07     0.00000000E+00
    4.80000000E+04     3.30000000E+01     4.31969000E-03     1.09000110E+00     1.84494000E-05     1.11000000E-08     7.01768500E-04     1.66000000E-08     0.00000000E+00     2.05100000E-07     0.00000000E+00
    4.80000000E+04     3.35000000E+01     4.38513990E-03     1.09000110E+00     1.84494000E-05     1.21000000E-08     7.34153500E-04     1.82000000E-08     0.00000000E+00     2.08200000E-07     0.00000000E+00
    4.80000000E+04     3.40000000E+01     4.45058970E-03     1.09000110E+00     1.84494000E-05     1.32000000E-08     7.67519700E-04     1.98000000E-08     0.00000000E+00     2.11300000E-07     0.00000000E+00
    4.80000000E+04     3.45000000E+01     4.51603960E-03     1.09000110E+00     1.84494000E-05     1.44000000E-08     8.01881900E-04     2.17000000E-08     0.00000000E+00     2.14400000E-07     0.00000000E+00
    4.80000000E+04     3.50000000E+01     4.58148940E-03     1.09000110E+00     1.84494000E-05     1.57000000E-08     8.37254800E-04     2.36000000E-08     0.00000000E+00     2.17600000E-07     0.00000000E+00
    4.80000000E+04     3.55000000E+01     4.64693930E-03     1.09000110E+00     1.84494000E-05     1.71000000E-08     8.73653000E-04     2.57000000E-08     0.00000000E+00     2.20700000E-07     0.00000000E+00
    4.80000000E+04     3.60000000E+01     4.71238910E-03     1.09000110E+00     1.84494000E-05     1.86000000E-08     9.11091100E-04     2.80000000E-08     0.00000000E+00     2.23800000E-07     0.00000000E+00
    4.80000000E+04     3.65000000E+01     4.77783900E-03     1.09000110E+00     1.84494000E-05     2.02000000E-08     9.49583800E-04     3.04000000E-08     0.00000000E+00     2.26900000E-07     0.00000000E+00
    4.80000000E+04     3.70000000E+01     4.84328880E-03     1.09000110E+00     1.84494000E-05     2.20000000E-08     9.89145700E-04     3.30000000E-08     0.00000000E+00     2.30000000E-07     0.00000000E+00
    4.80000000E+04     3.75000000E+01     4.90873870E-03     1.09000110E+00     1.84494000E-05     2.38000000E-08     1.02979160E-03     3.57000000E-08     0.00000000E+00     2.33100000E-07     0.00000000E+00
    4.80000000E+04     3.80000000E+01     4.97418850E-03     1.09000110E+00     1.84494000E-05     2.58000000E-08     1.07153600E-03     3.87000000E-08     0.00000000E+00     2.36200000E-07     0.00000000E+00
    4.80000000E+04     3.85000000E+01     5.03963840E-03     1.09000110E+00     1.84494000E-05     2.79000000E-08     1.11439360E-03     4.18000000E-08     0.00000000E+00     2.39300000E-07     0.00000000E+00
    4.80000000E+04     3.90000000E+01     5.10508820E-03     1.09000110E+00     1.84494000E-05     3.01000000E-08     1.15837900E-03     4.52000000E-08     0.00000000E+00     2.42400000E-07     0.00000000E+00
    4.80000000E+04     3.95000000E+01     5.17053810E-03     1.09000110E+00     1.84494000E-05     3.25000000E-08     1.20350710E-03     4.88000000E-08     0.00000000E+00     2.45500000E-07     0.00000000E+00
    4.80000000E+04     4.00000000E+01     5.23598790E-03     1.09000110E+00     1.84494000E-05     3.51000000E-08     1.24979220E-03     5.26000000E-08     0.00000000E+00     2.48600000E-07     0.00000000E+00
    4.80000000E+04     4.05000000E+01     5.30143780E-03     1.09000110E+00     1.84494000E-05     3.78000000E-08     1.29724920E-03     5.67000000E-08     0.00000000E+00     2.51700000E-07     0.00000000E+00
    4.80000000E+04     4.10000000E+01     5.36688760E-03     1.09000110E+00     1.84494000E-05     4.07000000E-08     1.34589260E-03     6.10000000E-08     0.00000000E+00     2.54900000E-07     0.00000000E+00
    4.80000000E+04     4.15000000E+01     5.43233740E-03     1.09000110E+00     1.84494000E-05     4.37000000E-08     1.39573710E-03     6.56000000E-08     0.00000000E+00     2.58000000E-07     0.00000000E+00
    4.80000000E+04     4.20000000E+01     5.49778730E-03     1.09000110E+00     1.84494000E-05     4.70000000E-08     1.44679750E-03     7.05000000E-08     0.00000000E+00     2.61100000E-07     0.00000000E+00
    4.80000000E+04     4.25000000E+01     5.56323710E-03     1.09000110E+00     1.84494000E-05     5.05000000E-08     1.49908830E-03     7.57000000E-08     0.00000000E+00     2.64200000E-07     0.00000000E+00
    4.80000000E+04     4.30000000E+01     5.62868700E-03     1.09000110E+00     1.84494000E-05     5.41000000E-08     1.55262420E-03     8.12000000E-08     0.00000000E+00     2.67300000E-07     0.00000000E+00
    4.80000000E+04     4.35000000E+01     5.69413680E-03     1.09000110E+00     1.84494000E-05     5.80000000E-08     1.60741990E-03     8.70000000E-08     0.00000000E+00     2.70400000E-07     0.00000000E+00
    4.80000000E+04     4.40000000E+01     5.75958670E-03     1.09000110E+00     1.84494000E-05     6.21000000E-08     1.66348990E-03     9.32000000E-08     0.00000000E+00     2.73500000E-07     0.00000000E+00
    4.80000000E+04     4.45000000E+01     5.82503650E-03     1.09000110E+00     1.84494000E-05     6.65000000E-08     1.72084890E-03     9.97000000E-08     0.00000000E+00     2.76600000E-07     0.00000000E+00
    4.80000000E+04     4.50000000E+01     5.89048640E-03     1.09000110E+00     1.84494000E-05     7.11000000E-08     1.77951170E-03     1.06600000E-07     0.00000000E+00     2.79700000E-07     0.00000000E+00
    4.80000000E+04     4.55000000E+01     5.95593620E-03     1.09000110E+00     1.84494000E-05     7.60000000E-08     1.83949300E-03     1.14000000E-07     0.00000000E+00     2.82800000E-07     0.00000000E+00
    4.80000000E+04     4.60000000E+01     6.02138610E-03     1.09000110E+00     1.84494000E-05     8.11000000E-08     1.90080720E-03     1.21700000E-07     0.00000000E+00     2.85900000E-07     0.00000000E+00
    4.80000000E+04     4.65000000E+01     6.08683590E-03     1.09000110E+00     1.84494000E-05     8.66000000E-08     1.96346920E-03     1.29800000E-07     0.00000000E+00     2.89000000E-07     0.00000000E+00
    4.80000000E+04     4.70000000E+01     6.15228580E-03     1.09000110E+00     1.84494000E-05     9.23000000E-08     2.02749340E-03     1.38400000E-07     0.00000000E+00     2.92200000E-07     0.00000000E+00
    4.80000000E+04     4.75000000E+01     6.21773560E-03     1.09000110E+00     1.84494000E-05     9.83000000E-08     2.09289480E-03     1.47500000E-07     0.00000000E+00     2.95300000E-07     0.00000000E+00
    4.80000000E+04     4.80000000E+01     6.28318550E-03     1.09000110E+00     1.84494000E-05     1.04700000E-07     2.15968770E-03     1.57100000E-07     0.00000000E+00     2.98400000E-07     0.00000000E+00
    4.80000000E+04     4.85000000E+01     6.34863530E-03     1.09000110E+00     1.84494000E-05     1.11400000E-07     2.22788720E-03     1.67200000E-07     0.00000000E+00     3.01500000E-07     0.00000000E+00
    4.80000000E+04     4.90000000E+01     6.41408520E-03     1.09000110E+00     1.84494000E-05     1.18500000E-07     2.29750750E-03     1.77800000E-07     0.00000000E+00     3.04600000E-07     0.00000000E+00
    4.80000000E+04     4.95000000E+01     6.47953500E-03     1.09000110E+00     1.84494000E-05     1.26000000E-07     2.36856340E-03     1.88900000E-07     0.00000000E+00     3.07700000E-07     0.00000000E+00
    4.80000000E+04     5.10000000E+01     6.67588460E-03     1.09000110E+00     1.84494000E-05     1.51100000E-07     2.59198610E-03     2.26600000E-07     0.00000000E+00     3.17000000E-07     0.00000000E+00
    4.80000000E+04     5.35000000E+01     7.00313380E-03     1.09000110E+00     1.84494000E-05     2.01300000E-07     2.99202170E-03     3.01900000E-07     0.00000000E+00     3.32600000E-07     0.00000000E+00
    4.80000000E+04     5.60000000E+01     7.33038310E-03     1.09000110E+00     1.84494000E-05     2.64700000E-07     3.43124810E-03     3.97000000E-07     0.00000000E+00     3.48100000E-07     0.00000000E+00
    4.80000000E+04     5.85000000E+01     7.65763230E-03     1.09000110E+00     1.84494000E-05     3.43900000E-07     3.91149850E-03     5.15900000E-07     0.00000000E+00     3.63700000E-07     0.00000000E+00
    4.80000000E+04     6.10000000E+01     7.98488160E-03     1.09000110E+00     1.84494000E-05     4.42000000E-07     4.43460700E-03     6.63000000E-07     0.00000000E+00     3.79200000E-07     1.00000000E-10
    4.80000000E+04     6.35000000E+01     8.31213080E-03     1.09000110E+00     1.84494000E-05     5.62400000E-07     5.00240760E-03     8.43600000E-07     0.00000000E+00     3.94700000E-07     1.00000000E-10
    4.80000000E+04     6.60000000E+01     8.63938000E-03     1.09000110E+00     1.84494000E-05     7.08900000E-07     5.61673520E-03     1.06330000E-06     1.00000000E-10     4.10300000E-07     1.00000000E-10
    4.80000000E+04     6.85000000E+01     8.96662930E-03     1.09000110E+00     1.84494000E-05     8.86000000E-07     6.27942480E-03     1.32890000E-06     1.00000000E-10     4.25800000E-07     1.00000000E-10
    4.80000000E+04     7.10000000E+01     9.29387850E-03     1.09000110E+00     1.84494000E-05     1.09850000E-06     6.99231240E-03     1.64760000E-06     1.00000000E-10     4.41400000E-07     1.00000000E-10
    4.80000000E+04     7.35000000E+01     9.62112780E-03     1.09000110E+00     1.84494000E-05     1.35180000E-06     7.75723410E-03     2.02760000E-06     1.00000000E-10     4.56900000E-07     1.00000000E-10
    4.80000000E+04     7.60000000E+01     9.94837710E-03     1.09000110E+00     1.84494000E-05     1.65210000E-06     8.57602690E-03     2.47800000E-06     1.00000000E-10     4.72500000E-07     1.00000000E-10
    4.80000000E+04     7.85000000E+01     1.02756262E-02     1.09000110E+00     1.84494000E-05     2.00600000E-06     9.45052830E-03     3.00890000E-06     1.00000000E-10     4.88000000E-07     2.00000000E-10
    4.80000000E+04     8.10000000E+01     1.06028756E-02     1.09000110E+00     1.84494000E-05     2.42100000E-06     1.03825764E-02     3.63130000E-06     1.00000000E-10     5.03600000E-07     2.00000000E-10
    4.80000000E+04     8.35000000E+01     1.09301248E-02     1.09000110E+00     1.84494000E-05     2.90510000E-06     1.13740106E-02     4.35750000E-06     1.00000000E-10     5.19200000E-07     2.00000000E-10
    4.80000000E+04     8.60000000E+01     1.12573740E-02     1.09000110E+00     1.84494000E-05     3.46750000E-06     1.24266712E-02     5.20090000E-06     1.00000000E-10     5.34700000E-07     2.00000000E-10
    4.80000000E+04     8.85000000E+01     1.15846232E-02     1.09000110E+00     1.84494000E-05     4.11770000E-06     1.35423980E-02     6.17620000E-06     2.00000000E-10     5.50300000E-07     3.00000000E-10
    4.80000000E+04     9.10000000E+01     1.19118724E-02     1.09000110E+00     1.84494000E-05     4.86650000E-06     1.47230328E-02     7.29940000E-06     2.00000000E-10     5.65800000E-07     3.00000000E-10
    4.80000000E+04     9.35000000E+01     1.22391218E-02     1.09000110E+00     1.84494000E-05     5.72560000E-06     1.59704184E-02     8.58780000E-06     2.00000000E-10     5.81400000E-07     3.00000000E-10
    4.80000000E+04     9.60000000E+01     1.25663710E-02     1.09000110E+00     1.84494000E-05     6.70740000E-06     1.72863988E-02     1.00605000E-05     2.00000000E-10     5.97000000E-07     3.00000000E-10
    4.80000000E+04     9.85000000E+01     1.28936202E-02     1.09000110E+00     1.84494000E-05     7.82580000E-06     1.86728178E-02     1.17379000E-05     3.00000000E-10     6.12500000E-07     4.00000000E-10
    4.80000000E+04     1.01000000E+02     1.32208694E-02     1.09000110E+00     1.84494000E-05     9.09540000E-06     2.01315222E-02     1.36421000E-05     3.00000000E-10     6.28100000E-07     4.00000000E-10
    4.80000000E+04     1.03500000E+02     1.35481188E-02     1.09000110E+00     1.84494000E-05     1.05322000E-05     2.16643574E-02     1.57971000E-05     3.00000000E-10     6.43700000E-07     5.00000000E-10
    4.80000000E+04     1.06000000E+02     1.38753680E-02     1.09000110E+00     1.84494000E-05     1.21534000E-05     2.32731730E-02     1.82286000E-05     3.00000000E-10     6.59200000E-07     5.00000000E-10
    4.80000000E+04     1.08500000E+02     1.42026170E-02     1.09000110E+00     1.84494000E-05     1.39774000E-05     2.49598182E-02     2.09643000E-05     4.00000000E-10     6.74800000E-07     6.00000000E-10
    4.80000000E+04     1.11000000E+02     1.45298664E-02     1.09000110E+00     1.84494000E-05     1.60240000E-05     2.67261426E-02     2.40339000E-05     4.00000000E-10     6.90400000E-07     6.00000000E-10
    4.80000000E+04     1.13500000E+02     1.48571158E-02     1.09000110E+00     1.84494000E-05     1.83145000E-05     2.85740016E-02     2.74693000E-05     5.00000000E-10     7.06000000E-07     7.00000000E-10
    4.80000000E+04     1.16000000E+02     1.51843650E-02     1.09000110E+00     1.84494000E-05     2.08716000E-05     3.05052456E-02     3.13045000E-05     5.00000000E-10     7.21500000E-07     7.00000000E-10
    4.80000000E+04     1.18500000E+02     1.55116140E-02     1.09000110E+00     1.84494000E-05     2.37196000E-05     3.25217324E-02     3.55759000E-05     5.00000000E-10     7.37100000E-07     8.00000000E-10
    4.80000000E+04     1.21000000E+02     1.58388634E-02     1.09000110E+00     1.84494000E-05     2.68843000E-05     3.46253184E-02     4.03223000E-05     6.00000000E-10     7.52700000E-07     9.00000000E-10
    4.80000000E+04     1.23500000E+02     1.61661126E-02     1.09000110E+00     1.84494000E-05     3.03933000E-05     3.68178612E-02     4.55850000E-05     6.00000000E-10     7.68300000E-07     1.00000000E-09
    4.80000000E+04     1.26000000E+02     1.64933620E-02     1.09000110E+00     1.84494000E-05     3.42759000E-05     3.91012226E-02     5.14082000E-05     7.00000000E-10     7.83900000E-07     1.00000000E-09
    4.80000000E+04     1.28500000E+02     1.68206110E-02     1.09000110E+00     1.84494000E-05     3.85634000E-05     4.14772640E-02     5.78384000E-05     7.00000000E-10     7.99500000E-07     1.10000000E-09
    4.80000000E+04     1.31000000E+02     1.71478604E-02     1.09000110E+00     1.84494000E-05     4.32888000E-05     4.39478514E-02     6.49254000E-05     8.00000000E-10     8.15100000E-07     1.20000000E-09
    4.80000000E+04     1.33500000E+02     1.74751096E-02     1.09000110E+00     1.84494000E-05     4.84872000E-05     4.65148494E-02     7.27216000E-05     9.00000000E-10     8.30700000E-07     1.30000000E-09
    4.80000000E+04     1.36000000E+02     1.78023590E-02     1.09000110E+00     1.84494000E-05     5.41957000E-05     4.91801262E-02     8.12829000E-05     9.00000000E-10     8.46300000E-07     1.40000000E-09
    4.80000000E+04     1.38500000E+02     1.81296080E-02     1.09000110E+00     1.84494000E-05     6.04536000E-05     5.19455544E-02     9.06681000E-05     1.00000000E-09     8.61900000E-07     1.50000000E-09
    4.80000000E+04     1.41000000E+02     1.84568574E-02     1.09000110E+00     1.84494000E-05     6.73024000E-05     5.48130050E-02     1.00939400E-04     1.10000000E-09     8.77500000E-07     1.60000000E-09
    4.80000000E+04     1.43500000E+02     1.87841066E-02     1.09000110E+00     1.84494000E-05     7.47859000E-05     5.77843534E-02     1.12162600E-04     1.20000000E-09     8.93200000E-07     1.70000000E-09
    4.80000000E+04     1.46000000E+02     1.91113560E-02     1.09000110E+00     1.84494000E-05     8.29504000E-05     6.08614786E-02     1.24406900E-04     1.20000000E-09     9.08800000E-07     1.90000000E-09
    4.80000000E+04     1.48500000E+02     1.94386050E-02     1.09000110E+00     1.84494000E-05     9.18445000E-05     6.40462596E-02     1.37745400E-04     1.30000000E-09     9.24400000E-07     2.00000000E-09
    4.80000000E+04     1.51000000E+02     1.97658542E-02     1.09000110E+00     1.84494000E-05     1.01519500E-04     6.73405780E-02     1.52254900E-04     1.40000000E-09     9.40000000E-07     2.10000000E-09
    4.80000000E+04     1.53500000E+02     2.00931036E-02     1.09000110E+00     1.84494000E-05     1.12029400E-04     7.07463198E-02     1.68016200E-04     1.50000000E-09     9.55700000E-07     2.30000000E-09
    4.80000000E+04     1.56000000E+02     2.04203530E-02     1.09000110E+00     1.84494000E-05     1.23430700E-04     7.42653754E-02     1.85114300E-04     1.60000000E-09     9.71300000E-07     2.40000000E-09
    4.80000000E+04     1.58500000E+02     2.07476020E-02     1.09000110E+00     1.84494000E-05     1.35782900E-04     7.78996338E-02     2.03638400E-04     1.70000000E-09     9.87000000E-07     2.60000000E-09
    4.80000000E+04     1.61000000E+02     2.10748512E-02     1.09000110E+00     1.84494000E-05     1.49148500E-04     8.16509866E-02     2.23682000E-04     1.80000000E-09     1.00260000E-06     2.70000000E-09
    4.80000000E+04     1.63500000E+02     2.14021006E-02     1.09000110E+00     1.84494000E-05     1.63593000E-04     8.55213354E-02     2.45343300E-04     1.90000000E-09     1.01830000E-06     2.90000000E-09
    4.80000000E+04     1.66000000E+02     2.17293498E-02     1.09000110E+00     1.84494000E-05     1.79184800E-04     8.95125766E-02     2.68725100E-04     2.10000000E-09     1.03390000E-06     3.10000000E-09
    4.80000000E+04     1.68500000E+02     2.20565990E-02     1.09000110E+00     1.84494000E-05     1.95995700E-04     9.36266174E-02     2.93934900E-04     2.20000000E-09     1.04960000E-06     3.30000000E-09
    4.80000000E+04     1.71000000E+02     2.23838482E-02     1.09000110E+00     1.84494000E-05     2.14100900E-04     9.78653614E-02     3.21085400E-04     2.30000000E-09     1.06530000E-06     3.50000000E-09
    4.80000000E+04     1.73500000E+02     2.27110976E-02     1.09000110E+00     1.84494000E-05     2.33578900E-04     1.02230716E-01     3.50294200E-04     2.50000000E-09     1.08100000E-06     3.70000000E-09
    4.80000000E+04     1.76000000E+02     2.30383468E-02     1.09000110E+00     1.84494000E-05     2.54511700E-04     1.06724604E-01     3.81684400E-04     2.60000000E-09     1.09670000E-06     3.90000000E-09
    4.80000000E+04     1.78500000E+02     2.33655960E-02     1.09000110E+00     1.84494000E-05     2.76984900E-04     1.11348936E-01     4.15384300E-04     2.80000000E-09     1.11230000E-06     4.10000000E-09
    4.80000000E+04     1.81000000E+02     2.36928452E-02     1.09000110E+00     1.84494000E-05     3.01088000E-04     1.16105632E-01     4.51527900E-04     2.90000000E-09     1.12800000E-06     4.40000000E-09
    4.80000000E+04     1.83500000E+02     2.40200944E-02     1.09000110E+00     1.84494000E-05     3.26914000E-04     1.20996620E-01     4.90255000E-04     3.10000000E-09     1.14380000E-06     4.60000000E-09
    4.80000000E+04     1.86000000E+02     2.43473438E-02     1.09000110E+00     1.84494000E-05     3.54560300E-04     1.26023828E-01     5.31711100E-04     3.30000000E-09     1.15950000E-06     4.90000000E-09
    4.80000000E+04     1.88500000E+02     2.46745930E-02     1.09000110E+00     1.84494000E-05     3.84128000E-04     1.31189190E-01     5.76048100E-04     3.40000000E-09     1.17520000E-06     5.20000000E-09
    4.80000000E+04     1.91000000E+02     2.50018422E-02     1.09000110E+00     1.84494000E-05     4.15722500E-04     1.36494642E-01     6.23423800E-04     3.60000000E-09     1.19090000E-06     5.40000000E-09
    4.80000000E+04     1.93500000E+02     2.53290914E-02     1.09000110E+00     1.84494000E-05     4.49453400E-04     1.41942132E-01     6.74002700E-04     3.80000000E-09     1.20670000E-06     5.70000000E-09
    4.80000000E+04     1.96000000E+02     2.56563408E-02     1.09000110E+00     1.84494000E-05     4.85434800E-04     1.47533590E-01     7.27955500E-04     4.00000000E-09     1.22240000E-06     6.00000000E-09
    4.80000000E+04     1.98500000E+02     2.59835900E-02     1.09000110E+00     1.84494000E-05     5.23785100E-04     1.53270980E-01     7.85460000E-04     4.20000000E-09     1.23810000E-06     6.30000000E-09
    4.80000000E+04     2.01000000E+02     2.63108392E-02     1.09000110E+00     1.84494000E-05     5.64627600E-04     1.59156254E-01     8.46700800E-04     4.40000000E-09     1.25390000E-06     6.70000000E-09
    4.80000000E+04     2.03500000E+02     2.66380884E-02     1.09000110E+00     1.84494000E-05     6.08090200E-04     1.65191376E-01     9.11869700E-04     4.70000000E-09     1.26970000E-06     7.00000000E-09
    4.80000000E+04     2.06000000E+02     2.69653378E-02     1.09000110E+00     1.84494000E-05     6.54305500E-04     1.71378302E-01     9.81165500E-04     4.90000000E-09     1.28550000E-06     7.40000000E-09
    4.80000000E+04     2.08500000E+02     2.72925870E-02     1.09000110E+00     1.84494000E-05     7.03411500E-04     1.77719006E-01     1.05479480E-03     5.10000000E-09     1.30120000E-06     7.70000000E-09
    4.80000000E+04     2.11000000E+02     2.76198360E-02     1.09000110E+00     1.84494000E-05     7.55550800E-04     1.84215458E-01     1.13297150E-03     5.40000000E-09     1.31700000E-06     8.10000000E-09
    4.80000000E+04     2.13500000E+02     2.79470854E-02     1.09000110E+00     1.84494000E-05     8.10871600E-04     1.90869650E-01     1.21591760E-03     5.70000000E-09     1.33280000E-06     8.50000000E-09
    4.80000000E+04     2.16000000E+02     2.82743348E-02     1.09000110E+00     1.84494000E-05     8.69527300E-04     1.97683562E-01     1.30386330E-03     5.90000000E-09     1.34860000E-06     8.90000000E-09
    4.80000000E+04     2.18500000E+02     2.86015840E-02     1.09000110E+00     1.84494000E-05     9.31676800E-04     2.04659172E-01     1.39704620E-03     6.20000000E-09     1.36450000E-06     9.30000000E-09
    4.80000000E+04     2.21000000E+02     2.89288330E-02     1.09000110E+00     1.84494000E-05     9.97484800E-04     2.11798504E-01     1.49571350E-03     6.50000000E-09     1.38030000E-06     9.70000000E-09
    4.80000000E+04     2.23500000E+02     2.92560824E-02     1.09000110E+00     1.84494000E-05     1.06712130E-03     2.19103542E-01     1.60011990E-03     6.80000000E-09     1.39610000E-06     1.02000000E-08
    4.80000000E+04     2.26000000E+02     2.95833316E-02     1.09000110E+00     1.84494000E-05     1.14076250E-03     2.26576294E-01     1.71052950E-03     7.10000000E-09     1.41200000E-06     1.07000000E-08
    4.80000000E+04     2.28500000E+02     2.99105810E-02     1.09000110E+00     1.84494000E-05     1.21859070E-03     2.34218776E-01     1.82721520E-03     7.40000000E-09     1.42790000E-06     1.11000000E-08
    4.80000000E+04     2.31000000E+02     3.02378300E-02     1.09000110E+00     1.84494000E-05     1.30079410E-03     2.42033012E-01     1.95045930E-03     7.80000000E-09     1.44370000E-06     1.16000000E-08
    4.80000000E+04     2.33500000E+02     3.05650794E-02     1.09000110E+00     1.84494000E-05     1.38756740E-03     2.50021038E-01     2.08055340E-03     8.10000000E-09     1.45960000E-06     1.21000000E-08
    4.80000000E+04     2.36000000E+02     3.08923286E-02     1.09000110E+00     1.84494000E-05     1.47911130E-03     2.58184868E-01     2.21779830E-03     8.50000000E-09     1.47550000E-06     1.27000000E-08
    4.80000000E+04     2.38500000E+02     3.12195780E-02     1.09000110E+00     1.84494000E-05     1.57563360E-03     2.66526554E-01     2.36250530E-03     8.80000000E-09     1.49140000E-06     1.32000000E-08
    4.80000000E+04     2.41000000E+02     3.15468270E-02     1.09000110E+00     1.84494000E-05     1.67734830E-03     2.75048140E-01     2.51499530E-03     9.20000000E-09     1.50730000E-06     1.38000000E-08
    4.80000000E+04     2.43500000E+02     3.18740764E-02     1.09000110E+00     1.84494000E-05     1.78447680E-03     2.83751678E-01     2.67559960E-03     9.60000000E-09     1.52330000E-06     1.44000000E-08
    4.80000000E+04     2.46000000E+02     3.22013256E-02     1.09000110E+00     1.84494000E-05     1.89724690E-03     2.92639230E-01     2.84465980E-03     1.00000000E-08     1.53920000E-06     1.50000000E-08
    4.80000000E+04     2.48500000E+02     3.25285750E-02     1.09000110E+00     1.84494000E-05     2.01589400E-03     3.01712870E-01     3.02252840E-03     1.04000000E-08     1.55520000E-06     1.56000000E-08
    4.80000000E+04     2.52250000E+02     3.30194486E-02     1.09000110E+00     1.84494000E-05     2.20622820E-03     3.15700683E-01     3.30786180E-03     1.10000000E-08     1.57910000E-06     1.65000000E-08
    4.80000000E+04     2.57250000E+02     3.36739473E-02     1.09000110E+00     1.84494000E-05     2.48188560E-03     3.34990460E-01     3.72109620E-03     1.19000000E-08     1.61110000E-06     1.79000000E-08
    4.80000000E+04     2.62250000E+02     3.43284456E-02     1.09000110E+00     1.84494000E-05     2.78566490E-03     3.55062173E-01     4.17647680E-03     1.29000000E-08     1.64320000E-06     1.93000000E-08
    4.80000000E+04     2.67250000E+02     3.49829442E-02     1.09000110E+00     1.84494000E-05     3.11981550E-03     3.75932733E-01     4.67737330E-03     1.39000000E-08     1.67530000E-06     2.08000000E-08
    4.80000000E+04     2.72250000E+02     3.56374426E-02     1.09000110E+00     1.84494000E-05     3.48671920E-03     3.97619184E-01     5.22735340E-03     1.50000000E-08     1.70740000E-06     2.24000000E-08
    4.80000000E+04     2.77250000E+02     3.62919412E-02     1.09000110E+00     1.84494000E-05     3.88889520E-03     4.20138715E-01     5.83019040E-03     1.61000000E-08     1.73970000E-06     2.41000000E-08
    4.80000000E+04     2.82250000E+02     3.69464396E-02     1.09000110E+00     1.84494000E-05     4.32900540E-03     4.43508653E-01     6.48987130E-03     1.73000000E-08     1.77190000E-06     2.59000000E-08
    4.80000000E+04     2.87250000E+02     3.76009381E-02     1.09000110E+00     1.84494000E-05     4.80985910E-03     4.67746465E-01     7.21060340E-03     1.86000000E-08     1.80430000E-06     2.78000000E-08
    4.80000000E+04     2.92250000E+02     3.82554366E-02     1.09000110E+00     1.84494000E-05     5.33441900E-03     4.92869784E-01     7.99682400E-03     1.99000000E-08     1.83670000E-06     2.98000000E-08
    4.80000000E+04     2.97250000E+02     3.89099351E-02     1.09000110E+00     1.84494000E-05     5.90580680E-03     5.18896400E-01     8.85320750E-03     2.13000000E-08     1.86920000E-06     3.19000000E-08
    4.80000000E+04     3.02250000E+02     3.95644336E-02     1.09000110E+00     1.84494000E-05     6.52730820E-03     5.45844285E-01     9.78467440E-03     2.27000000E-08     1.90180000E-06     3.41000000E-08
    4.80000000E+04     3.07250000E+02     4.02189321E-02     1.09000110E+00     1.84494000E-05     7.20237820E-03     5.73731526E-01     1.07963976E-02     2.43000000E-08     1.93440000E-06     3.64000000E-08
    4.80000000E+04     3.12250000E+02     4.08734305E-02     1.09000110E+00     1.84494000E-05     7.93464840E-03     6.02576448E-01     1.18938150E-02     2.59000000E-08     1.96710000E-06     3.88000000E-08
    4.80000000E+04     3.17250000E+02     4.15279291E-02     1.09000110E+00     1.84494000E-05     8.72793140E-03     6.32397543E-01     1.30826343E-02     2.76000000E-08     1.99990000E-06     4.14000000E-08
    4.80000000E+04     3.22250000E+02     4.21824275E-02     1.09000110E+00     1.84494000E-05     9.58622720E-03     6.63213468E-01     1.43688440E-02     2.94000000E-08     2.03280000E-06     4.40000000E-08
    4.80000000E+04     3.27250000E+02     4.28369260E-02     1.09000110E+00     1.84494000E-05     1.05137293E-02     6.95043094E-01     1.57587216E-02     3.12000000E-08     2.06570000E-06     4.68000000E-08
    4.80000000E+04     3.32250000E+02     4.34914245E-02     1.09000110E+00     1.84494000E-05     1.15148301E-02     7.27905469E-01     1.72588422E-02     3.32000000E-08     2.09880000E-06     4.98000000E-08
    4.80000000E+04     3.37250000E+02     4.41459230E-02     1.09000110E+00     1.84494000E-05     1.25941297E-02     7.61819900E-01     1.88760911E-02     3.52000000E-08     2.13190000E-06     5.28000000E-08
    4.80000000E+04     3.42250000E+02     4.48004215E-02     1.09000110E+00     1.84494000E-05     1.37564378E-02     7.96805844E-01     2.06176667E-02     3.74000000E-08     2.16520000E-06     5.60000000E-08
    4.80000000E+04     3.47250000E+02     4.54549200E-02     1.09000110E+00     1.84494000E-05     1.50067847E-02     8.32883015E-01     2.24910976E-02     3.96000000E-08     2.19850000E-06     5.94000000E-08
    4.80000000E+04     3.52250000E+02     4.61094185E-02     1.09000110E+00     1.84494000E-05     1.63504248E-02     8.70071360E-01     2.45042468E-02     4.19000000E-08     2.23190000E-06     6.29000000E-08
    4.80000000E+04     3.57250000E+02     4.67639169E-02     1.09000110E+00     1.84494000E-05     1.77928441E-02     9.08391021E-01     2.66653233E-02     4.44000000E-08     2.26550000E-06     6.65000000E-08
    4.80000000E+04     3.62250000E+02     4.74184155E-02     1.09000110E+00     1.84494000E-05     1.93397683E-02     9.47862434E-01     2.89828945E-02     4.69000000E-08     2.29910000E-06     7.03000000E-08
    4.80000000E+04     3.67250000E+02     4.80729139E-02     1.09000110E+00     1.84494000E-05     2.09971643E-02     9.88506182E-01     3.14658882E-02     4.95000000E-08     2.33280000E-06     7.43000000E-08
    4.80000000E+04     3.72250000E+02     4.87274124E-02     1.09000110E+00     1.84494000E-05     2.27712571E-02     1.03034325E+00     3.41236174E-02     5.23000000E-08     2.36670000E-06     7.84000000E-08
    4.80000000E+04     3.77250000E+02     4.93819109E-02     1.09000110E+00     1.84494000E-05     2.46685246E-02     1.07339474E+00     3.69657723E-02     5.52000000E-08     2.40070000E-06     8.27000000E-08
    4.80000000E+04     3.82250000E+02     5.00364094E-02     1.09000110E+00     1.84494000E-05     2.66957138E-02     1.11768207E+00     4.00024460E-02     5.81000000E-08     2.43470000E-06     8.71000000E-08
    4.80000000E+04     3.87250000E+02     5.06909078E-02     1.09000110E+00     1.84494000E-05     2.88598468E-02     1.16322701E+00     4.32441418E-02     6.13000000E-08     2.46900000E-06     9.18000000E-08
    4.80000000E+04     3.92250000E+02     5.13454064E-02     1.09000110E+00     1.84494000E-05     3.11682226E-02     1.21005148E+00     4.67017756E-02     6.45000000E-08     2.50330000E-06     9.66000000E-08
    4.80000000E+04     3.97250000E+02     5.19999048E-02     1.09000110E+00     1.84494000E-05     3.36284311E-02     1.25817783E+00     5.03866984E-02     6.78000000E-08     2.53770000E-06     1.01600000E-07
    4.80000000E+04     4.02250000E+02     5.26544034E-02     1.09000110E+00     1.84494000E-05     3.62483542E-02     1.30762857E+00     5.43106972E-02     7.13000000E-08     2.57230000E-06     1.06800000E-07
    4.80000000E+04     4.07250000E+02     5.33089018E-02     1.09000110E+00     1.84494000E-05     3.90361793E-02     1.35842659E+00     5.84860141E-02     7.49000000E-08     2.60700000E-06     1.12200000E-07
    4.80000000E+04     4.12250000E+02     5.39634004E-02     1.09000110E+00     1.84494000E-05     4.20004026E-02     1.41059503E+00     6.29253524E-02     7.87000000E-08     2.64190000E-06     1.17800000E-07
    4.80000000E+04     4.17250000E+02     5.46178987E-02     1.09000110E+00     1.84494000E-05     4.51498408E-02     1.46415747E+00     6.76418935E-02     8.25000000E-08     2.67690000E-06     1.23700000E-07
    4.80000000E+04     4.22250000E+02     5.52723974E-02     1.09000110E+00     1.84494000E-05     4.84936351E-02     1.51913773E+00     7.26493029E-02     8.66000000E-08     2.71200000E-06     1.29700000E-07
    4.80000000E+04     4.27250000E+02     5.59268957E-02     1.09000110E+00     1.84494000E-05     5.20412586E-02     1.57555991E+00     7.79617404E-02     9.07000000E-08     2.74730000E-06     1.35900000E-07
    4.80000000E+04     4.32250000E+02     5.65813943E-02     1.09000110E+00     1.84494000E-05     5.58025339E-02     1.63344862E+00     8.35938881E-02     9.51000000E-08     2.78270000E-06     1.42400000E-07
    4.80000000E+04     4.37250000E+02     5.72358927E-02     1.09000110E+00     1.84494000E-05     5.97876214E-02     1.69282859E+00     8.95609308E-02     9.95000000E-08     2.81830000E-06     1.49100000E-07
    4.80000000E+04     4.42250000E+02     5.78903913E-02     1.09000110E+00     1.84494000E-05     6.40070554E-02     1.75372521E+00     9.58786117E-02     1.04200000E-07     2.85400000E-06     1.56000000E-07
    4.80000000E+04     4.47250000E+02     5.85448896E-02     1.09000110E+00     1.84494000E-05     6.84717209E-02     1.81616395E+00     1.02563196E-01     1.08900000E-07     2.88990000E-06     1.63200000E-07
    4.80000000E+04     4.52250000E+02     5.91993883E-02     1.09000110E+00     1.84494000E-05     7.31928880E-02     1.88017073E+00     1.09631523E-01     1.13900000E-07     2.92600000E-06     1.70600000E-07
    4.80000000E+04     4.57250000E+02     5.98538866E-02     1.09000110E+00     1.84494000E-05     7.81822107E-02     1.94577206E+00     1.17101003E-01     1.19000000E-07     2.96220000E-06     1.78300000E-07
    4.80000000E+04     4.62250000E+02     6.05083853E-02     1.09000110E+00     1.84494000E-05     8.34517251E-02     2.01299453E+00     1.24989618E-01     1.24300000E-07     2.99860000E-06     1.86200000E-07
    4.80000000E+04     4.67250000E+02     6.11628836E-02     1.09000110E+00     1.84494000E-05     8.90138872E-02     2.08186542E+00     1.33315973E-01     1.29800000E-07     3.03520000E-06     1.94400000E-07
    4.80000000E+04     4.72250000E+02     6.18173822E-02     1.09000110E+00     1.84494000E-05     9.48815387E-02     2.15241219E+00     1.42099251E-01     1.35400000E-07     3.07200000E-06     2.02800000E-07
    4.80000000E+04     4.77250000E+02     6.24718806E-02     1.09000110E+00     1.84494000E-05     1.01067959E-01     2.22466288E+00     1.51359281E-01     1.41200000E-07     3.10890000E-06     2.11500000E-07
    4.80000000E+04     4.82250000E+02     6.31263792E-02     1.09000110E+00     1.84494000E-05     1.07586838E-01     2.29864578E+00     1.61116509E-01     1.47200000E-07     3.14600000E-06     2.20500000E-07
    4.80000000E+04     4.87250000E+02     6.37808776E-02     1.09000110E+00     1.84494000E-05     1.14452322E-01     2.37438983E+00     1.71392059E-01     1.53400000E-07     3.18340000E-06     2.29800000E-07
    4.80000000E+04     4.92250000E+02     6.44353761E-02     1.09000110E+00     1.84494000E-05     1.21678986E-01     2.45192431E+00     1.82207691E-01     1.59800000E-07     3.22090000E-06     2.39300000E-07
    4.80000000E+04     4.97250000E+02     6.50898746E-02     1.09000110E+00     1.84494000E-05     1.29281868E-01     2.53127900E+00     1.93585859E-01     1.66400000E-07     3.25860000E-06     2.49200000E-07
    4.80000000E+04     5.12250000E+02     6.70533701E-02     1.09000110E+00     1.84494000E-05     1.54946387E-01     2.78251226E+00     2.31989967E-01     1.87600000E-07     3.37320000E-06     2.80900000E-07
    4.80000000E+04     5.37250000E+02     7.03258625E-02     1.09000110E+00     1.84494000E-05     2.06144266E-01     3.23747911E+00     3.08587848E-01     2.27000000E-07     3.56810000E-06     3.39800000E-07
    4.80000000E+04     5.62250000E+02     7.35983549E-02     1.09000110E+00     1.84494000E-05     2.70722893E-01     3.74523622E+00     4.05180490E-01     2.72200000E-07     3.76900000E-06     4.07400000E-07
    4.80000000E+04     5.87250000E+02     7.68708474E-02     1.09000110E+00     1.84494000E-05     3.51343320E-01     4.31028519E+00     5.25735614E-01     3.23900000E-07     3.97630000E-06     4.84600000E-07
    4.80000000E+04     6.12250000E+02     8.01433398E-02     1.09000110E+00     1.84494000E-05     4.51044628E-01     4.93750665E+00     6.74782062E-01     3.82500000E-07     4.19070000E-06     5.72300000E-07
    4.80000000E+04     6.37250000E+02     8.34158323E-02     1.09000110E+00     1.84494000E-05     5.73277939E-01     5.63219408E+00     8.57459722E-01     4.48800000E-07     4.41270000E-06     6.71300000E-07
    4.80000000E+04     6.62250000E+02     8.66883247E-02     1.09000110E+00     1.84494000E-05     7.21941882E-01     6.40008961E+00     1.07957144E+00     5.23400000E-07     4.64300000E-06     7.82700000E-07
    4.80000000E+04     6.87250000E+02     8.99608171E-02     1.09000110E+00     1.84494000E-05     9.01419539E-01     7.24742079E+00     1.34763701E+00     6.06900000E-07     4.88230000E-06     9.07300000E-07
    4.80000000E+04     7.12250000E+02     9.32333096E-02     1.09000110E+00     1.84494000E-05     1.11661668E+00     8.18093891E+00     1.66894890E+00     7.00000000E-07     5.13120000E-06     1.04620000E-06
    4.80000000E+04     7.37250000E+02     9.65058020E-02     1.09000110E+00     1.84494000E-05     1.37300152E+00     9.20795876E+00     2.05163021E+00     8.03400000E-07     5.39040000E-06     1.20050000E-06
    4.80000000E+04     7.62250000E+02     9.97782956E-02     1.09000110E+00     1.84494000E-05     1.67664595E+00     1.03364002E+01     2.50469424E+00     9.17800000E-07     5.66070000E-06     1.37110000E-06
    4.80000000E+04     7.87250000E+02     1.03050786E-01     1.09000110E+00     1.84494000E-05     2.03426781E+00     1.15748294E+01     3.03810600E+00     1.04400000E-06     5.94280000E-06     1.55920000E-06
    4.80000000E+04     8.12250000E+02     1.06323279E-01     1.09000110E+00     1.84494000E-05     2.45327499E+00     1.29325052E+01     3.66284571E+00     1.18280000E-06     6.23750000E-06     1.76600000E-06
    4.80000000E+04     8.37250000E+02     1.09595772E-01     1.09000110E+00     1.84494000E-05     2.94181061E+00     1.44194216E+01     4.39097388E+00     1.33490000E-06     6.54560000E-06     1.99260000E-06
    4.80000000E+04     8.62250000E+02     1.12868265E-01     1.09000110E+00     1.84494000E-05     3.50879987E+00     1.60463569E+01     5.23569863E+00     1.50130000E-06     6.86800000E-06     2.24020000E-06
    4.80000000E+04     8.87250000E+02     1.16140756E-01     1.09000110E+00     1.84494000E-05     4.16399761E+00     1.78249193E+01     6.21144379E+00     1.68270000E-06     7.20540000E-06     2.51010000E-06
    4.80000000E+04     9.12250000E+02     1.19413249E-01     1.09000110E+00     1.84494000E-05     4.91803821E+00     1.97675996E+01     7.33392016E+00     1.88010000E-06     7.55880000E-06     2.80360000E-06
    4.80000000E+04     9.37250000E+02     1.22685742E-01     1.09000110E+00     1.84494000E-05     5.78248586E+00     2.18878180E+01     8.62019705E+00     2.09420000E-06     7.92910000E-06     3.12200000E-06
    4.80000000E+04     9.62250000E+02     1.25958235E-01     1.09000110E+00     1.84494000E-05     6.76988689E+00     2.41999795E+01     1.00887765E+01     2.32610000E-06     8.31720000E-06     3.46650000E-06
    4.80000000E+04     9.87250000E+02     1.29230725E-01     1.09000110E+00     1.84494000E-05     7.89382308E+00     2.67195256E+01     1.17596688E+01     2.57680000E-06     8.72400000E-06     3.83870000E-06
    4.80000000E+04     1.01225000E+03     1.32503218E-01     1.09000110E+00     1.84494000E-05     9.16896587E+00     2.94629870E+01     1.36544688E+01     2.84710000E-06     9.15050000E-06     4.23990000E-06
    4.80000000E+04     1.03725000E+03     1.35775712E-01     1.09000110E+00     1.84494000E-05     1.06111332E+01     3.24480488E+01     1.57964355E+01     3.13800000E-06     9.59770000E-06     4.67150000E-06
    4.80000000E+04     1.06225000E+03     1.39048205E-01     1.09000110E+00     1.84494000E-05     1.22373462E+01     3.56935928E+01     1.82105720E+01     3.45070000E-06     1.00667000E-05     5.13500000E-06
    4.80000000E+04     1.08725000E+03     1.42320695E-01     1.09000110E+00     1.84494000E-05     1.40658873E+01     3.92197673E+01     2.09237066E+01     3.78610000E-06     1.05584000E-05     5.63200000E-06
    4.80000000E+04     1.11225000E+03     1.45593188E-01     1.09000110E+00     1.84494000E-05     1.61163618E+01     4.30480488E+01     2.39645766E+01     4.14520000E-06     1.10740000E-05     6.16380000E-06
    4.80000000E+04     1.13725000E+03     1.48865681E-01     1.09000110E+00     1.84494000E-05     1.84097566E+01     4.72012903E+01     2.73639121E+01     4.52930000E-06     1.16145000E-05     6.73220000E-06
    4.80000000E+04     1.16225000E+03     1.52138175E-01     1.09000110E+00     1.84494000E-05     2.09685036E+01     5.17037946E+01     3.11545218E+01     4.93930000E-06     1.21810000E-05     7.33880000E-06
    4.80000000E+04     1.18725000E+03     1.55410665E-01     1.09000110E+00     1.84494000E-05     2.38165441E+01     5.65813783E+01     3.53713814E+01     5.37650000E-06     1.27747000E-05     7.98500000E-06
    4.80000000E+04     1.21225000E+03     1.58683158E-01     1.09000110E+00     1.84494000E-05     2.69793931E+01     6.18614280E+01     4.00517218E+01     5.84200000E-06     1.33967000E-05     8.67260000E-06
    4.80000000E+04     1.23725000E+03     1.61955651E-01     1.09000110E+00     1.84494000E-05     3.04842036E+01     6.75729715E+01     4.52351170E+01     6.33690000E-06     1.40483000E-05     9.40330000E-06
    4.80000000E+04     1.26225000E+03     1.65228144E-01     1.09000110E+00     1.84494000E-05     3.43598365E+01     7.37467550E+01     5.09635779E+01     6.86250000E-06     1.47306000E-05     1.01787000E-05
    4.80000000E+04     1.28725000E+03     1.68500635E-01     1.09000110E+00     1.84494000E-05     3.86369278E+01     8.04152876E+01     5.72816435E+01     7.42000000E-06     1.54448000E-05     1.10006000E-05
    4.80000000E+04     1.31225000E+03     1.71773127E-01     1.09000110E+00     1.84494000E-05     4.33479552E+01     8.76129352E+01     6.42364694E+01     8.01070000E-06     1.61922000E-05     1.18708000E-05
    4.80000000E+04     1.33725000E+03     1.75045621E-01     1.09000110E+00     1.84494000E-05     4.85273164E+01     9.53759736E+01     7.18779335E+01     8.63570000E-06     1.69741000E-05     1.27911000E-05
    4.80000000E+04     1.36225000E+03     1.78318114E-01     1.09000110E+00     1.84494000E-05     5.42113930E+01     1.03742673E+02     8.02587198E+01     9.29650000E-06     1.77918000E-05     1.37632000E-05
    4.80000000E+04     1.38725000E+03     1.81590605E-01     1.09000110E+00     1.84494000E-05     6.04386285E+01     1.12753362E+02     8.94344227E+01     9.99420000E-06     1.86465000E-05     1.47891000E-05
    4.80000000E+04     1.41225000E+03     1.84863097E-01     1.09000110E+00     1.84494000E-05     6.72495968E+01     1.22450508E+02     9.94636346E+01     1.07304000E-05     1.95396000E-05     1.58705000E-05
    4.80000000E+04     1.43725000E+03     1.88135590E-01     1.09000110E+00     1.84494000E-05     7.46870869E+01     1.32878798E+02     1.10408060E+02     1.15062000E-05     2.04725000E-05     1.70094000E-05
    4.80000000E+04     1.46225000E+03     1.91408084E-01     1.09000110E+00     1.84494000E-05     8.27961690E+01     1.44085177E+02     1.22332597E+02     1.23232000E-05     2.14466000E-05     1.82077000E-05
    4.80000000E+04     1.48725000E+03     1.94680575E-01     1.09000110E+00     1.84494000E-05     9.16242810E+01     1.56119000E+02     1.35305456E+02     1.31826000E-05     2.24632000E-05     1.94673000E-05
    4.80000000E+04     1.51225000E+03     1.97953067E-01     1.09000110E+00     1.84494000E-05     1.01221298E+02     1.69032028E+02     1.49398238E+02     1.40860000E-05     2.35238000E-05     2.07903000E-05
    4.80000000E+04     1.53725000E+03     2.01225560E-01     1.09000110E+00     1.84494000E-05     1.11639615E+02     1.82878564E+02     1.64686052E+02     1.50347000E-05     2.46298000E-05     2.21785000E-05
    4.80000000E+04     1.56225000E+03     2.04498053E-01     1.09000110E+00     1.84494000E-05     1.22934234E+02     1.97715512E+02     1.81247620E+02     1.60302000E-05     2.57827000E-05     2.36341000E-05
    4.80000000E+04     1.58725000E+03     2.07770545E-01     1.09000110E+00     1.84494000E-05     1.35162840E+02     2.13602442E+02     1.99165368E+02     1.70740000E-05     2.69839000E-05     2.51590000E-05
    4.80000000E+04     1.61225000E+03     2.11043037E-01     1.09000110E+00     1.84494000E-05     1.48385881E+02     2.30601733E+02     2.18525533E+02     1.81677000E-05     2.82350000E-05     2.67553000E-05
    4.80000000E+04     1.63725000E+03     2.14315530E-01     1.09000110E+00     1.84494000E-05     1.62666648E+02     2.48778583E+02     2.39418263E+02     1.93127000E-05     2.95376000E-05     2.84251000E-05
    4.80000000E+04     1.66225000E+03     2.17588023E-01     1.09000110E+00     1.84494000E-05     1.78071377E+02     2.68201134E+02     2.61937738E+02     2.05106000E-05     3.08931000E-05     3.01705000E-05
    4.80000000E+04     1.68725000E+03     2.20860515E-01     1.09000110E+00     1.84494000E-05     1.94669323E+02     2.88940563E+02     2.86182262E+02     2.17629000E-05     3.23031000E-05     3.19936000E-05
    4.80000000E+04     1.71225000E+03     2.24133006E-01     1.09000110E+00     1.84494000E-05     2.12532834E+02     3.11071124E+02     3.12254359E+02     2.30713000E-05     3.37692000E-05     3.38966000E-05
    4.80000000E+04     1.73725000E+03     2.27405499E-01     1.09000110E+00     1.84494000E-05     2.31737461E+02     3.34670276E+02     3.40260892E+02     2.44374000E-05     3.52931000E-05     3.58816000E-05
    4.80000000E+04     1.76225000E+03     2.30677993E-01     1.09000110E+00     1.84494000E-05     2.52362031E+02     3.59818806E+02     3.70313165E+02     2.58627000E-05     3.68762000E-05     3.79507000E-05
    4.80000000E+04     1.78725000E+03     2.33950485E-01     1.09000110E+00     1.84494000E-05     2.74488749E+02     3.86600812E+02     4.02527039E+02     2.73490000E-05     3.85204000E-05     4.01062000E-05
    4.80000000E+04     1.81225000E+03     2.37222976E-01     1.09000110E+00     1.84494000E-05     2.98203274E+02     4.15103880E+02     4.37023016E+02     2.88978000E-05     4.02273000E-05     4.23504000E-05
    4.80000000E+04     1.83725000E+03     2.40495469E-01     1.09000110E+00     1.84494000E-05     3.23594813E+02     4.45419173E+02     4.73926360E+02     3.05109000E-05     4.19985000E-05     4.46854000E-05
    4.80000000E+04     1.86225000E+03     2.43767962E-01     1.09000110E+00     1.84494000E-05     3.50756220E+02     4.77641401E+02     5.13367197E+02     3.21900000E-05     4.38357000E-05     4.71134000E-05
    4.80000000E+04     1.88725000E+03     2.47040455E-01     1.09000110E+00     1.84494000E-05     3.79784078E+02     5.11869178E+02     5.55480627E+02     3.39368000E-05     4.57407000E-05     4.96368000E-05
    4.80000000E+04     1.91225000E+03     2.50312946E-01     1.09000110E+00     1.84494000E-05     4.10778802E+02     5.48204820E+02     6.00406819E+02     3.57531000E-05     4.77153000E-05     5.22579000E-05
    4.80000000E+04     1.93725000E+03     2.53585439E-01     1.09000110E+00     1.84494000E-05     4.43844735E+02     5.86754529E+02     6.48291146E+02     3.76406000E-05     4.97611000E-05     5.49789000E-05
    4.80000000E+04     1.96225000E+03     2.56857932E-01     1.09000110E+00     1.84494000E-05     4.79090226E+02     6.27628798E+02     6.99284250E+02     3.96010000E-05     5.18800000E-05     5.78021000E-05
    4.80000000E+04     1.98725000E+03     2.60130425E-01     1.09000110E+00     1.84494000E-05     5.16627737E+02     6.70941774E+02     7.53542164E+02     4.16363000E-05     5.40738000E-05     6.07299000E-05
    4.80000000E+04     2.01225000E+03     2.63402915E-01     1.09000110E+00     1.84494000E-05     5.56573947E+02     7.16812221E+02     8.11226438E+02     4.37481000E-05     5.63442000E-05     6.37645000E-05
    4.80000000E+04     2.03725000E+03     2.66675408E-01     1.09000110E+00     1.84494000E-05     5.99049834E+02     7.65363182E+02     8.72504219E+02     4.59384000E-05     5.86932000E-05     6.69085000E-05
    4.80000000E+04     2.06225000E+03     2.69947902E-01     1.09000110E+00     1.84494000E-05     6.44180767E+02     8.16721726E+02     9.37548336E+02     4.82090000E-05     6.11225000E-05     7.01640000E-05
    4.80000000E+04     2.08725000E+03     2.73220395E-01     1.09000110E+00     1.84494000E-05     6.92096652E+02     8.71019895E+02     1.00653749E+03     5.05617000E-05     6.36340000E-05     7.35336000E-05
    4.80000000E+04     2.11225000E+03     2.76492885E-01     1.09000110E+00     1.84494000E-05     7.42931932E+02     9.28393902E+02     1.07965621E+03     5.29985000E-05     6.62297000E-05     7.70195000E-05
    4.80000000E+04     2.13725000E+03     2.79765378E-01     1.09000110E+00     1.84494000E-05     7.96825822E+02     9.88985214E+02     1.15709513E+03     5.55212000E-05     6.89114000E-05     8.06241000E-05
    4.80000000E+04     2.16225000E+03     2.83037871E-01     1.09000110E+00     1.84494000E-05     8.53922298E+02     1.05293950E+03     1.23905097E+03     5.81318000E-05     7.16810000E-05     8.43500000E-05
    4.80000000E+04     2.18725000E+03     2.86310365E-01     1.09000110E+00     1.84494000E-05     9.14370225E+02     1.12040782E+03     1.32572666E+03     6.08322000E-05     7.45405000E-05     8.81994000E-05
    4.80000000E+04     2.21225000E+03     2.89582855E-01     1.09000110E+00     1.84494000E-05     9.78323477E+02     1.19154587E+03     1.41733143E+03     6.36243000E-05     7.74919000E-05     9.21749000E-05
    4.80000000E+04     2.23725000E+03     2.92855348E-01     1.09000110E+00     1.84494000E-05     1.04594104E+03     1.26651451E+03     1.51408099E+03     6.65102000E-05     8.05370000E-05     9.62788000E-05
    4.80000000E+04     2.26225000E+03     2.96127841E-01     1.09000110E+00     1.84494000E-05     1.11738713E+03     1.34548012E+03     1.61619759E+03     6.94918000E-05     8.36780000E-05     1.00513600E-04
    4.80000000E+04     2.28725000E+03     2.99400334E-01     1.09000110E+00     1.84494000E-05     1.19283119E+03     1.42861402E+03     1.72390993E+03     7.25711000E-05     8.69168000E-05     1.04881700E-04
    4.80000000E+04     2.31225000E+03     3.02672825E-01     1.09000110E+00     1.84494000E-05     1.27244817E+03     1.51609324E+03     1.83745368E+03     7.57501000E-05     9.02553000E-05     1.09385600E-04
    4.80000000E+04     2.33725000E+03     3.05945317E-01     1.09000110E+00     1.84494000E-05     1.35641846E+03     1.60810008E+03     1.95707111E+03     7.90309000E-05     9.36957000E-05     1.14027700E-04
    4.80000000E+04     2.36225000E+03     3.09217811E-01     1.09000110E+00     1.84494000E-05     1.44492813E+03     1.70482251E+03     2.08301152E+03     8.24155000E-05     9.72401000E-05     1.18810500E-04
    4.80000000E+04     2.38725000E+03     3.12490304E-01     1.09000110E+00     1.84494000E-05     1.53816891E+03     1.80645428E+03     2.21553115E+03     8.59059000E-05     1.00890300E-04     1.23736400E-04
    4.80000000E+04     2.41225000E+03     3.15762795E-01     1.09000110E+00     1.84494000E-05     1.63633837E+03     1.91319504E+03     2.35489331E+03     8.95043000E-05     1.04648600E-04     1.28808000E-04
    4.80000000E+04     2.43725000E+03     3.19035287E-01     1.09000110E+00     1.84494000E-05     1.73964007E+03     2.02525049E+03     2.50136858E+03     9.32128000E-05     1.08517100E-04     1.34027700E-04
    4.80000000E+04     2.46225000E+03     3.22307780E-01     1.09000110E+00     1.84494000E-05     1.84828354E+03     2.14283175E+03     2.65523475E+03     9.70334000E-05     1.12497700E-04     1.39397900E-04
    4.80000000E+04     2.48725000E+03     3.25580274E-01     1.09000110E+00     1.84494000E-05     1.96248453E+03     2.26615706E+03     2.81677704E+03     1.00968300E-04     1.16592800E-04     1.44921200E-04
    4.80000000E+04     2.52475000E+03     3.30489011E-01     1.09000110E+00     1.84494000E-05     2.14545899E+03     2.46319517E+03     3.07517785E+03     1.07104500E-04     1.22969400E-04     1.53518400E-04
    4.80000000E+04     2.57475000E+03     3.37033997E-01     1.09000110E+00     1.84494000E-05     2.41004095E+03     2.74716810E+03     3.44804834E+03     1.15686700E-04     1.31872500E-04     1.65514100E-04
    4.80000000E+04     2.62475000E+03     3.43578981E-01     1.09000110E+00     1.84494000E-05     2.70106114E+03     3.05836041E+03     3.85714147E+03     1.24764900E-04     1.41271800E-04     1.78166600E-04
    4.80000000E+04     2.67475000E+03     3.50123966E-01     1.09000110E+00     1.84494000E-05     3.02055835E+03     3.39882696E+03     4.30510634E+03     1.34356600E-04     1.51185100E-04     1.91495400E-04
    4.80000000E+04     2.72475000E+03     3.56668951E-01     1.09000110E+00     1.84494000E-05     3.37068260E+03     3.77073388E+03     4.79471966E+03     1.44479700E-04     1.61630200E-04     2.05520400E-04
    4.80000000E+04     2.77475000E+03     3.63213936E-01     1.09000110E+00     1.84494000E-05     3.75369840E+03     4.17636245E+03     5.32888796E+03     1.55152200E-04     1.72625000E-04     2.20261100E-04
    4.80000000E+04     2.82475000E+03     3.69758920E-01     1.09000110E+00     1.84494000E-05     4.17198833E+03     4.61811071E+03     5.91064986E+03     1.66392200E-04     1.84187700E-04     2.35737100E-04
    4.80000000E+04     2.87475000E+03     3.76303906E-01     1.09000110E+00     1.84494000E-05     4.62805641E+03     5.09849945E+03     6.54317811E+03     1.78218200E-04     1.96336700E-04     2.51967600E-04
    4.80000000E+04     2.92475000E+03     3.82848890E-01     1.09000110E+00     1.84494000E-05     5.12453157E+03     5.62017395E+03     7.22978147E+03     1.90648600E-04     2.09090600E-04     2.68972100E-04
    4.80000000E+04     2.97475000E+03     3.89393875E-01     1.09000110E+00     1.84494000E-05     5.66417122E+03     6.18590806E+03     7.97390667E+03     2.03702100E-04     2.22468000E-04     2.86769500E-04
    4.80000000E+04     3.02475000E+03     3.95938860E-01     1.09000110E+00     1.84494000E-05     6.24986419E+03     6.79860679E+03     8.77913936E+03     2.17397600E-04     2.36487700E-04     3.05378700E-04
    4.80000000E+04     3.07475000E+03     4.02483845E-01     1.09000110E+00     1.84494000E-05     6.88463500E+03     7.46131161E+03     9.64920669E+03     2.31754000E-04     2.51168800E-04     3.24818400E-04
    4.80000000E+04     3.12475000E+03     4.09028830E-01     1.09000110E+00     1.84494000E-05     7.57164656E+03     8.17720170E+03     1.05879775E+04     2.46790500E-04     2.66530400E-04     3.45107000E-04
    4.80000000E+04     3.17475000E+03     4.15573815E-01     1.09000110E+00     1.84494000E-05     8.31420371E+03     8.94959897E+03     1.15994639E+04     2.62526300E-04     2.82591700E-04     3.66262800E-04
    4.80000000E+04     3.22475000E+03     4.22118800E-01     1.09000110E+00     1.84494000E-05     9.11575659E+03     9.78196848E+03     1.26878216E+04     2.78980800E-04     2.99372100E-04     3.88303600E-04
    4.80000000E+04     3.27475000E+03     4.28663784E-01     1.09000110E+00     1.84494000E-05     9.97990442E+03     1.06779287E+04     1.38573519E+04     2.96173500E-04     3.16891100E-04     4.11247000E-04
    4.80000000E+04     3.32475000E+03     4.35208770E-01     1.09000110E+00     1.84494000E-05     1.09103983E+04     1.16412453E+04     1.51125007E+04     3.14123900E-04     3.35168200E-04     4.35110400E-04
    4.80000000E+04     3.37475000E+03     4.41753754E-01     1.09000110E+00     1.84494000E-05     1.19111447E+04     1.26758424E+04     1.64578602E+04     3.32851800E-04     3.54223100E-04     4.59910600E-04
    4.80000000E+04     3.42475000E+03     4.48298739E-01     1.09000110E+00     1.84494000E-05     1.29862080E+04     1.37858022E+04     1.78981669E+04     3.52376800E-04     3.74075700E-04     4.85664200E-04
    4.80000000E+04     3.47475000E+03     4.54843724E-01     1.09000110E+00     1.84494000E-05     1.41398154E+04     1.49753657E+04     1.94383037E+04     3.72718700E-04     3.94745600E-04     5.12387500E-04
    4.80000000E+04     3.52475000E+03     4.61388709E-01     1.09000110E+00     1.84494000E-05     1.53763586E+04     1.62489449E+04     2.10832985E+04     3.93897600E-04     4.16252900E-04     5.40096200E-04
    4.80000000E+04     3.57475000E+03     4.67933693E-01     1.09000110E+00     1.84494000E-05     1.67003976E+04     1.76111153E+04     2.28383236E+04     4.15933400E-04     4.38617500E-04     5.68805700E-04
    4.80000000E+04     3.62475000E+03     4.74478679E-01     1.09000110E+00     1.84494000E-05     1.81166630E+04     1.90666246E+04     2.47086947E+04     4.38846000E-04     4.61859300E-04     5.98530800E-04
    4.80000000E+04     3.67475000E+03     4.81023663E-01     1.09000110E+00     1.84494000E-05     1.96300602E+04     2.06203946E+04     2.66998699E+04     4.62655600E-04     4.85998500E-04     6.29285900E-04
    4.80000000E+04     3.72475000E+03     4.87568649E-01     1.09000110E+00     1.84494000E-05     2.12456718E+04     2.22775254E+04     2.88174497E+04     4.87382100E-04     5.11055200E-04     6.61085100E-04
    4.80000000E+04     3.77475000E+03     4.94113633E-01     1.09000110E+00     1.84494000E-05     2.29687601E+04     2.40432994E+04     3.10671723E+04     5.13045700E-04     5.37049300E-04     6.93941700E-04
    4.80000000E+04     3.82475000E+03     5.00658619E-01     1.09000110E+00     1.84494000E-05     2.48047708E+04     2.59231731E+04     3.34549151E+04     5.39666600E-04     5.64001100E-04     7.27868600E-04
    4.80000000E+04     3.87475000E+03     5.07203602E-01     1.09000110E+00     1.84494000E-05     2.67593353E+04     2.79228007E+04     3.59866910E+04     5.67264700E-04     5.91930700E-04     7.62878000E-04
    4.80000000E+04     3.92475000E+03     5.13748589E-01     1.09000110E+00     1.84494000E-05     2.88382729E+04     3.00480136E+04     3.86686450E+04     5.95860300E-04     6.20858000E-04     7.98981800E-04
    4.80000000E+04     3.97475000E+03     5.20293572E-01     1.09000110E+00     1.84494000E-05     3.10475954E+04     3.23048459E+04     4.15070551E+04     6.25473400E-04     6.50803400E-04     8.36191100E-04
    4.80000000E+04     4.02475000E+03     5.26838559E-01     1.09000110E+00     1.84494000E-05     3.33935076E+04     3.46995176E+04     4.45083252E+04     6.56124200E-04     6.81786800E-04     8.74516500E-04
    4.80000000E+04     4.07475000E+03     5.33383542E-01     1.09000110E+00     1.84494000E-05     3.58824097E+04     3.72384468E+04     4.76789834E+04     6.87832500E-04     7.13828300E-04     9.13967700E-04
    4.80000000E+04     4.12475000E+03     5.39928528E-01     1.09000110E+00     1.84494000E-05     3.85209027E+04     3.99282474E+04     5.10256812E+04     7.20618500E-04     7.46947800E-04     9.54554000E-04
    4.80000000E+04     4.17475000E+03     5.46473512E-01     1.09000110E+00     1.84494000E-05     4.13157865E+04     4.27757480E+04     5.45551845E+04     7.54502100E-04     7.81165400E-04     9.96284100E-04
    4.80000000E+04     4.22475000E+03     5.53018498E-01     1.09000110E+00     1.84494000E-05     4.42740668E+04     4.57879535E+04     5.82743763E+04     7.89503100E-04     8.16500800E-04     1.03916580E-03
    4.80000000E+04     4.27475000E+03     5.59563481E-01     1.09000110E+00     1.84494000E-05     4.74029517E+04     4.89721127E+04     6.21902437E+04     8.25641400E-04     8.52974000E-04     1.08320610E-03
    4.80000000E+04     4.32475000E+03     5.66108468E-01     1.09000110E+00     1.84494000E-05     5.07098606E+04     5.23356427E+04     6.63098836E+04     8.62936700E-04     8.90604600E-04     1.12841170E-03
    4.80000000E+04     4.37475000E+03     5.72653451E-01     1.09000110E+00     1.84494000E-05     5.42024187E+04     5.58861936E+04     7.06404872E+04     9.01408700E-04     9.29412200E-04     1.17478810E-03
    4.80000000E+04     4.42475000E+03     5.79198437E-01     1.09000110E+00     1.84494000E-05     5.78884666E+04     5.96316245E+04     7.51893454E+04     9.41076800E-04     9.69416500E-04     1.22234030E-03
    4.80000000E+04     4.47475000E+03     5.85743421E-01     1.09000110E+00     1.84494000E-05     6.17760553E+04     6.35799991E+04     7.99638335E+04     9.81960600E-04     1.01063680E-03     1.27107230E-03
    4.80000000E+04     4.52475000E+03     5.92288407E-01     1.09000110E+00     1.84494000E-05     6.58734530E+04     6.77396141E+04     8.49714136E+04     1.02407930E-03     1.05309250E-03     1.32098770E-03
    4.80000000E+04     4.57475000E+03     5.98833391E-01     1.09000110E+00     1.84494000E-05     7.01891423E+04     7.21189634E+04     9.02196212E+04     1.06745210E-03     1.09680280E-03     1.37208890E-03
    4.80000000E+04     4.62475000E+03     6.05378377E-01     1.09000110E+00     1.84494000E-05     7.47318255E+04     7.67267567E+04     9.57160651E+04     1.11209810E-03     1.14178660E-03     1.42437760E-03
    4.80000000E+04     4.67475000E+03     6.11923361E-01     1.09000110E+00     1.84494000E-05     7.95104248E+04     8.15719476E+04     1.01468419E+05     1.15803620E-03     1.18806290E-03     1.47785480E-03
    4.80000000E+04     4.72475000E+03     6.18468346E-01     1.09000110E+00     1.84494000E-05     8.45340826E+04     8.66636965E+04     1.07484410E+05     1.20528510E-03     1.23565060E-03     1.53252040E-03
    4.80000000E+04     4.77475000E+03     6.25013331E-01     1.09000110E+00     1.84494000E-05     8.98121623E+04     9.20113671E+04     1.13771820E+05     1.25386350E-03     1.28456800E-03     1.58837350E-03
    4.80000000E+04     4.82475000E+03     6.31558316E-01     1.09000110E+00     1.84494000E-05     9.53542518E+04     9.76245936E+04     1.20338470E+05     1.30378970E-03     1.33483390E-03     1.64541260E-03
    4.80000000E+04     4.87475000E+03     6.38103300E-01     1.09000110E+00     1.84494000E-05     1.01170162E+05     1.03513185E+05     1.27192218E+05     1.35508200E-03     1.38646620E-03     1.70363490E-03
    4.80000000E+04     4.92475000E+03     6.44648286E-01     1.09000110E+00     1.84494000E-05     1.07269932E+05     1.09687192E+05     1.34340948E+05     1.40775850E-03     1.43948290E-03     1.76303690E-03
    4.80000000E+04     4.97475000E+03     6.51193270E-01     1.09000110E+00     1.84494000E-05     1.13663819E+05     1.16156908E+05     1.41792560E+05     1.46183690E-03     1.49390210E-03     1.82361430E-03
    4.80000000E+04     5.00000000E+03     6.54498490E-01     1.09000110E+00     1.84494000E-05     1.16994900E+05     1.19526820E+05     1.45660110E+05     1.48962530E-03     1.52186270E-03     1.85460210E-03
