    4.80000000E+04     5.00000000E-01     6.54498000E-05     1.22024830E+00     4.34454000E-05     0.00000000E+00     5.40000000E-09     0.00000000E+00     0.00000000E+00     6.80000000E-09     0.00000000E+00
    4.80000000E+04     1.00000000E+00     1.30899700E-04     1.22024830E+00     4.34454000E-05     0.00000000E+00     4.30000000E-08     0.00000000E+00     0.00000000E+00     1.37000000E-08     0.00000000E+00
    4.80000000E+04     1.50000000E+00     1.96349600E-04     1.22024830E+00     4.34454000E-05     0.00000000E+00     1.45100000E-07     0.00000000E+00     0.00000000E+00     2.05000000E-08     0.00000000E+00
    4.80000000E+04     2.00000000E+00     2.61799400E-04     1.22024830E+00     4.34454000E-05     0.00000000E+00     3.43900000E-07     0.00000000E+00     0.00000000E+00     2.74000000E-08     0.00000000E+00
    4.80000000E+04     2.50000000E+00     3.27249200E-04     1.22024830E+00     4.34454000E-05     0.00000000E+00     6.71600000E-07     0.00000000E+00     0.00000000E+00     3.42000000E-08     0.00000000E+00
    4.80000000E+04     3.00000000E+00     3.92699100E-04     1.22024830E+00     4.34454000E-05     0.00000000E+00     1.16050000E-06     0.00000000E+00     0.00000000E+00     4.10000000E-08     0.00000000E+00
    4.80000000E+04     3.50000000E+00     4.58148900E-04     1.22024830E+00     4.34454000E-05     0.00000000E+00     1.84290000E-06     0.00000000E+00     0.00000000E+00     4.79000000E-08     0.00000000E+00
    4.80000000E+04     4.00000000E+00     5.23598800E-04     1.22024830E+00     4.34454000E-05     0.00000000E+00     2.75090000E-06     0.00000000E+00     0.00000000E+00     5.47000000E-08     0.00000000E+00
    4.80000000E+04     4.50000000E+00     5.89048600E-04     1.22024830E+00     4.34454000E-05     0.00000000E+00     3.91680000E-06     0.00000000E+00     0.00000000E+00     6.16000000E-08     0.00000000E+00
    4.80000000E+04     5.00000000E+00     6.54498500E-04     1.22024830E+00     4.34454000E-05     0.00000000E+00     5.37280000E-06     0.00000000E+00     0.00000000E+00     6.84000000E-08     0.00000000E+00
    4.80000000E+04     5.50000000E+00     7.19948300E-04     1.22024830E+00     4.34454000E-05     0.00000000E+00     7.15120000E-06     0.00000000E+00     0.00000000E+00     7.52000000E-08     0.00000000E+00
    4.80000000E+04     6.00000000E+00     7.85398200E-04     1.22024830E+00     4.34454000E-05     0.00000000E+00     9.28420000E-06     0.00000000E+00     0.00000000E+00     8.21000000E-08     0.00000000E+00
    4.80000000E+04     6.50000000E+00     8.50848000E-04     1.22024830E+00     4.34454000E-05     0.00000000E+00     1.18040000E-05     0.00000000E+00     0.00000000E+00     8.89000000E-08     0.00000000E+00
    4.80000000E+04     7.00000000E+00     9.16297900E-04     1.22024830E+00     4.34454000E-05     0.00000000E+00     1.47429000E-05     0.00000000E+00     0.00000000E+00     9.58000000E-08     0.00000000E+00
    4.80000000E+04     7.50000000E+00     9.81747700E-04     1.22024830E+00     4.34454000E-05     0.00000000E+00     1.81331000E-05     0.00000000E+00     0.00000000E+00     1.02600000E-07     0.00000000E+00
    4.80000000E+04     8.00000000E+00     1.04719760E-03     1.22024830E+00     4.34454000E-05     0.00000000E+00     2.20069000E-05     0.00000000E+00     0.00000000E+00     1.09500000E-07     0.00000000E+00
    4.80000000E+04     8.50000000E+00     1.11264740E-03     1.22024830E+00     4.34454000E-05     0.00000000E+00     2.63965000E-05     0.00000000E+00     0.00000000E+00     1.16300000E-07     0.00000000E+00
    4.80000000E+04     9.00000000E+00     1.17809730E-03     1.22024830E+00     4.34454000E-05     0.00000000E+00     3.13340000E-05     0.00000000E+00     0.00000000E+00     1.23100000E-07     0.00000000E+00
    4.80000000E+04     9.50000000E+00     1.24354710E-03     1.22024830E+00     4.34454000E-05     0.00000000E+00     3.68519000E-05     1.00000000E-10     0.00000000E+00     1.30000000E-07     0.00000000E+00
    4.80000000E+04     1.00000000E+01     1.30899700E-03     1.22024830E+00     4.34454000E-05     0.00000000E+00     4.29822000E-05     1.00000000E-10     0.00000000E+00     1.36800000E-07     0.00000000E+00
    4.80000000E+04     1.05000000E+01     1.37444680E-03     1.22024830E+00     4.34454000E-05     1.00000000E-10     4.97573000E-05     1.00000000E-10     0.00000000E+00     1.43700000E-07     0.00000000E+00
    4.80000000E+04     1.10000000E+01     1.43989670E-03     1.22024830E+00     4.34454000E-05     1.00000000E-10     5.72094000E-05     1.00000000E-10     0.00000000E+00     1.50500000E-07     0.00000000E+00
    4.80000000E+04     1.15000000E+01     1.50534650E-03     1.22024830E+00     4.34454000E-05     1.00000000E-10     6.53707000E-05     2.00000000E-10     0.00000000E+00     1.57300000E-07     0.00000000E+00
    4.80000000E+04     1.20000000E+01     1.57079640E-03     1.22024830E+00     4.34454000E-05     1.00000000E-10     7.42734000E-05     2.00000000E-10     0.00000000E+00     1.64200000E-07     0.00000000E+00
    4.80000000E+04     1.25000000E+01     1.63624620E-03     1.22024830E+00     4.34454000E-05     2.00000000E-10     8.39498000E-05     3.00000000E-10     0.00000000E+00     1.71000000E-07     0.00000000E+00
    4.80000000E+04     1.30000000E+01     1.70169610E-03     1.22024830E+00     4.34454000E-05     2.00000000E-10     9.44321000E-05     3.00000000E-10     0.00000000E+00     1.77900000E-07     0.00000000E+00
    4.80000000E+04     1.35000000E+01     1.76714590E-03     1.22024830E+00     4.34454000E-05     3.00000000E-10     1.05752700E-04     4.00000000E-10     0.00000000E+00     1.84700000E-07     0.00000000E+00
    4.80000000E+04     1.40000000E+01     1.83259580E-03     1.22024830E+00     4.34454000E-05     4.00000000E-10     1.17943600E-04     5.00000000E-10     0.00000000E+00     1.91500000E-07     0.00000000E+00
    4.80000000E+04     1.45000000E+01     1.89804560E-03     1.22024830E+00     4.34454000E-05     4.00000000E-10     1.31037100E-04     7.00000000E-10     0.00000000E+00     1.98400000E-07     0.00000000E+00
    4.80000000E+04     1.50000000E+01     1.96349550E-03     1.22024830E+00     4.34454000E-05     6.00000000E-10     1.45065500E-04     8.00000000E-10     0.00000000E+00     2.05200000E-07     0.00000000E+00
    4.80000000E+04     1.55000000E+01     2.02894530E-03     1.22024830E+00     4.34454000E-05     7.00000000E-10     1.60061100E-04     1.00000000E-09     0.00000000E+00     2.12100000E-07     0.00000000E+00
    4.80000000E+04     1.60000000E+01     2.09439520E-03     1.22024830E+00     4.34454000E-05     8.00000000E-10     1.76056000E-04     1.20000000E-09     0.00000000E+00     2.18900000E-07     0.00000000E+00
    4.80000000E+04     1.65000000E+01     2.15984500E-03     1.22024830E+00     4.34454000E-05     1.00000000E-09     1.93082500E-04     1.50000000E-09     0.00000000E+00     2.25700000E-07     0.00000000E+00
    4.80000000E+04     1.70000000E+01     2.22529490E-03     1.22024830E+00     4.34454000E-05     1.20000000E-09     2.11172900E-04     1.70000000E-09     0.00000000E+00     2.32600000E-07     0.00000000E+00
    4.80000000E+04     1.75000000E+01     2.29074470E-03     1.22024830E+00     4.34454000E-05     1.40000000E-09     2.30359300E-04     2.10000000E-09     0.00000000E+00     2.39400000E-07     0.00000000E+00
    4.80000000E+04     1.80000000E+01     2.35619460E-03     1.22024830E+00     4.34454000E-05     1.60000000E-09     2.50674100E-04     2.50000000E-09     0.00000000E+00     2.46300000E-07     0.00000000E+00
    4.80000000E+04     1.85000000E+01     2.42164440E-03     1.22024830E+00     4.34454000E-05     1.90000000E-09     2.72149400E-04     2.90000000E-09     0.00000000E+00     2.53100000E-07     0.00000000E+00
    4.80000000E+04     1.90000000E+01     2.48709430E-03     1.22024830E+00     4.34454000E-05     2.30000000E-09     2.94817500E-04     3.40000000E-09     0.00000000E+00     2.60000000E-07     0.00000000E+00
    4.80000000E+04     1.95000000E+01     2.55254410E-03     1.22024830E+00     4.34454000E-05     2.70000000E-09     3.18710700E-04     4.00000000E-09     0.00000000E+00     2.66800000E-07     0.00000000E+00
    4.80000000E+04     2.00000000E+01     2.61799400E-03     1.22024830E+00     4.34454000E-05     3.10000000E-09     3.43861100E-04     4.60000000E-09     0.00000000E+00     2.73600000E-07     0.00000000E+00
    4.80000000E+04     2.05000000E+01     2.68344380E-03     1.22024830E+00     4.34454000E-05     3.60000000E-09     3.70301100E-04     5.40000000E-09     0.00000000E+00     2.80500000E-07     0.00000000E+00
    4.80000000E+04     2.10000000E+01     2.74889360E-03     1.22024830E+00     4.34454000E-05     4.10000000E-09     3.98062900E-04     6.20000000E-09     0.00000000E+00     2.87300000E-07     0.00000000E+00
    4.80000000E+04     2.15000000E+01     2.81434350E-03     1.22024830E+00     4.34454000E-05     4.80000000E-09     4.27178600E-04     7.20000000E-09     0.00000000E+00     2.94200000E-07     0.00000000E+00
    4.80000000E+04     2.20000000E+01     2.87979330E-03     1.22024830E+00     4.34454000E-05     5.50000000E-09     4.57680700E-04     8.20000000E-09     0.00000000E+00     3.01000000E-07     0.00000000E+00
    4.80000000E+04     2.25000000E+01     2.94524320E-03     1.22024830E+00     4.34454000E-05     6.30000000E-09     4.89601200E-04     9.40000000E-09     0.00000000E+00     3.07800000E-07     0.00000000E+00
    4.80000000E+04     2.30000000E+01     3.01069300E-03     1.22024830E+00     4.34454000E-05     7.20000000E-09     5.22972500E-04     1.07000000E-08     0.00000000E+00     3.14700000E-07     0.00000000E+00
    4.80000000E+04     2.35000000E+01     3.07614290E-03     1.22024830E+00     4.34454000E-05     8.10000000E-09     5.57826800E-04     1.22000000E-08     0.00000000E+00     3.21500000E-07     0.00000000E+00
    4.80000000E+04     2.40000000E+01     3.14159270E-03     1.22024830E+00     4.34454000E-05     9.20000000E-09     5.94196300E-04     1.39000000E-08     0.00000000E+00     3.28400000E-07     0.00000000E+00
    4.80000000E+04     2.45000000E+01     3.20704260E-03     1.22024830E+00     4.34454000E-05     1.04000000E-08     6.32113400E-04     1.57000000E-08     0.00000000E+00     3.35200000E-07     0.00000000E+00
    4.80000000E+04     2.50000000E+01     3.27249240E-03     1.22024830E+00     4.34454000E-05     1.18000000E-08     6.71610100E-04     1.77000000E-08     0.00000000E+00     3.42000000E-07     0.00000000E+00
    4.80000000E+04     2.55000000E+01     3.33794230E-03     1.22024830E+00     4.34454000E-05     1.33000000E-08     7.12718900E-04     1.99000000E-08     0.00000000E+00     3.48900000E-07     0.00000000E+00
    4.80000000E+04     2.60000000E+01     3.40339210E-03     1.22024830E+00     4.34454000E-05     1.49000000E-08     7.55471900E-04     2.24000000E-08     0.00000000E+00     3.55700000E-07     0.00000000E+00
    4.80000000E+04     2.65000000E+01     3.46884200E-03     1.22024830E+00     4.34454000E-05     1.67000000E-08     7.99901400E-04     2.51000000E-08     0.00000000E+00     3.62600000E-07     0.00000000E+00
    4.80000000E+04     2.70000000E+01     3.53429180E-03     1.22024830E+00     4.34454000E-05     1.87000000E-08     8.46039600E-04     2.81000000E-08     0.00000000E+00     3.69400000E-07     0.00000000E+00
    4.80000000E+04     2.75000000E+01     3.59974170E-03     1.22024830E+00     4.34454000E-05     2.09000000E-08     8.93918900E-04     3.13000000E-08     0.00000000E+00     3.76300000E-07     0.00000000E+00
    4.80000000E+04     2.80000000E+01     3.66519150E-03     1.22024830E+00     4.34454000E-05     2.33000000E-08     9.43571300E-04     3.49000000E-08     0.00000000E+00     3.83100000E-07     0.00000000E+00
    4.80000000E+04     2.85000000E+01     3.73064140E-03     1.22024830E+00     4.34454000E-05     2.59000000E-08     9.95029300E-04     3.88000000E-08     0.00000000E+00     3.89900000E-07     0.00000000E+00
    4.80000000E+04     2.90000000E+01     3.79609120E-03     1.22024830E+00     4.34454000E-05     2.87000000E-08     1.04832490E-03     4.31000000E-08     0.00000000E+00     3.96800000E-07     0.00000000E+00
    4.80000000E+04     2.95000000E+01     3.86154110E-03     1.22024830E+00     4.34454000E-05     3.18000000E-08     1.10349050E-03     4.78000000E-08     0.00000000E+00     4.03600000E-07     0.00000000E+00
    4.80000000E+04     3.00000000E+01     3.92699090E-03     1.22024830E+00     4.34454000E-05     3.52000000E-08     1.16055850E-03     5.28000000E-08     0.00000000E+00     4.10500000E-07     0.00000000E+00
    4.80000000E+04     3.05000000E+01     3.99244080E-03     1.22024830E+00     4.34454000E-05     3.89000000E-08     1.21956100E-03     5.83000000E-08     0.00000000E+00     4.17300000E-07     0.00000000E+00
    4.80000000E+04     3.10000000E+01     4.05789060E-03     1.22024830E+00     4.34454000E-05     4.29000000E-08     1.28053030E-03     6.43000000E-08     0.00000000E+00     4.24100000E-07     0.00000000E+00
    4.80000000E+04     3.15000000E+01     4.12334050E-03     1.22024830E+00     4.34454000E-05     4.72000000E-08     1.34349850E-03     7.08000000E-08     0.00000000E+00     4.31000000E-07     0.00000000E+00
    4.80000000E+04     3.20000000E+01     4.18879030E-03     1.22024830E+00     4.34454000E-05     5.19000000E-08     1.40849820E-03     7.78000000E-08     0.00000000E+00     4.37800000E-07     0.00000000E+00
    4.80000000E+04     3.25000000E+01     4.25424020E-03     1.22024830E+00     4.34454000E-05     5.69000000E-08     1.47556130E-03     8.54000000E-08     0.00000000E+00     4.44700000E-07     0.00000000E+00
    4.80000000E+04     3.30000000E+01     4.31969000E-03     1.22024830E+00     4.34454000E-05     6.24000000E-08     1.54472020E-03     9.36000000E-08     0.00000000E+00     4.51500000E-07     0.00000000E+00
    4.80000000E+04     3.35000000E+01     4.38513990E-03     1.22024830E+00     4.34454000E-05     6.83000000E-08     1.61600730E-03     1.02400000E-07     0.00000000E+00     4.58400000E-07     0.00000000E+00
    4.80000000E+04     3.40000000E+01     4.45058970E-03     1.22024830E+00     4.34454000E-05     7.46000000E-08     1.68945470E-03     1.12000000E-07     0.00000000E+00     4.65200000E-07     0.00000000E+00
    4.80000000E+04     3.45000000E+01     4.51603960E-03     1.22024830E+00     4.34454000E-05     8.15000000E-08     1.76509470E-03     1.22200000E-07     0.00000000E+00     4.72000000E-07     0.00000000E+00
    4.80000000E+04     3.50000000E+01     4.58148940E-03     1.22024830E+00     4.34454000E-05     8.88000000E-08     1.84295950E-03     1.33200000E-07     0.00000000E+00     4.78900000E-07     0.00000000E+00
    4.80000000E+04     3.55000000E+01     4.64693930E-03     1.22024830E+00     4.34454000E-05     9.67000000E-08     1.92308150E-03     1.45100000E-07     0.00000000E+00     4.85700000E-07     0.00000000E+00
    4.80000000E+04     3.60000000E+01     4.71238910E-03     1.22024830E+00     4.34454000E-05     1.05200000E-07     2.00549300E-03     1.57800000E-07     0.00000000E+00     4.92600000E-07     0.00000000E+00
    4.80000000E+04     3.65000000E+01     4.77783900E-03     1.22024830E+00     4.34454000E-05     1.14200000E-07     2.09022610E-03     1.71400000E-07     0.00000000E+00     4.99400000E-07     0.00000000E+00
    4.80000000E+04     3.70000000E+01     4.84328880E-03     1.22024830E+00     4.34454000E-05     1.24000000E-07     2.17731320E-03     1.85900000E-07     0.00000000E+00     5.06300000E-07     0.00000000E+00
    4.80000000E+04     3.75000000E+01     4.90873870E-03     1.22024830E+00     4.34454000E-05     1.34400000E-07     2.26678650E-03     2.01500000E-07     0.00000000E+00     5.13100000E-07     0.00000000E+00
    4.80000000E+04     3.80000000E+01     4.97418850E-03     1.22024830E+00     4.34454000E-05     1.45500000E-07     2.35867840E-03     2.18200000E-07     0.00000000E+00     5.19900000E-07     0.00000000E+00
    4.80000000E+04     3.85000000E+01     5.03963840E-03     1.22024830E+00     4.34454000E-05     1.57300000E-07     2.45302100E-03     2.36000000E-07     0.00000000E+00     5.26800000E-07     1.00000000E-10
    4.80000000E+04     3.90000000E+01     5.10508820E-03     1.22024830E+00     4.34454000E-05     1.70000000E-07     2.54984660E-03     2.55000000E-07     0.00000000E+00     5.33600000E-07     1.00000000E-10
    4.80000000E+04     3.95000000E+01     5.17053810E-03     1.22024830E+00     4.34454000E-05     1.83500000E-07     2.64918780E-03     2.75300000E-07     0.00000000E+00     5.40500000E-07     1.00000000E-10
    4.80000000E+04     4.00000000E+01     5.23598790E-03     1.22024830E+00     4.34454000E-05     1.97900000E-07     2.75107650E-03     2.96900000E-07     0.00000000E+00     5.47300000E-07     1.00000000E-10
    4.80000000E+04     4.05000000E+01     5.30143780E-03     1.22024830E+00     4.34454000E-05     2.13200000E-07     2.85554510E-03     3.19800000E-07     0.00000000E+00     5.54200000E-07     1.00000000E-10
    4.80000000E+04     4.10000000E+01     5.36688760E-03     1.22024830E+00     4.34454000E-05     2.29500000E-07     2.96262590E-03     3.44300000E-07     0.00000000E+00     5.61000000E-07     1.00000000E-10
    4.80000000E+04     4.15000000E+01     5.43233740E-03     1.22024830E+00     4.34454000E-05     2.46800000E-07     3.07235110E-03     3.70200000E-07     0.00000000E+00     5.67800000E-07     1.00000000E-10
    4.80000000E+04     4.20000000E+01     5.49778730E-03     1.22024830E+00     4.34454000E-05     2.65200000E-07     3.18475330E-03     3.97800000E-07     0.00000000E+00     5.74700000E-07     1.00000000E-10
    4.80000000E+04     4.25000000E+01     5.56323710E-03     1.22024830E+00     4.34454000E-05     2.84700000E-07     3.29986440E-03     4.27100000E-07     1.00000000E-10     5.81500000E-07     1.00000000E-10
    4.80000000E+04     4.30000000E+01     5.62868700E-03     1.22024830E+00     4.34454000E-05     3.05400000E-07     3.41771700E-03     4.58100000E-07     1.00000000E-10     5.88400000E-07     1.00000000E-10
    4.80000000E+04     4.35000000E+01     5.69413680E-03     1.22024830E+00     4.34454000E-05     3.27400000E-07     3.53834320E-03     4.91000000E-07     1.00000000E-10     5.95200000E-07     1.00000000E-10
    4.80000000E+04     4.40000000E+01     5.75958670E-03     1.22024830E+00     4.34454000E-05     3.50600000E-07     3.66177530E-03     5.25900000E-07     1.00000000E-10     6.02100000E-07     1.00000000E-10
    4.80000000E+04     4.45000000E+01     5.82503650E-03     1.22024830E+00     4.34454000E-05     3.75200000E-07     3.78804560E-03     5.62800000E-07     1.00000000E-10     6.08900000E-07     1.00000000E-10
    4.80000000E+04     4.50000000E+01     5.89048640E-03     1.22024830E+00     4.34454000E-05     4.01200000E-07     3.91718650E-03     6.01800000E-07     1.00000000E-10     6.15700000E-07     1.00000000E-10
    4.80000000E+04     4.55000000E+01     5.95593620E-03     1.22024830E+00     4.34454000E-05     4.28700000E-07     4.04923050E-03     6.43100000E-07     1.00000000E-10     6.22600000E-07     1.00000000E-10
    4.80000000E+04     4.60000000E+01     6.02138610E-03     1.22024830E+00     4.34454000E-05     4.57800000E-07     4.18420960E-03     6.86600000E-07     1.00000000E-10     6.29400000E-07     1.00000000E-10
    4.80000000E+04     4.65000000E+01     6.08683590E-03     1.22024830E+00     4.34454000E-05     4.88400000E-07     4.32215620E-03     7.32700000E-07     1.00000000E-10     6.36300000E-07     1.00000000E-10
    4.80000000E+04     4.70000000E+01     6.15228580E-03     1.22024830E+00     4.34454000E-05     5.20800000E-07     4.46310220E-03     7.81200000E-07     1.00000000E-10     6.43100000E-07     1.00000000E-10
    4.80000000E+04     4.75000000E+01     6.21773560E-03     1.22024830E+00     4.34454000E-05     5.55000000E-07     4.60708090E-03     8.32400000E-07     1.00000000E-10     6.50000000E-07     1.00000000E-10
    4.80000000E+04     4.80000000E+01     6.28318550E-03     1.22024830E+00     4.34454000E-05     5.90900000E-07     4.75412360E-03     8.86400000E-07     1.00000000E-10     6.56800000E-07     1.00000000E-10
    4.80000000E+04     4.85000000E+01     6.34863530E-03     1.22024830E+00     4.34454000E-05     6.28800000E-07     4.90426340E-03     9.43300000E-07     1.00000000E-10     6.63700000E-07     1.00000000E-10
    4.80000000E+04     4.90000000E+01     6.41408520E-03     1.22024830E+00     4.34454000E-05     6.68800000E-07     5.05753200E-03     1.00310000E-06     1.00000000E-10     6.70500000E-07     1.00000000E-10
    4.80000000E+04     4.95000000E+01     6.47953500E-03     1.22024830E+00     4.34454000E-05     7.10800000E-07     5.21396200E-03     1.06610000E-06     1.00000000E-10     6.77300000E-07     1.00000000E-10
    4.80000000E+04     5.10000000E+01     6.67588460E-03     1.22024830E+00     4.34454000E-05     8.52600000E-07     5.70583450E-03     1.27890000E-06     1.00000000E-10     6.97900000E-07     2.00000000E-10
    4.80000000E+04     5.35000000E+01     7.00313380E-03     1.22024830E+00     4.34454000E-05     1.13590000E-06     6.58654430E-03     1.70390000E-06     1.00000000E-10     7.32100000E-07     2.00000000E-10
    4.80000000E+04     5.60000000E+01     7.33038310E-03     1.22024830E+00     4.34454000E-05     1.49370000E-06     7.55356560E-03     2.24050000E-06     2.00000000E-10     7.66300000E-07     2.00000000E-10
    4.80000000E+04     5.85000000E+01     7.65763230E-03     1.22024830E+00     4.34454000E-05     1.94080000E-06     8.61094260E-03     2.91110000E-06     2.00000000E-10     8.00600000E-07     3.00000000E-10
    4.80000000E+04     6.10000000E+01     7.98488160E-03     1.22024830E+00     4.34454000E-05     2.49430000E-06     9.76272310E-03     3.74130000E-06     2.00000000E-10     8.34800000E-07     3.00000000E-10
    4.80000000E+04     6.35000000E+01     8.31213080E-03     1.22024830E+00     4.34454000E-05     3.17350000E-06     1.10129562E-02     4.76020000E-06     3.00000000E-10     8.69100000E-07     4.00000000E-10
    4.80000000E+04     6.60000000E+01     8.63938000E-03     1.22024830E+00     4.34454000E-05     4.00040000E-06     1.23656942E-02     6.00040000E-06     3.00000000E-10     9.03300000E-07     4.00000000E-10
    4.80000000E+04     6.85000000E+01     8.96662930E-03     1.22024830E+00     4.34454000E-05     4.99950000E-06     1.38249920E-02     7.49900000E-06     3.00000000E-10     9.37600000E-07     5.00000000E-10
    4.80000000E+04     7.10000000E+01     9.29387850E-03     1.22024830E+00     4.34454000E-05     6.19850000E-06     1.53949084E-02     9.29740000E-06     4.00000000E-10     9.71800000E-07     6.00000000E-10
    4.80000000E+04     7.35000000E+01     9.62112780E-03     1.22024830E+00     4.34454000E-05     7.62810000E-06     1.70795032E-02     1.14417000E-05     4.00000000E-10     1.00610000E-06     7.00000000E-10
    4.80000000E+04     7.60000000E+01     9.94837710E-03     1.22024830E+00     4.34454000E-05     9.32260000E-06     1.88828424E-02     1.39833000E-05     5.00000000E-10     1.04030000E-06     8.00000000E-10
    4.80000000E+04     7.85000000E+01     1.02756262E-02     1.22024830E+00     4.34454000E-05     1.13197000E-05     2.08089930E-02     1.69788000E-05     6.00000000E-10     1.07460000E-06     9.00000000E-10
    4.80000000E+04     8.10000000E+01     1.06028756E-02     1.22024830E+00     4.34454000E-05     1.36614000E-05     2.28620282E-02     2.04911000E-05     7.00000000E-10     1.10890000E-06     1.00000000E-09
    4.80000000E+04     8.35000000E+01     1.09301248E-02     1.22024830E+00     4.34454000E-05     1.63936000E-05     2.50460248E-02     2.45892000E-05     7.00000000E-10     1.14320000E-06     1.10000000E-09
    4.80000000E+04     8.60000000E+01     1.12573740E-02     1.22024830E+00     4.34454000E-05     1.95668000E-05     2.73650646E-02     2.93486000E-05     8.00000000E-10     1.17750000E-06     1.30000000E-09
    4.80000000E+04     8.85000000E+01     1.15846232E-02     1.22024830E+00     4.34454000E-05     2.32361000E-05     2.98232326E-02     3.48522000E-05     9.00000000E-10     1.21180000E-06     1.40000000E-09
    4.80000000E+04     9.10000000E+01     1.19118724E-02     1.22024830E+00     4.34454000E-05     2.74618000E-05     3.24246200E-02     4.11902000E-05     1.10000000E-09     1.24610000E-06     1.60000000E-09
    4.80000000E+04     9.35000000E+01     1.22391218E-02     1.22024830E+00     4.34454000E-05     3.23094000E-05     3.51733238E-02     4.84610000E-05     1.20000000E-09     1.28050000E-06     1.80000000E-09
    4.80000000E+04     9.60000000E+01     1.25663710E-02     1.22024830E+00     4.34454000E-05     3.78501000E-05     3.80734464E-02     5.67713000E-05     1.30000000E-09     1.31480000E-06     2.00000000E-09
    4.80000000E+04     9.85000000E+01     1.28936202E-02     1.22024830E+00     4.34454000E-05     4.41610000E-05     4.11290952E-02     6.62367000E-05     1.40000000E-09     1.34910000E-06     2.20000000E-09
    4.80000000E+04     1.01000000E+02     1.32208694E-02     1.22024830E+00     4.34454000E-05     5.13254000E-05     4.43443860E-02     7.69823000E-05     1.60000000E-09     1.38350000E-06     2.40000000E-09
    4.80000000E+04     1.03500000E+02     1.35481188E-02     1.22024830E+00     4.34454000E-05     5.94334000E-05     4.77234386E-02     8.91430000E-05     1.80000000E-09     1.41790000E-06     2.60000000E-09
    4.80000000E+04     1.06000000E+02     1.38753680E-02     1.22024830E+00     4.34454000E-05     6.85817000E-05     5.12703828E-02     1.02864100E-04     1.90000000E-09     1.45230000E-06     2.90000000E-09
    4.80000000E+04     1.08500000E+02     1.42026170E-02     1.22024830E+00     4.34454000E-05     7.88747000E-05     5.49893538E-02     1.18301900E-04     2.10000000E-09     1.48670000E-06     3.20000000E-09
    4.80000000E+04     1.11000000E+02     1.45298664E-02     1.22024830E+00     4.34454000E-05     9.04241000E-05     5.88844924E-02     1.35623900E-04     2.30000000E-09     1.52110000E-06     3.50000000E-09
    4.80000000E+04     1.13500000E+02     1.48571158E-02     1.22024830E+00     4.34454000E-05     1.03349700E-04     6.29599564E-02     1.55009900E-04     2.60000000E-09     1.55550000E-06     3.80000000E-09
    4.80000000E+04     1.16000000E+02     1.51843650E-02     1.22024830E+00     4.34454000E-05     1.17779700E-04     6.72198984E-02     1.76652200E-04     2.80000000E-09     1.58990000E-06     4.20000000E-09
    4.80000000E+04     1.18500000E+02     1.55116140E-02     1.22024830E+00     4.34454000E-05     1.33851100E-04     7.16684930E-02     2.00755900E-04     3.00000000E-09     1.62440000E-06     4.50000000E-09
    4.80000000E+04     1.21000000E+02     1.58388634E-02     1.22024830E+00     4.34454000E-05     1.51709800E-04     7.63099166E-02     2.27540300E-04     3.30000000E-09     1.65890000E-06     4.90000000E-09
    4.80000000E+04     1.23500000E+02     1.61661126E-02     1.22024830E+00     4.34454000E-05     1.71511600E-04     8.11483550E-02     2.57238700E-04     3.60000000E-09     1.69340000E-06     5.40000000E-09
    4.80000000E+04     1.26000000E+02     1.64933620E-02     1.22024830E+00     4.34454000E-05     1.93422000E-04     8.61880076E-02     2.90099200E-04     3.90000000E-09     1.72790000E-06     5.80000000E-09
    4.80000000E+04     1.28500000E+02     1.68206110E-02     1.22024830E+00     4.34454000E-05     2.17616900E-04     9.14330808E-02     3.26385800E-04     4.20000000E-09     1.76240000E-06     6.30000000E-09
    4.80000000E+04     1.31000000E+02     1.71478604E-02     1.22024830E+00     4.34454000E-05     2.44283000E-04     9.68877982E-02     3.66378500E-04     4.50000000E-09     1.79700000E-06     6.80000000E-09
    4.80000000E+04     1.33500000E+02     1.74751096E-02     1.22024830E+00     4.34454000E-05     2.73618300E-04     1.02556384E-01     4.10373900E-04     4.90000000E-09     1.83150000E-06     7.30000000E-09
    4.80000000E+04     1.36000000E+02     1.78023590E-02     1.22024830E+00     4.34454000E-05     3.05832400E-04     1.08443084E-01     4.58686500E-04     5.30000000E-09     1.86610000E-06     7.90000000E-09
    4.80000000E+04     1.38500000E+02     1.81296080E-02     1.22024830E+00     4.34454000E-05     3.41146900E-04     1.14552156E-01     5.11648500E-04     5.70000000E-09     1.90070000E-06     8.50000000E-09
    4.80000000E+04     1.41000000E+02     1.84568574E-02     1.22024830E+00     4.34454000E-05     3.79796200E-04     1.20887858E-01     5.69611400E-04     6.10000000E-09     1.93540000E-06     9.10000000E-09
    4.80000000E+04     1.43500000E+02     1.87841066E-02     1.22024830E+00     4.34454000E-05     4.22027500E-04     1.27454482E-01     6.32945800E-04     6.50000000E-09     1.97000000E-06     9.80000000E-09
    4.80000000E+04     1.46000000E+02     1.91113560E-02     1.22024830E+00     4.34454000E-05     4.68101700E-04     1.34256316E-01     7.02042900E-04     7.00000000E-09     2.00470000E-06     1.05000000E-08
    4.80000000E+04     1.48500000E+02     1.94386050E-02     1.22024830E+00     4.34454000E-05     5.18293500E-04     1.41297666E-01     7.77314700E-04     7.50000000E-09     2.03940000E-06     1.12000000E-08
    4.80000000E+04     1.51000000E+02     1.97658542E-02     1.22024830E+00     4.34454000E-05     5.72892100E-04     1.48582852E-01     8.59194700E-04     8.00000000E-09     2.07410000E-06     1.20000000E-08
    4.80000000E+04     1.53500000E+02     2.00931036E-02     1.22024830E+00     4.34454000E-05     6.32201900E-04     1.56116218E-01     9.48139300E-04     8.50000000E-09     2.10890000E-06     1.28000000E-08
    4.80000000E+04     1.56000000E+02     2.04203530E-02     1.22024830E+00     4.34454000E-05     6.96542700E-04     1.63902122E-01     1.04462790E-03     9.10000000E-09     2.14370000E-06     1.37000000E-08
    4.80000000E+04     1.58500000E+02     2.07476020E-02     1.22024830E+00     4.34454000E-05     7.66250100E-04     1.71944922E-01     1.14916370E-03     9.70000000E-09     2.17850000E-06     1.46000000E-08
    4.80000000E+04     1.61000000E+02     2.10748512E-02     1.22024830E+00     4.34454000E-05     8.41676400E-04     1.80249008E-01     1.26227500E-03     1.03000000E-08     2.21330000E-06     1.55000000E-08
    4.80000000E+04     1.63500000E+02     2.14021006E-02     1.22024830E+00     4.34454000E-05     9.23191000E-04     1.88818786E-01     1.38451550E-03     1.10000000E-08     2.24820000E-06     1.65000000E-08
    4.80000000E+04     1.66000000E+02     2.17293498E-02     1.22024830E+00     4.34454000E-05     1.01118080E-03     1.97658676E-01     1.51646520E-03     1.17000000E-08     2.28310000E-06     1.75000000E-08
    4.80000000E+04     1.68500000E+02     2.20565990E-02     1.22024830E+00     4.34454000E-05     1.10605100E-03     2.06773118E-01     1.65873170E-03     1.24000000E-08     2.31800000E-06     1.86000000E-08
    4.80000000E+04     1.71000000E+02     2.23838482E-02     1.22024830E+00     4.34454000E-05     1.20822540E-03     2.16166574E-01     1.81195010E-03     1.32000000E-08     2.35300000E-06     1.97000000E-08
    4.80000000E+04     1.73500000E+02     2.27110976E-02     1.22024830E+00     4.34454000E-05     1.31814700E-03     2.25843508E-01     1.97678470E-03     1.39000000E-08     2.38800000E-06     2.09000000E-08
    4.80000000E+04     1.76000000E+02     2.30383468E-02     1.22024830E+00     4.34454000E-05     1.43627890E-03     2.35808432E-01     2.15392980E-03     1.48000000E-08     2.42310000E-06     2.21000000E-08
    4.80000000E+04     1.78500000E+02     2.33655960E-02     1.22024830E+00     4.34454000E-05     1.56310460E-03     2.46065870E-01     2.34411000E-03     1.56000000E-08     2.45810000E-06     2.34000000E-08
    4.80000000E+04     1.81000000E+02     2.36928452E-02     1.22024830E+00     4.34454000E-05     1.69912830E-03     2.56620338E-01     2.54808120E-03     1.65000000E-08     2.49320000E-06     2.48000000E-08
    4.80000000E+04     1.83500000E+02     2.40200944E-02     1.22024830E+00     4.34454000E-05     1.84487630E-03     2.67476410E-01     2.76663230E-03     1.74000000E-08     2.52840000E-06     2.61000000E-08
    4.80000000E+04     1.86000000E+02     2.43473438E-02     1.22024830E+00     4.34454000E-05     2.00089680E-03     2.78638672E-01     3.00058510E-03     1.84000000E-08     2.56360000E-06     2.76000000E-08
    4.80000000E+04     1.88500000E+02     2.46745930E-02     1.22024830E+00     4.34454000E-05     2.16776130E-03     2.90111732E-01     3.25079620E-03     1.94000000E-08     2.59880000E-06     2.91000000E-08
    4.80000000E+04     1.91000000E+02     2.50018422E-02     1.22024830E+00     4.34454000E-05     2.34606420E-03     3.01900214E-01     3.51815660E-03     2.05000000E-08     2.63410000E-06     3.07000000E-08
    4.80000000E+04     1.93500000E+02     2.53290914E-02     1.22024830E+00     4.34454000E-05     2.53642480E-03     3.14008792E-01     3.80359450E-03     2.16000000E-08     2.66940000E-06     3.23000000E-08
    4.80000000E+04     1.96000000E+02     2.56563408E-02     1.22024830E+00     4.34454000E-05     2.73948610E-03     3.26442110E-01     4.10807380E-03     2.27000000E-08     2.70470000E-06     3.40000000E-08
    4.80000000E+04     1.98500000E+02     2.59835900E-02     1.22024830E+00     4.34454000E-05     2.95591760E-03     3.39204894E-01     4.43259760E-03     2.39000000E-08     2.74020000E-06     3.58000000E-08
    4.80000000E+04     2.01000000E+02     2.63108392E-02     1.22024830E+00     4.34454000E-05     3.18641440E-03     3.52301880E-01     4.77820820E-03     2.51000000E-08     2.77560000E-06     3.76000000E-08
    4.80000000E+04     2.03500000E+02     2.66380884E-02     1.22024830E+00     4.34454000E-05     3.43169850E-03     3.65737838E-01     5.14598750E-03     2.64000000E-08     2.81110000E-06     3.95000000E-08
    4.80000000E+04     2.06000000E+02     2.69653378E-02     1.22024830E+00     4.34454000E-05     3.69251880E-03     3.79517516E-01     5.53705780E-03     2.77000000E-08     2.84660000E-06     4.15000000E-08
    4.80000000E+04     2.08500000E+02     2.72925870E-02     1.22024830E+00     4.34454000E-05     3.96965320E-03     3.93645756E-01     5.95258520E-03     2.91000000E-08     2.88220000E-06     4.36000000E-08
    4.80000000E+04     2.11000000E+02     2.76198360E-02     1.22024830E+00     4.34454000E-05     4.26390770E-03     4.08127384E-01     6.39377730E-03     3.05000000E-08     2.91790000E-06     4.57000000E-08
    4.80000000E+04     2.13500000E+02     2.79470854E-02     1.22024830E+00     4.34454000E-05     4.57611830E-03     4.22967296E-01     6.86188740E-03     3.20000000E-08     2.95360000E-06     4.79000000E-08
    4.80000000E+04     2.16000000E+02     2.82743348E-02     1.22024830E+00     4.34454000E-05     4.90715120E-03     4.38170390E-01     7.35821320E-03     3.35000000E-08     2.98930000E-06     5.02000000E-08
    4.80000000E+04     2.18500000E+02     2.86015840E-02     1.22024830E+00     4.34454000E-05     5.25790270E-03     4.53741570E-01     7.88409810E-03     3.51000000E-08     3.02510000E-06     5.26000000E-08
    4.80000000E+04     2.21000000E+02     2.89288330E-02     1.22024830E+00     4.34454000E-05     5.62930250E-03     4.69685854E-01     8.44093520E-03     3.67000000E-08     3.06100000E-06     5.50000000E-08
    4.80000000E+04     2.23500000E+02     2.92560824E-02     1.22024830E+00     4.34454000E-05     6.02231100E-03     4.86008202E-01     9.03016370E-03     3.84000000E-08     3.09690000E-06     5.75000000E-08
    4.80000000E+04     2.26000000E+02     2.95833316E-02     1.22024830E+00     4.34454000E-05     6.43792230E-03     5.02713656E-01     9.65327340E-03     4.01000000E-08     3.13290000E-06     6.02000000E-08
    4.80000000E+04     2.28500000E+02     2.99105810E-02     1.22024830E+00     4.34454000E-05     6.87716490E-03     5.19807284E-01     1.03118052E-02     4.19000000E-08     3.16890000E-06     6.29000000E-08
    4.80000000E+04     2.31000000E+02     3.02378300E-02     1.22024830E+00     4.34454000E-05     7.34110160E-03     5.37294190E-01     1.10073518E-02     4.38000000E-08     3.20500000E-06     6.57000000E-08
    4.80000000E+04     2.33500000E+02     3.05650794E-02     1.22024830E+00     4.34454000E-05     7.83083140E-03     5.55179530E-01     1.17415598E-02     4.57000000E-08     3.24110000E-06     6.85000000E-08
    4.80000000E+04     2.36000000E+02     3.08923286E-02     1.22024830E+00     4.34454000E-05     8.34748760E-03     5.73468438E-01     1.25161272E-02     4.77000000E-08     3.27740000E-06     7.15000000E-08
    4.80000000E+04     2.38500000E+02     3.12195780E-02     1.22024830E+00     4.34454000E-05     8.89224240E-03     5.92166150E-01     1.33328106E-02     4.98000000E-08     3.31360000E-06     7.46000000E-08
    4.80000000E+04     2.41000000E+02     3.15468270E-02     1.22024830E+00     4.34454000E-05     9.46630500E-03     6.11277898E-01     1.41934214E-02     5.19000000E-08     3.35000000E-06     7.78000000E-08
    4.80000000E+04     2.43500000E+02     3.18740764E-02     1.22024830E+00     4.34454000E-05     1.00709236E-02     6.30808992E-01     1.50998298E-02     5.41000000E-08     3.38640000E-06     8.11000000E-08
    4.80000000E+04     2.46000000E+02     3.22013256E-02     1.22024830E+00     4.34454000E-05     1.07073852E-02     6.50764738E-01     1.60539640E-02     5.63000000E-08     3.42290000E-06     8.44000000E-08
    4.80000000E+04     2.48500000E+02     3.25285750E-02     1.22024830E+00     4.34454000E-05     1.13770184E-02     6.71150528E-01     1.70578150E-02     5.86000000E-08     3.45940000E-06     8.79000000E-08
    4.80000000E+04     2.52250000E+02     3.30194486E-02     1.22024830E+00     4.34454000E-05     1.24512528E-02     7.02602806E-01     1.86681786E-02     6.23000000E-08     3.51440000E-06     9.34000000E-08
    4.80000000E+04     2.57250000E+02     3.36739473E-02     1.22024830E+00     4.34454000E-05     1.40070549E-02     7.46022559E-01     2.10004031E-02     6.74000000E-08     3.58800000E-06     1.01000000E-07
    4.80000000E+04     2.62250000E+02     3.43284456E-02     1.22024830E+00     4.34454000E-05     1.57215895E-02     7.91261215E-01     2.35705107E-02     7.27000000E-08     3.66180000E-06     1.09100000E-07
    4.80000000E+04     2.67250000E+02     3.49829442E-02     1.22024830E+00     4.34454000E-05     1.76075548E-02     8.38363804E-01     2.63975228E-02     7.85000000E-08     3.73600000E-06     1.17600000E-07
    4.80000000E+04     2.72250000E+02     3.56374426E-02     1.22024830E+00     4.34454000E-05     1.96783969E-02     8.87376092E-01     2.95015791E-02     8.45000000E-08     3.81050000E-06     1.26700000E-07
    4.80000000E+04     2.77250000E+02     3.62919412E-02     1.22024830E+00     4.34454000E-05     2.19483381E-02     9.38344666E-01     3.29039817E-02     9.09000000E-08     3.88540000E-06     1.36200000E-07
    4.80000000E+04     2.82250000E+02     3.69464396E-02     1.22024830E+00     4.34454000E-05     2.44324055E-02     9.91316882E-01     3.66272358E-02     9.76000000E-08     3.96060000E-06     1.46300000E-07
    4.80000000E+04     2.87250000E+02     3.76009381E-02     1.22024830E+00     4.34454000E-05     2.71464598E-02     1.04634093E+00     4.06950947E-02     1.04700000E-07     4.03620000E-06     1.57000000E-07
    4.80000000E+04     2.92250000E+02     3.82554366E-02     1.22024830E+00     4.34454000E-05     3.01072280E-02     1.10346590E+00     4.51326074E-02     1.12200000E-07     4.11210000E-06     1.68200000E-07
    4.80000000E+04     2.97250000E+02     3.89099351E-02     1.22024830E+00     4.34454000E-05     3.33323338E-02     1.16274178E+00     4.99661633E-02     1.20100000E-07     4.18850000E-06     1.80000000E-07
    4.80000000E+04     3.02250000E+02     3.95644336E-02     1.22024830E+00     4.34454000E-05     3.68403293E-02     1.22421949E+00     5.52235415E-02     1.28300000E-07     4.26530000E-06     1.92400000E-07
    4.80000000E+04     3.07250000E+02     4.02189321E-02     1.22024830E+00     4.34454000E-05     4.06507203E-02     1.28795086E+00     6.09339462E-02     1.37000000E-07     4.34250000E-06     2.05400000E-07
    4.80000000E+04     3.12250000E+02     4.08734305E-02     1.22024830E+00     4.34454000E-05     4.47840124E-02     1.35398879E+00     6.71280779E-02     1.46200000E-07     4.42010000E-06     2.19100000E-07
    4.80000000E+04     3.17250000E+02     4.15279291E-02     1.22024830E+00     4.34454000E-05     4.92617317E-02     1.42238715E+00     7.38381619E-02     1.55800000E-07     4.49820000E-06     2.33500000E-07
    4.80000000E+04     3.22250000E+02     4.21824275E-02     1.22024830E+00     4.34454000E-05     5.41064644E-02     1.49320098E+00     8.10980090E-02     1.65800000E-07     4.57670000E-06     2.48500000E-07
    4.80000000E+04     3.27250000E+02     4.28369260E-02     1.22024830E+00     4.34454000E-05     5.93418881E-02     1.56648625E+00     8.89430608E-02     1.76400000E-07     4.65580000E-06     2.64300000E-07
    4.80000000E+04     3.32250000E+02     4.34914245E-02     1.22024830E+00     4.34454000E-05     6.49928064E-02     1.64230016E+00     9.74104435E-02     1.87400000E-07     4.73530000E-06     2.80800000E-07
    4.80000000E+04     3.37250000E+02     4.41459230E-02     1.22024830E+00     4.34454000E-05     7.10851933E-02     1.72070112E+00     1.06539028E-01     1.98900000E-07     4.81530000E-06     2.98100000E-07
    4.80000000E+04     3.42250000E+02     4.48004215E-02     1.22024830E+00     4.34454000E-05     7.76462087E-02     1.80174863E+00     1.16369464E-01     2.11000000E-07     4.89590000E-06     3.16200000E-07
    4.80000000E+04     3.47250000E+02     4.54549200E-02     1.22024830E+00     4.34454000E-05     8.47042583E-02     1.88550351E+00     1.26944256E-01     2.23600000E-07     4.97700000E-06     3.35100000E-07
    4.80000000E+04     3.52250000E+02     4.61094185E-02     1.22024830E+00     4.34454000E-05     9.22890150E-02     1.97202786E+00     1.38307811E-01     2.36700000E-07     5.05870000E-06     3.54800000E-07
    4.80000000E+04     3.57250000E+02     4.67639169E-02     1.22024830E+00     4.34454000E-05     1.00431458E-01     2.06138506E+00     1.50506475E-01     2.50400000E-07     5.14090000E-06     3.75300000E-07
    4.80000000E+04     3.62250000E+02     4.74184155E-02     1.22024830E+00     4.34454000E-05     1.09163922E-01     2.15363990E+00     1.63588624E-01     2.64800000E-07     5.22380000E-06     3.96800000E-07
    4.80000000E+04     3.67250000E+02     4.80729139E-02     1.22024830E+00     4.34454000E-05     1.18520105E-01     2.24885836E+00     1.77604679E-01     2.79700000E-07     5.30720000E-06     4.19100000E-07
    4.80000000E+04     3.72250000E+02     4.87274124E-02     1.22024830E+00     4.34454000E-05     1.28535165E-01     2.34710818E+00     1.92607224E-01     2.95200000E-07     5.39130000E-06     4.42400000E-07
    4.80000000E+04     3.77250000E+02     4.93819109E-02     1.22024830E+00     4.34454000E-05     1.39245682E-01     2.44845826E+00     2.08650989E-01     3.11400000E-07     5.47600000E-06     4.66600000E-07
    4.80000000E+04     3.82250000E+02     5.00364094E-02     1.22024830E+00     4.34454000E-05     1.50689767E-01     2.55297910E+00     2.25792957E-01     3.28200000E-07     5.56140000E-06     4.91800000E-07
    4.80000000E+04     3.87250000E+02     5.06909078E-02     1.22024830E+00     4.34454000E-05     1.62907081E-01     2.66074294E+00     2.44092454E-01     3.45700000E-07     5.64740000E-06     5.18000000E-07
    4.80000000E+04     3.92250000E+02     5.13454064E-02     1.22024830E+00     4.34454000E-05     1.75938846E-01     2.77182337E+00     2.63611125E-01     3.63900000E-07     5.73420000E-06     5.45300000E-07
    4.80000000E+04     3.97250000E+02     5.19999048E-02     1.22024830E+00     4.34454000E-05     1.89827931E-01     2.88629580E+00     2.84413074E-01     3.82900000E-07     5.82160000E-06     5.73600000E-07
    4.80000000E+04     4.02250000E+02     5.26544034E-02     1.22024830E+00     4.34454000E-05     2.04618859E-01     3.00423708E+00     3.06564870E-01     4.02500000E-07     5.90980000E-06     6.03000000E-07
    4.80000000E+04     4.07250000E+02     5.33089018E-02     1.22024830E+00     4.34454000E-05     2.20357872E-01     3.12572596E+00     3.30135652E-01     4.22900000E-07     5.99870000E-06     6.33500000E-07
    4.80000000E+04     4.12250000E+02     5.39634004E-02     1.22024830E+00     4.34454000E-05     2.37092969E-01     3.25084287E+00     3.55197171E-01     4.44000000E-07     6.08840000E-06     6.65200000E-07
    4.80000000E+04     4.17250000E+02     5.46178987E-02     1.22024830E+00     4.34454000E-05     2.54873947E-01     3.37967015E+00     3.81823873E-01     4.65900000E-07     6.17890000E-06     6.98000000E-07
    4.80000000E+04     4.22250000E+02     5.52723974E-02     1.22024830E+00     4.34454000E-05     2.73752447E-01     3.51229192E+00     4.10092942E-01     4.88700000E-07     6.27020000E-06     7.32100000E-07
    4.80000000E+04     4.27250000E+02     5.59268957E-02     1.22024830E+00     4.34454000E-05     2.93781983E-01     3.64879407E+00     4.40084358E-01     5.12200000E-07     6.36240000E-06     7.67300000E-07
    4.80000000E+04     4.32250000E+02     5.65813943E-02     1.22024830E+00     4.34454000E-05     3.15018044E-01     3.78926472E+00     4.71881052E-01     5.36600000E-07     6.45530000E-06     8.03800000E-07
    4.80000000E+04     4.37250000E+02     5.72358927E-02     1.22024830E+00     4.34454000E-05     3.37518030E-01     3.93379357E+00     5.05568794E-01     5.61900000E-07     6.54920000E-06     8.41600000E-07
    4.80000000E+04     4.42250000E+02     5.78903913E-02     1.22024830E+00     4.34454000E-05     3.61341456E-01     4.08247292E+00     5.41236510E-01     5.88000000E-07     6.64390000E-06     8.80800000E-07
    4.80000000E+04     4.47250000E+02     5.85448896E-02     1.22024830E+00     4.34454000E-05     3.86549819E-01     4.23539654E+00     5.78976084E-01     6.15100000E-07     6.73950000E-06     9.21200000E-07
    4.80000000E+04     4.52250000E+02     5.91993883E-02     1.22024830E+00     4.34454000E-05     4.13206793E-01     4.39266064E+00     6.18882635E-01     6.43000000E-07     6.83600000E-06     9.63100000E-07
    4.80000000E+04     4.57250000E+02     5.98538866E-02     1.22024830E+00     4.34454000E-05     4.41378221E-01     4.55436372E+00     6.61054521E-01     6.71900000E-07     6.93350000E-06     1.00630000E-06
    4.80000000E+04     4.62250000E+02     6.05083853E-02     1.22024830E+00     4.34454000E-05     4.71132107E-01     4.72060610E+00     7.05593320E-01     7.01800000E-07     7.03200000E-06     1.05100000E-06
    4.80000000E+04     4.67250000E+02     6.11628836E-02     1.22024830E+00     4.34454000E-05     5.02538838E-01     4.89149098E+00     7.52604146E-01     7.32600000E-07     7.13150000E-06     1.09720000E-06
    4.80000000E+04     4.72250000E+02     6.18173822E-02     1.22024830E+00     4.34454000E-05     5.35670972E-01     5.06712324E+00     8.02195360E-01     7.64500000E-07     7.23190000E-06     1.14490000E-06
    4.80000000E+04     4.77250000E+02     6.24718806E-02     1.22024830E+00     4.34454000E-05     5.70603540E-01     5.24761056E+00     8.54479003E-01     7.97400000E-07     7.33340000E-06     1.19410000E-06
    4.80000000E+04     4.82250000E+02     6.31263792E-02     1.22024830E+00     4.34454000E-05     6.07413910E-01     5.43306273E+00     9.09570579E-01     8.31300000E-07     7.43590000E-06     1.24480000E-06
    4.80000000E+04     4.87250000E+02     6.37808776E-02     1.22024830E+00     4.34454000E-05     6.46182023E-01     5.62359231E+00     9.67589449E-01     8.66300000E-07     7.53960000E-06     1.29720000E-06
    4.80000000E+04     4.92250000E+02     6.44353761E-02     1.22024830E+00     4.34454000E-05     6.86990242E-01     5.81931434E+00     1.02865856E+00     9.02400000E-07     7.64430000E-06     1.35120000E-06
    4.80000000E+04     4.97250000E+02     6.50898746E-02     1.22024830E+00     4.34454000E-05     7.29923552E-01     6.02034629E+00     1.09290476E+00     9.39600000E-07     7.75010000E-06     1.40690000E-06
    4.80000000E+04     5.12250000E+02     6.70533701E-02     1.22024830E+00     4.34454000E-05     8.74855700E-01     6.66232406E+00     1.30975820E+00     1.05940000E-06     8.07580000E-06     1.58600000E-06
    4.80000000E+04     5.37250000E+02     7.03258625E-02     1.22024830E+00     4.34454000E-05     1.16399605E+00     7.84125049E+00     1.74229921E+00     1.28160000E-06     8.64130000E-06     1.91830000E-06
    4.80000000E+04     5.62250000E+02     7.35983549E-02     1.22024830E+00     4.34454000E-05     1.52873323E+00     9.18273150E+00     2.28778645E+00     1.53700000E-06     9.24010000E-06     2.30020000E-06
    4.80000000E+04     5.87250000E+02     7.68708474E-02     1.22024830E+00     4.34454000E-05     1.98411161E+00     1.07058938E+01     2.96864615E+00     1.82890000E-06     9.87550000E-06     2.73640000E-06
    4.80000000E+04     6.12250000E+02     8.01433398E-02     1.22024830E+00     4.34454000E-05     2.54731571E+00     1.24320091E+01     3.81048000E+00     2.16040000E-06     1.05506000E-05     3.23170000E-06
    4.80000000E+04     6.37250000E+02     8.34158323E-02     1.22024830E+00     4.34454000E-05     3.23786359E+00     1.43846877E+01     4.84234856E+00     2.53510000E-06     1.12691000E-05     3.79130000E-06
    4.80000000E+04     6.62250000E+02     8.66883247E-02     1.22024830E+00     4.34454000E-05     4.07780830E+00     1.65900804E+01     6.09706614E+00     2.95640000E-06     1.20344000E-05     4.42040000E-06
    4.80000000E+04     6.87250000E+02     8.99608171E-02     1.22024830E+00     4.34454000E-05     5.09194821E+00     1.90770885E+01     7.61150763E+00     3.42830000E-06     1.28503000E-05     5.12460000E-06
    4.80000000E+04     7.12250000E+02     9.32333096E-02     1.22024830E+00     4.34454000E-05     6.30804455E+00     2.18775822E+01     9.42692564E+00     3.95440000E-06     1.37206000E-05     5.90960000E-06
    4.80000000E+04     7.37250000E+02     9.65058020E-02     1.22024830E+00     4.34454000E-05     7.75704804E+00     2.50266268E+01     1.15892794E+01     4.53880000E-06     1.46494000E-05     6.78120000E-06
    4.80000000E+04     7.62250000E+02     9.97782956E-02     1.22024830E+00     4.34454000E-05     9.47333368E+00     2.85627183E+01     1.41495758E+01     5.18570000E-06     1.56409000E-05     7.74550000E-06
    4.80000000E+04     7.87250000E+02     1.03050786E-01     1.22024830E+00     4.34454000E-05     1.14949420E+01     3.25280237E+01     1.71642177E+01     5.89930000E-06     1.66992000E-05     8.80890000E-06
    4.80000000E+04     8.12250000E+02     1.06323279E-01     1.22024830E+00     4.34454000E-05     1.38638313E+01     3.69686359E+01     2.06953672E+01     6.68410000E-06     1.78289000E-05     9.97780000E-06
    4.80000000E+04     8.37250000E+02     1.09595772E-01     1.22024830E+00     4.34454000E-05     1.66261351E+01     4.19348280E+01     2.48113170E+01     7.54470000E-06     1.90345000E-05     1.12590000E-05
    4.80000000E+04     8.62250000E+02     1.12868265E-01     1.22024830E+00     4.34454000E-05     1.98324300E+01     4.74813250E+01     2.95868745E+01     8.48570000E-06     2.03207000E-05     1.26593000E-05
    4.80000000E+04     8.87250000E+02     1.16140756E-01     1.22024830E+00     4.34454000E-05     2.35380089E+01     5.36675728E+01     3.51037509E+01     9.51200000E-06     2.16924000E-05     1.41858000E-05
    4.80000000E+04     9.12250000E+02     1.19413249E-01     1.22024830E+00     4.34454000E-05     2.78031654E+01     6.05580289E+01     4.14509691E+01     1.06285000E-05     2.31546000E-05     1.58458000E-05
    4.80000000E+04     9.37250000E+02     1.22685742E-01     1.22024830E+00     4.34454000E-05     3.26934834E+01     6.82224447E+01     4.87252726E+01     1.18405000E-05     2.47124000E-05     1.76467000E-05
    4.80000000E+04     9.62250000E+02     1.25958235E-01     1.22024830E+00     4.34454000E-05     3.82801363E+01     7.67361719E+01     5.70315514E+01     1.31531000E-05     2.63711000E-05     1.95961000E-05
    4.80000000E+04     9.87250000E+02     1.29230725E-01     1.22024830E+00     4.34454000E-05     4.46401935E+01     8.61804651E+01     6.64832745E+01     1.45718000E-05     2.81360000E-05     2.17020000E-05
    4.80000000E+04     1.01225000E+03     1.32503218E-01     1.22024830E+00     4.34454000E-05     5.18569326E+01     9.66427900E+01     7.72029277E+01     1.61021000E-05     3.00128000E-05     2.39724000E-05
    4.80000000E+04     1.03725000E+03     1.35775712E-01     1.22024830E+00     4.34454000E-05     6.00201652E+01     1.08217172E+02     8.93224720E+01     1.77497000E-05     3.20071000E-05     2.64153000E-05
    4.80000000E+04     1.06225000E+03     1.39048205E-01     1.22024830E+00     4.34454000E-05     6.92265659E+01     1.21004484E+02     1.02983802E+02     1.95204000E-05     3.41247000E-05     2.90393000E-05
    4.80000000E+04     1.08725000E+03     1.42320695E-01     1.22024830E+00     4.34454000E-05     7.95800056E+01     1.35112816E+02     1.18339211E+02     2.14202000E-05     3.63716000E-05     3.18529000E-05
    4.80000000E+04     1.11225000E+03     1.45593188E-01     1.22024830E+00     4.34454000E-05     9.11919046E+01     1.50657828E+02     1.35551881E+02     2.34551000E-05     3.87539000E-05     3.48648000E-05
    4.80000000E+04     1.13725000E+03     1.48865681E-01     1.22024830E+00     4.34454000E-05     1.04181578E+02     1.67763060E+02     1.54796353E+02     2.56314000E-05     4.12778000E-05     3.80840000E-05
    4.80000000E+04     1.16225000E+03     1.52138175E-01     1.22024830E+00     4.34454000E-05     1.18676599E+02     1.86560333E+02     1.76259038E+02     2.79554000E-05     4.39497000E-05     4.15196000E-05
    4.80000000E+04     1.18725000E+03     1.55410665E-01     1.22024830E+00     4.34454000E-05     1.34813170E+02     2.07190111E+02     2.00138716E+02     3.04336000E-05     4.67761000E-05     4.51808000E-05
    4.80000000E+04     1.21225000E+03     1.58683158E-01     1.22024830E+00     4.34454000E-05     1.52736497E+02     2.29801857E+02     2.26647052E+02     3.30728000E-05     4.97636000E-05     4.90770000E-05
    4.80000000E+04     1.23725000E+03     1.61955651E-01     1.22024830E+00     4.34454000E-05     1.72601166E+02     2.54554431E+02     2.56009103E+02     3.58795000E-05     5.29190000E-05     5.32180000E-05
    4.80000000E+04     1.26225000E+03     1.65228144E-01     1.22024830E+00     4.34454000E-05     1.94571549E+02     2.81616504E+02     2.88463863E+02     3.88608000E-05     5.62492000E-05     5.76135000E-05
    4.80000000E+04     1.28725000E+03     1.68500635E-01     1.22024830E+00     4.34454000E-05     2.18822187E+02     3.11166896E+02     3.24264793E+02     4.20236000E-05     5.97612000E-05     6.22734000E-05
    4.80000000E+04     1.31225000E+03     1.71773127E-01     1.22024830E+00     4.34454000E-05     2.45538190E+02     3.43395040E+02     3.63680336E+02     4.53752000E-05     6.34622000E-05     6.72078000E-05
    4.80000000E+04     1.33725000E+03     1.75045621E-01     1.22024830E+00     4.34454000E-05     2.74915681E+02     3.78501358E+02     4.06994530E+02     4.89228000E-05     6.73596000E-05     7.24270000E-05
    4.80000000E+04     1.36225000E+03     1.78318114E-01     1.22024830E+00     4.34454000E-05     3.07162184E+02     4.16697710E+02     4.54507500E+02     5.26738000E-05     7.14607000E-05     7.79415000E-05
    4.80000000E+04     1.38725000E+03     1.81590605E-01     1.22024830E+00     4.34454000E-05     3.42497069E+02     4.58207793E+02     5.06536060E+02     5.66359000E-05     7.57731000E-05     8.37618000E-05
    4.80000000E+04     1.41225000E+03     1.84863097E-01     1.22024830E+00     4.34454000E-05     3.81151958E+02     5.03267594E+02     5.63414240E+02     6.08168000E-05     8.03046000E-05     8.98988000E-05
    4.80000000E+04     1.43725000E+03     1.88135590E-01     1.22024830E+00     4.34454000E-05     4.23371220E+02     5.52125850E+02     6.25493932E+02     6.52242000E-05     8.50630000E-05     9.63632000E-05
    4.80000000E+04     1.46225000E+03     1.91408084E-01     1.22024830E+00     4.34454000E-05     4.69412362E+02     6.05044397E+02     6.93145398E+02     6.98661000E-05     9.00561000E-05     1.03166100E-04
    4.80000000E+04     1.48725000E+03     1.94680575E-01     1.22024830E+00     4.34454000E-05     5.19546535E+02     6.62298816E+02     7.66757920E+02     7.47506000E-05     9.52922000E-05     1.10318800E-04
    4.80000000E+04     1.51225000E+03     1.97953067E-01     1.22024830E+00     4.34454000E-05     5.74058947E+02     7.24178684E+02     8.46740328E+02     7.98860000E-05     1.00779500E-04     1.17832500E-04
    4.80000000E+04     1.53725000E+03     2.01225560E-01     1.22024830E+00     4.34454000E-05     6.33249344E+02     7.90988169E+02     9.33521616E+02     8.52806000E-05     1.06526200E-04     1.25718800E-04
    4.80000000E+04     1.56225000E+03     2.04498053E-01     1.22024830E+00     4.34454000E-05     6.97432550E+02     8.63046510E+02     1.02755163E+03     9.09428000E-05     1.12541000E-04     1.33989400E-04
    4.80000000E+04     1.58725000E+03     2.07770545E-01     1.22024830E+00     4.34454000E-05     7.66938860E+02     9.40688387E+02     1.12930155E+03     9.68812000E-05     1.18832300E-04     1.42655800E-04
    4.80000000E+04     1.61225000E+03     2.11043037E-01     1.22024830E+00     4.34454000E-05     8.42114575E+02     1.02426461E+03     1.23926457E+03     1.03104700E-04     1.25409000E-04     1.51730200E-04
    4.80000000E+04     1.63725000E+03     2.14315530E-01     1.22024830E+00     4.34454000E-05     9.23322460E+02     1.11414238E+03     1.35795646E+03     1.09622000E-04     1.32279900E-04     1.61224500E-04
    4.80000000E+04     1.66225000E+03     2.17588023E-01     1.22024830E+00     4.34454000E-05     1.01094233E+03     1.21070597E+03     1.48591628E+03     1.16442200E-04     1.39453900E-04     1.71150900E-04
    4.80000000E+04     1.68725000E+03     2.20860515E-01     1.22024830E+00     4.34454000E-05     1.10537149E+03     1.31435719E+03     1.62370696E+03     1.23574300E-04     1.46940300E-04     1.81521600E-04
    4.80000000E+04     1.71225000E+03     2.24133006E-01     1.22024830E+00     4.34454000E-05     1.20702524E+03     1.42551581E+03     1.77191585E+03     1.31027700E-04     1.54748200E-04     1.92349200E-04
    4.80000000E+04     1.73725000E+03     2.27405499E-01     1.22024830E+00     4.34454000E-05     1.31633743E+03     1.54462017E+03     1.93115545E+03     1.38811500E-04     1.62887100E-04     2.03646200E-04
    4.80000000E+04     1.76225000E+03     2.30677993E-01     1.22024830E+00     4.34454000E-05     1.43376098E+03     1.67212779E+03     2.10206397E+03     1.46935500E-04     1.71366300E-04     2.15425200E-04
    4.80000000E+04     1.78725000E+03     2.33950485E-01     1.22024830E+00     4.34454000E-05     1.55976846E+03     1.80851570E+03     2.28530609E+03     1.55409000E-04     1.80195600E-04     2.27699000E-04
    4.80000000E+04     1.81225000E+03     2.37222976E-01     1.22024830E+00     4.34454000E-05     1.69485253E+03     1.95428114E+03     2.48157346E+03     1.64242000E-04     1.89384600E-04     2.40480600E-04
    4.80000000E+04     1.83725000E+03     2.40495469E-01     1.22024830E+00     4.34454000E-05     1.83952658E+03     2.10994207E+03     2.69158532E+03     1.73444200E-04     1.98943200E-04     2.53782900E-04
    4.80000000E+04     1.86225000E+03     2.43767962E-01     1.22024830E+00     4.34454000E-05     1.99432519E+03     2.27603751E+03     2.91608929E+03     1.83025600E-04     2.08881500E-04     2.67619200E-04
    4.80000000E+04     1.88725000E+03     2.47040455E-01     1.22024830E+00     4.34454000E-05     2.15980480E+03     2.45312870E+03     3.15586190E+03     1.92996300E-04     2.19209400E-04     2.82002600E-04
    4.80000000E+04     1.91225000E+03     2.50312946E-01     1.22024830E+00     4.34454000E-05     2.33654413E+03     2.64179892E+03     3.41170924E+03     2.03366500E-04     2.29937300E-04     2.96946400E-04
    4.80000000E+04     1.93725000E+03     2.53585439E-01     1.22024830E+00     4.34454000E-05     2.52514499E+03     2.84265434E+03     3.68446770E+03     2.14146600E-04     2.41075400E-04     3.12464200E-04
    4.80000000E+04     1.96225000E+03     2.56857932E-01     1.22024830E+00     4.34454000E-05     2.72623255E+03     3.05632532E+03     3.97500446E+03     2.25347000E-04     2.52634200E-04     3.28569400E-04
    4.80000000E+04     1.98725000E+03     2.60130425E-01     1.22024830E+00     4.34454000E-05     2.94045614E+03     3.28346518E+03     4.28421823E+03     2.36978300E-04     2.64624300E-04     3.45275800E-04
    4.80000000E+04     2.01225000E+03     2.63402915E-01     1.22024830E+00     4.34454000E-05     3.16848976E+03     3.52475288E+03     4.61303992E+03     2.49051200E-04     2.77056500E-04     3.62597000E-04
    4.80000000E+04     2.03725000E+03     2.66675408E-01     1.22024830E+00     4.34454000E-05     3.41103271E+03     3.78089274E+03     4.96243324E+03     2.61576400E-04     2.89941400E-04     3.80546800E-04
    4.80000000E+04     2.06225000E+03     2.69947902E-01     1.22024830E+00     4.34454000E-05     3.66881005E+03     4.05261387E+03     5.33339519E+03     2.74565000E-04     3.03290000E-04     3.99139200E-04
    4.80000000E+04     2.08725000E+03     2.73220395E-01     1.22024830E+00     4.34454000E-05     3.94257351E+03     4.34067317E+03     5.72695720E+03     2.88027900E-04     3.17113400E-04     4.18388100E-04
    4.80000000E+04     2.11225000E+03     2.76492885E-01     1.22024830E+00     4.34454000E-05     4.23310160E+03     4.64585334E+03     6.14418493E+03     3.01976300E-04     3.31422700E-04     4.38307700E-04
    4.80000000E+04     2.13725000E+03     2.79765378E-01     1.22024830E+00     4.34454000E-05     4.54120085E+03     4.96896646E+03     6.58617991E+03     3.16421400E-04     3.46229300E-04     4.58912100E-04
    4.80000000E+04     2.16225000E+03     2.83037871E-01     1.22024830E+00     4.34454000E-05     4.86770597E+03     5.31085130E+03     7.05407947E+03     3.31374700E-04     3.61544300E-04     4.80215400E-04
    4.80000000E+04     2.18725000E+03     2.86310365E-01     1.22024830E+00     4.34454000E-05     5.21348048E+03     5.67237668E+03     7.54905741E+03     3.46847700E-04     3.77379500E-04     5.02232000E-04
    4.80000000E+04     2.21225000E+03     2.89582855E-01     1.22024830E+00     4.34454000E-05     5.57941753E+03     6.05444021E+03     8.07232493E+03     3.62851800E-04     3.93746300E-04     5.24976300E-04
    4.80000000E+04     2.23725000E+03     2.92855348E-01     1.22024830E+00     4.34454000E-05     5.96644052E+03     6.45796979E+03     8.62513115E+03     3.79398900E-04     4.10656500E-04     5.48462700E-04
    4.80000000E+04     2.26225000E+03     2.96127841E-01     1.22024830E+00     4.34454000E-05     6.37550384E+03     6.88392514E+03     9.20876398E+03     3.96500700E-04     4.28122000E-04     5.72705600E-04
    4.80000000E+04     2.28725000E+03     2.99400334E-01     1.22024830E+00     4.34454000E-05     6.80759273E+03     7.33329610E+03     9.82454954E+03     4.14169200E-04     4.46154500E-04     5.97719700E-04
    4.80000000E+04     2.31225000E+03     3.02672825E-01     1.22024830E+00     4.34454000E-05     7.26372541E+03     7.80710598E+03     1.04738551E+04     4.32416400E-04     4.64766200E-04     6.23519500E-04
    4.80000000E+04     2.33725000E+03     3.05945317E-01     1.22024830E+00     4.34454000E-05     7.74495216E+03     8.30640970E+03     1.11580872E+04     4.51254500E-04     4.83969300E-04     6.50119600E-04
    4.80000000E+04     2.36225000E+03     3.09217811E-01     1.22024830E+00     4.34454000E-05     8.25235705E+03     8.83229607E+03     1.18786936E+04     4.70695700E-04     5.03775900E-04     6.77534800E-04
    4.80000000E+04     2.38725000E+03     3.12490304E-01     1.22024830E+00     4.34454000E-05     8.78705809E+03     9.38588795E+03     1.26371640E+04     4.90752400E-04     5.24198500E-04     7.05779700E-04
    4.80000000E+04     2.41225000E+03     3.15762795E-01     1.22024830E+00     4.34454000E-05     9.35020786E+03     9.96834323E+03     1.34350297E+04     5.11436900E-04     5.45249400E-04     7.34869300E-04
    4.80000000E+04     2.43725000E+03     3.19035287E-01     1.22024830E+00     4.34454000E-05     9.94299477E+03     1.05808554E+04     1.42738654E+04     5.32762000E-04     5.66941300E-04     7.64818300E-04
    4.80000000E+04     2.46225000E+03     3.22307780E-01     1.22024830E+00     4.34454000E-05     1.05666430E+04     1.12246527E+04     1.51552888E+04     5.54740100E-04     5.89286800E-04     7.95641500E-04
    4.80000000E+04     2.48725000E+03     3.25580274E-01     1.22024830E+00     4.34454000E-05     1.12224135E+04     1.19010025E+04     1.60809616E+04     5.77384200E-04     6.12298800E-04     8.27353900E-04
    4.80000000E+04     2.52475000E+03     3.30489011E-01     1.22024830E+00     4.34454000E-05     1.22735789E+04     1.29839066E+04     1.75622573E+04     6.12714300E-04     6.48181600E-04     8.76738100E-04
    4.80000000E+04     2.57475000E+03     3.37033997E-01     1.22024830E+00     4.34454000E-05     1.37944478E+04     1.45485712E+04     1.97008563E+04     6.62159600E-04     6.98365600E-04     9.45684300E-04
    4.80000000E+04     2.62475000E+03     3.43578981E-01     1.22024830E+00     4.34454000E-05     1.54684563E+04     1.62681826E+04     2.20486695E+04     7.14503300E-04     7.51449900E-04     1.01845620E-03
    4.80000000E+04     2.67475000E+03     3.50123966E-01     1.22024830E+00     4.34454000E-05     1.73075729E+04     1.81547497E+04     2.46211947E+04     7.69852100E-04     8.07541400E-04     1.09517360E-03
    4.80000000E+04     2.72475000E+03     3.56668951E-01     1.22024830E+00     4.34454000E-05     1.93244371E+04     2.02209526E+04     2.74346991E+04     8.28314300E-04     8.66748400E-04     1.17595650E-03
    4.80000000E+04     2.77475000E+03     3.63213936E-01     1.22024830E+00     4.34454000E-05     2.15323806E+04     2.24801653E+04     3.05062341E+04     8.89999800E-04     9.29180800E-04     1.26092470E-03
    4.80000000E+04     2.82475000E+03     3.69758920E-01     1.22024830E+00     4.34454000E-05     2.39454508E+04     2.49464746E+04     3.38536513E+04     9.55019600E-04     9.94949500E-04     1.35019810E-03
    4.80000000E+04     2.87475000E+03     3.76303906E-01     1.22024830E+00     4.34454000E-05     2.65784328E+04     2.76347082E+04     3.74956168E+04     1.02348620E-03     1.06416740E-03     1.44389580E-03
    4.80000000E+04     2.92475000E+03     3.82848890E-01     1.22024830E+00     4.34454000E-05     2.94468726E+04     3.05604538E+04     4.14516261E+04     1.09551370E-03     1.13694820E-03     1.54213700E-03
    4.80000000E+04     2.97475000E+03     3.89393875E-01     1.22024830E+00     4.34454000E-05     3.25671000E+04     3.37400837E+04     4.57420170E+04     1.17121730E-03     1.21340720E-03     1.64503980E-03
    4.80000000E+04     3.02475000E+03     3.95938860E-01     1.22024830E+00     4.34454000E-05     3.59562499E+04     3.71907741E+04     5.03879792E+04     1.25071330E-03     1.29366100E-03     1.75272200E-03
    4.80000000E+04     3.07475000E+03     4.02483845E-01     1.22024830E+00     4.34454000E-05     3.96322891E+04     4.09305357E+04     5.54115722E+04     1.33411960E-03     1.37782720E-03     1.86530050E-03
    4.80000000E+04     3.12475000E+03     4.09028830E-01     1.22024830E+00     4.34454000E-05     4.36140358E+04     4.49782290E+04     6.08357299E+04     1.42155500E-03     1.46602490E-03     1.98289110E-03
    4.80000000E+04     3.17475000E+03     4.15573815E-01     1.22024830E+00     4.34454000E-05     4.79211834E+04     4.93535919E+04     6.66842715E+04     1.51313970E-03     1.55837420E-03     2.10560860E-03
    4.80000000E+04     3.22475000E+03     4.22118800E-01     1.22024830E+00     4.34454000E-05     5.25743235E+04     5.40772548E+04     7.29819104E+04     1.60899480E-03     1.65499610E-03     2.23356670E-03
    4.80000000E+04     3.27475000E+03     4.28663784E-01     1.22024830E+00     4.34454000E-05     5.75949718E+04     5.91707840E+04     7.97542646E+04     1.70924250E-03     1.75601300E-03     2.36687760E-03
    4.80000000E+04     3.32475000E+03     4.35208770E-01     1.22024830E+00     4.34454000E-05     6.30055868E+04     6.46566765E+04     8.70278579E+04     1.81400620E-03     1.86154820E-03     2.50565200E-03
    4.80000000E+04     3.37475000E+03     4.41753754E-01     1.22024830E+00     4.34454000E-05     6.88295964E+04     7.05584067E+04     9.48301298E+04     1.92341000E-03     1.97172580E-03     2.64999930E-03
    4.80000000E+04     3.42475000E+03     4.48298739E-01     1.22024830E+00     4.34454000E-05     7.50914156E+04     7.69004359E+04     1.03189432E+05     2.03757910E-03     2.08667120E-03     2.80002670E-03
    4.80000000E+04     3.47475000E+03     4.54843724E-01     1.22024830E+00     4.34454000E-05     8.18164750E+04     8.37082329E+04     1.12135041E+05     2.15663960E-03     2.20651020E-03     2.95583990E-03
    4.80000000E+04     3.52475000E+03     4.61388709E-01     1.22024830E+00     4.34454000E-05     8.90312423E+04     9.10083190E+04     1.21697151E+05     2.28071820E-03     2.33136990E-03     3.11754250E-03
    4.80000000E+04     3.57475000E+03     4.67933693E-01     1.22024830E+00     4.34454000E-05     9.67632416E+04     9.88282596E+04     1.31906883E+05     2.40994270E-03     2.46137790E-03     3.28523580E-03
    4.80000000E+04     3.62475000E+03     4.74478679E-01     1.22024830E+00     4.34454000E-05     1.05041077E+05     1.07196704E+05     1.42796268E+05     2.54444140E-03     2.59666250E-03     3.45901890E-03
    4.80000000E+04     3.67475000E+03     4.81023663E-01     1.22024830E+00     4.34454000E-05     1.13894454E+05     1.16143404E+05     1.54398261E+05     2.68434340E-03     2.73735280E-03     3.63898850E-03
    4.80000000E+04     3.72475000E+03     4.87568649E-01     1.22024830E+00     4.34454000E-05     1.23354207E+05     1.25699238E+05     1.66746728E+05     2.82977830E-03     2.88357850E-03     3.82523880E-03
    4.80000000E+04     3.77475000E+03     4.94113633E-01     1.22024830E+00     4.34454000E-05     1.33452310E+05     1.35896237E+05     1.79876437E+05     2.98087630E-03     3.03546990E-03     4.01786120E-03
    4.80000000E+04     3.82475000E+03     5.00658619E-01     1.22024830E+00     4.34454000E-05     1.44221910E+05     1.46767578E+05     1.93823059E+05     3.13776830E-03     3.19315760E-03     4.21694440E-03
    4.80000000E+04     3.87475000E+03     5.07203602E-01     1.22024830E+00     4.34454000E-05     1.55697337E+05     1.58347652E+05     2.08623152E+05     3.30058550E-03     3.35677310E-03     4.42257390E-03
    4.80000000E+04     3.92475000E+03     5.13748589E-01     1.22024830E+00     4.34454000E-05     1.67914130E+05     1.70672030E+05     2.24314150E+05     3.46945930E-03     3.52644760E-03     4.63483230E-03
    4.80000000E+04     3.97475000E+03     5.20293572E-01     1.22024830E+00     4.34454000E-05     1.80909062E+05     1.83777547E+05     2.40934361E+05     3.64452190E-03     3.70231350E-03     4.85379900E-03
    4.80000000E+04     4.02475000E+03     5.26838559E-01     1.22024830E+00     4.34454000E-05     1.94720149E+05     1.97702263E+05     2.58522939E+05     3.82590540E-03     3.88450280E-03     5.07954990E-03
    4.80000000E+04     4.07475000E+03     5.33383542E-01     1.22024830E+00     4.34454000E-05     2.09386675E+05     2.12485507E+05     2.77119866E+05     4.01374230E-03     4.07314810E-03     5.31215730E-03
    4.80000000E+04     4.12475000E+03     5.39928528E-01     1.22024830E+00     4.34454000E-05     2.24949216E+05     2.28167894E+05     2.96765956E+05     4.20816530E-03     4.26838180E-03     5.55169010E-03
    4.80000000E+04     4.17475000E+03     5.46473512E-01     1.22024830E+00     4.34454000E-05     2.41449644E+05     2.44791374E+05     3.17502807E+05     4.40930700E-03     4.47033710E-03     5.79821300E-03
    4.80000000E+04     4.22475000E+03     5.53018498E-01     1.22024830E+00     4.34454000E-05     2.58931170E+05     2.62399157E+05     3.39372808E+05     4.61730030E-03     4.67914600E-03     6.05178750E-03
    4.80000000E+04     4.27475000E+03     5.59563481E-01     1.22024830E+00     4.34454000E-05     2.77438324E+05     2.81035885E+05     3.62419077E+05     4.83227780E-03     4.89494220E-03     6.31247010E-03
    4.80000000E+04     4.32475000E+03     5.66108468E-01     1.22024830E+00     4.34454000E-05     2.97017018E+05     3.00747465E+05     3.86685487E+05     5.05437240E-03     5.11785770E-03     6.58031410E-03
    4.80000000E+04     4.37475000E+03     5.72653451E-01     1.22024830E+00     4.34454000E-05     3.17714513E+05     3.21581228E+05     4.12216580E+05     5.28371620E-03     5.34802500E-03     6.85536750E-03
    4.80000000E+04     4.42475000E+03     5.79198437E-01     1.22024830E+00     4.34454000E-05     3.39579487E+05     3.43585901E+05     4.39057599E+05     5.52044190E-03     5.58557680E-03     7.13767470E-03
    4.80000000E+04     4.47475000E+03     5.85743421E-01     1.22024830E+00     4.34454000E-05     3.62661997E+05     3.66811579E+05     4.67254394E+05     5.76468120E-03     5.83064450E-03     7.42727510E-03
    4.80000000E+04     4.52475000E+03     5.92288407E-01     1.22024830E+00     4.34454000E-05     3.87013540E+05     3.91309840E+05     4.96853446E+05     6.01656600E-03     6.08336060E-03     7.72420340E-03
    4.80000000E+04     4.57475000E+03     5.98833391E-01     1.22024830E+00     4.34454000E-05     4.12687028E+05     4.17133626E+05     5.27901778E+05     6.27622720E-03     6.34385560E-03     8.02848950E-03
    4.80000000E+04     4.62475000E+03     6.05378377E-01     1.22024830E+00     4.34454000E-05     4.39736829E+05     4.44337328E+05     5.60446961E+05     6.54379570E-03     6.61226010E-03     8.34015830E-03
    4.80000000E+04     4.67475000E+03     6.11923361E-01     1.22024830E+00     4.34454000E-05     4.68218769E+05     4.72976860E+05     5.94537053E+05     6.81940160E-03     6.88870470E-03     8.65922980E-03
    4.80000000E+04     4.72475000E+03     6.18468346E-01     1.22024830E+00     4.34454000E-05     4.98190143E+05     5.03109564E+05     6.30220561E+05     7.10317450E-03     7.17331890E-03     8.98571870E-03
    4.80000000E+04     4.77475000E+03     6.25013331E-01     1.22024830E+00     4.34454000E-05     5.29709715E+05     5.34794212E+05     6.67546380E+05     7.39524300E-03     7.46623080E-03     9.31963410E-03
    4.80000000E+04     4.82475000E+03     6.31558316E-01     1.22024830E+00     4.34454000E-05     5.62837751E+05     5.68091199E+05     7.06563781E+05     7.69573520E-03     7.76756960E-03     9.66098000E-03
    4.80000000E+04     4.87475000E+03     6.38103300E-01     1.22024830E+00     4.34454000E-05     5.97636008E+05     6.03062274E+05     7.47322333E+05     8.00477830E-03     8.07746150E-03     1.00097547E-02
    4.80000000E+04     4.92475000E+03     6.44648286E-01     1.22024830E+00     4.34454000E-05     6.34167763E+05     6.39770752E+05     7.89871878E+05     8.32249860E-03     8.39603280E-03     1.03659509E-02
    4.80000000E+04     4.97475000E+03     6.51193270E-01     1.22024830E+00     4.34454000E-05     6.72497778E+05     6.78281496E+05     8.34262429E+05     8.64902110E-03     8.72340910E-03     1.07295553E-02
    4.80000000E+04     5.00000000E+03     6.54498490E-01     1.22024830E+00     4.34454000E-05     6.92479640E+05     6.98355960E+05     8.57315280E+05     8.81692430E-03     8.89174400E-03     1.09156770E-02
