    4.80000000E+04     5.00000000E-01     6.54498000E-05     8.47467330E+00     1.25600150E+00     0.00000000E+00     2.31510000E-06     0.00000000E+00     0.00000000E+00     2.94770000E-06     0.00000000E+00
    4.80000000E+04     1.00000000E+00     1.30899700E-04     8.47467330E+00     1.25600150E+00     0.00000000E+00     1.85209000E-05     0.00000000E+00     0.00000000E+00     5.89540000E-06     0.00000000E+00
    4.80000000E+04     1.50000000E+00     1.96349600E-04     8.47467330E+00     1.25600150E+00     0.00000000E+00     6.25083000E-05     0.00000000E+00     0.00000000E+00     8.84310000E-06     0.00000000E+00
    4.80000000E+04     2.00000000E+00     2.61799400E-04     8.47467330E+00     1.25600150E+00     0.00000000E+00     1.48168100E-04     0.00000000E+00     0.00000000E+00     1.17908000E-05     0.00000000E+00
    4.80000000E+04     2.50000000E+00     3.27249200E-04     8.47467330E+00     1.25600150E+00     0.00000000E+00     2.89391500E-04     0.00000000E+00     0.00000000E+00     1.47386000E-05     0.00000000E+00
    4.80000000E+04     3.00000000E+00     3.92699100E-04     8.47467330E+00     1.25600150E+00     0.00000000E+00     5.00070000E-04     0.00000000E+00     0.00000000E+00     1.76864000E-05     0.00000000E+00
    4.80000000E+04     3.50000000E+00     4.58148900E-04     8.47467330E+00     1.25600150E+00     0.00000000E+00     7.94095500E-04     0.00000000E+00     0.00000000E+00     2.06342000E-05     0.00000000E+00
    4.80000000E+04     4.00000000E+00     5.23598800E-04     8.47467330E+00     1.25600150E+00     0.00000000E+00     1.18536030E-03     0.00000000E+00     0.00000000E+00     2.35820000E-05     0.00000000E+00
    4.80000000E+04     4.50000000E+00     5.89048600E-04     8.47467330E+00     1.25600150E+00     0.00000000E+00     1.68775730E-03     0.00000000E+00     0.00000000E+00     2.65299000E-05     0.00000000E+00
    4.80000000E+04     5.00000000E+00     6.54498500E-04     8.47467330E+00     1.25600150E+00     0.00000000E+00     2.31518000E-03     1.00000000E-10     0.00000000E+00     2.94778000E-05     0.00000000E+00
    4.80000000E+04     5.50000000E+00     7.19948300E-04     8.47467330E+00     1.25600150E+00     1.00000000E-10     3.08152240E-03     1.00000000E-10     0.00000000E+00     3.24258000E-05     0.00000000E+00
    4.80000000E+04     6.00000000E+00     7.85398200E-04     8.47467330E+00     1.25600150E+00     1.00000000E-10     4.00067960E-03     2.00000000E-10     0.00000000E+00     3.53738000E-05     0.00000000E+00
    4.80000000E+04     6.50000000E+00     8.50848000E-04     8.47467330E+00     1.25600150E+00     2.00000000E-10     5.08654710E-03     3.00000000E-10     0.00000000E+00     3.83219000E-05     0.00000000E+00
    4.80000000E+04     7.00000000E+00     9.16297900E-04     8.47467330E+00     1.25600150E+00     3.00000000E-10     6.35302200E-03     4.00000000E-10     0.00000000E+00     4.12700000E-05     0.00000000E+00
    4.80000000E+04     7.50000000E+00     9.81747700E-04     8.47467330E+00     1.25600150E+00     4.00000000E-10     7.81400210E-03     6.00000000E-10     0.00000000E+00     4.42182000E-05     0.00000000E+00
    4.80000000E+04     8.00000000E+00     1.04719760E-03     8.47467330E+00     1.25600150E+00     6.00000000E-10     9.48338550E-03     9.00000000E-10     0.00000000E+00     4.71665000E-05     0.00000000E+00
    4.80000000E+04     8.50000000E+00     1.11264740E-03     8.47467330E+00     1.25600150E+00     9.00000000E-10     1.13750730E-02     1.30000000E-09     0.00000000E+00     5.01149000E-05     0.00000000E+00
    4.80000000E+04     9.00000000E+00     1.17809730E-03     8.47467330E+00     1.25600150E+00     1.20000000E-09     1.35029650E-02     1.80000000E-09     0.00000000E+00     5.30633000E-05     0.00000000E+00
    4.80000000E+04     9.50000000E+00     1.24354710E-03     8.47467330E+00     1.25600150E+00     1.70000000E-09     1.58809640E-02     2.50000000E-09     0.00000000E+00     5.60118000E-05     0.00000000E+00
    4.80000000E+04     1.00000000E+01     1.30899700E-03     8.47467330E+00     1.25600150E+00     2.30000000E-09     1.85229760E-02     3.40000000E-09     0.00000000E+00     5.89605000E-05     0.00000000E+00
    4.80000000E+04     1.05000000E+01     1.37444680E-03     8.47467330E+00     1.25600150E+00     3.00000000E-09     2.14429030E-02     4.60000000E-09     0.00000000E+00     6.19092000E-05     0.00000000E+00
    4.80000000E+04     1.10000000E+01     1.43989670E-03     8.47467330E+00     1.25600150E+00     4.00000000E-09     2.46546520E-02     6.00000000E-09     0.00000000E+00     6.48580000E-05     0.00000000E+00
    4.80000000E+04     1.15000000E+01     1.50534650E-03     8.47467330E+00     1.25600150E+00     5.30000000E-09     2.81721350E-02     7.90000000E-09     0.00000000E+00     6.78069000E-05     0.00000000E+00
    4.80000000E+04     1.20000000E+01     1.57079640E-03     8.47467330E+00     1.25600150E+00     6.80000000E-09     3.20092580E-02     1.02000000E-08     0.00000000E+00     7.07560000E-05     0.00000000E+00
    4.80000000E+04     1.25000000E+01     1.63624620E-03     8.47467330E+00     1.25600150E+00     8.70000000E-09     3.61799380E-02     1.30000000E-08     0.00000000E+00     7.37052000E-05     0.00000000E+00
    4.80000000E+04     1.30000000E+01     1.70169610E-03     8.47467330E+00     1.25600150E+00     1.10000000E-08     4.06980830E-02     1.65000000E-08     0.00000000E+00     7.66544000E-05     0.00000000E+00
    4.80000000E+04     1.35000000E+01     1.76714590E-03     8.47467330E+00     1.25600150E+00     1.38000000E-08     4.55776090E-02     2.07000000E-08     0.00000000E+00     7.96039000E-05     0.00000000E+00
    4.80000000E+04     1.40000000E+01     1.83259580E-03     8.47467330E+00     1.25600150E+00     1.71000000E-08     5.08324410E-02     2.57000000E-08     0.00000000E+00     8.25534000E-05     0.00000000E+00
    4.80000000E+04     1.45000000E+01     1.89804560E-03     8.47467330E+00     1.25600150E+00     2.11000000E-08     5.64764890E-02     3.17000000E-08     0.00000000E+00     8.55031000E-05     0.00000000E+00
    4.80000000E+04     1.50000000E+01     1.96349550E-03     8.47467330E+00     1.25600150E+00     2.59000000E-08     6.25236860E-02     3.89000000E-08     0.00000000E+00     8.84529000E-05     1.00000000E-10
    4.80000000E+04     1.55000000E+01     2.02894530E-03     8.47467330E+00     1.25600150E+00     3.16000000E-08     6.89879470E-02     4.73000000E-08     0.00000000E+00     9.14029000E-05     1.00000000E-10
    4.80000000E+04     1.60000000E+01     2.09439520E-03     8.47467330E+00     1.25600150E+00     3.82000000E-08     7.58832030E-02     5.73000000E-08     0.00000000E+00     9.43530000E-05     1.00000000E-10
    4.80000000E+04     1.65000000E+01     2.15984500E-03     8.47467330E+00     1.25600150E+00     4.59000000E-08     8.32233800E-02     6.89000000E-08     1.00000000E-10     9.73033000E-05     1.00000000E-10
    4.80000000E+04     1.70000000E+01     2.22529490E-03     8.47467330E+00     1.25600150E+00     5.49000000E-08     9.10224090E-02     8.24000000E-08     1.00000000E-10     1.00253700E-04     1.00000000E-10
    4.80000000E+04     1.75000000E+01     2.29074470E-03     8.47467330E+00     1.25600150E+00     6.54000000E-08     9.92942270E-02     9.80000000E-08     1.00000000E-10     1.03204300E-04     1.00000000E-10
    4.80000000E+04     1.80000000E+01     2.35619460E-03     8.47467330E+00     1.25600150E+00     7.74000000E-08     1.08052770E-01     1.16100000E-07     1.00000000E-10     1.06155100E-04     1.00000000E-10
    4.80000000E+04     1.85000000E+01     2.42164440E-03     8.47467330E+00     1.25600150E+00     9.12000000E-08     1.17311970E-01     1.36800000E-07     1.00000000E-10     1.09106100E-04     1.00000000E-10
    4.80000000E+04     1.90000000E+01     2.48709430E-03     8.47467330E+00     1.25600150E+00     1.07100000E-07     1.27085790E-01     1.60600000E-07     1.00000000E-10     1.12057200E-04     1.00000000E-10
    4.80000000E+04     1.95000000E+01     2.55254410E-03     8.47467330E+00     1.25600150E+00     1.25100000E-07     1.37388150E-01     1.87700000E-07     1.00000000E-10     1.15008600E-04     2.00000000E-10
    4.80000000E+04     2.00000000E+01     2.61799400E-03     8.47467330E+00     1.25600150E+00     1.45600000E-07     1.48233000E-01     2.18500000E-07     1.00000000E-10     1.17960100E-04     2.00000000E-10
    4.80000000E+04     2.05000000E+01     2.68344380E-03     8.47467330E+00     1.25600150E+00     1.68900000E-07     1.59634320E-01     2.53300000E-07     1.00000000E-10     1.20911800E-04     2.00000000E-10
    4.80000000E+04     2.10000000E+01     2.74889360E-03     8.47467330E+00     1.25600150E+00     1.95200000E-07     1.71606030E-01     2.92700000E-07     1.00000000E-10     1.23863700E-04     2.00000000E-10
    4.80000000E+04     2.15000000E+01     2.81434350E-03     8.47467330E+00     1.25600150E+00     2.24800000E-07     1.84162100E-01     3.37100000E-07     2.00000000E-10     1.26815800E-04     2.00000000E-10
    4.80000000E+04     2.20000000E+01     2.87979330E-03     8.47467330E+00     1.25600150E+00     2.58000000E-07     1.97316500E-01     3.87000000E-07     2.00000000E-10     1.29768200E-04     3.00000000E-10
    4.80000000E+04     2.25000000E+01     2.94524320E-03     8.47467330E+00     1.25600150E+00     2.95300000E-07     2.11083160E-01     4.42900000E-07     2.00000000E-10     1.32720700E-04     3.00000000E-10
    4.80000000E+04     2.30000000E+01     3.01069300E-03     8.47467330E+00     1.25600150E+00     3.36900000E-07     2.25476090E-01     5.05300000E-07     2.00000000E-10     1.35673500E-04     3.00000000E-10
    4.80000000E+04     2.35000000E+01     3.07614290E-03     8.47467330E+00     1.25600150E+00     3.83300000E-07     2.40509250E-01     5.74900000E-07     2.00000000E-10     1.38626500E-04     3.00000000E-10
    4.80000000E+04     2.40000000E+01     3.14159270E-03     8.47467330E+00     1.25600150E+00     4.34900000E-07     2.56196570E-01     6.52300000E-07     2.00000000E-10     1.41579700E-04     4.00000000E-10
    4.80000000E+04     2.45000000E+01     3.20704260E-03     8.47467330E+00     1.25600150E+00     4.92100000E-07     2.72552090E-01     7.38200000E-07     3.00000000E-10     1.44533100E-04     4.00000000E-10
    4.80000000E+04     2.50000000E+01     3.27249240E-03     8.47467330E+00     1.25600150E+00     5.55600000E-07     2.89589760E-01     8.33300000E-07     3.00000000E-10     1.47486800E-04     4.00000000E-10
    4.80000000E+04     2.55000000E+01     3.33794230E-03     8.47467330E+00     1.25600150E+00     6.25700000E-07     3.07323580E-01     9.38400000E-07     3.00000000E-10     1.50440800E-04     5.00000000E-10
    4.80000000E+04     2.60000000E+01     3.40339210E-03     8.47467330E+00     1.25600150E+00     7.03000000E-07     3.25767520E-01     1.05440000E-06     3.00000000E-10     1.53395000E-04     5.00000000E-10
    4.80000000E+04     2.65000000E+01     3.46884200E-03     8.47467330E+00     1.25600150E+00     7.88100000E-07     3.44935580E-01     1.18210000E-06     4.00000000E-10     1.56349500E-04     5.00000000E-10
    4.80000000E+04     2.70000000E+01     3.53429180E-03     8.47467330E+00     1.25600150E+00     8.81600000E-07     3.64841760E-01     1.32240000E-06     4.00000000E-10     1.59304200E-04     6.00000000E-10
    4.80000000E+04     2.75000000E+01     3.59974170E-03     8.47467330E+00     1.25600150E+00     9.84200000E-07     3.85500070E-01     1.47630000E-06     4.00000000E-10     1.62259100E-04     6.00000000E-10
    4.80000000E+04     2.80000000E+01     3.66519150E-03     8.47467330E+00     1.25600150E+00     1.09660000E-06     4.06924490E-01     1.64480000E-06     4.00000000E-10     1.65214400E-04     7.00000000E-10
    4.80000000E+04     2.85000000E+01     3.73064140E-03     8.47467330E+00     1.25600150E+00     1.21950000E-06     4.29129060E-01     1.82910000E-06     5.00000000E-10     1.68169900E-04     7.00000000E-10
    4.80000000E+04     2.90000000E+01     3.79609120E-03     8.47467330E+00     1.25600150E+00     1.35360000E-06     4.52127760E-01     2.03020000E-06     5.00000000E-10     1.71125700E-04     8.00000000E-10
    4.80000000E+04     2.95000000E+01     3.86154110E-03     8.47467330E+00     1.25600150E+00     1.49980000E-06     4.75934610E-01     2.24950000E-06     5.00000000E-10     1.74081800E-04     8.00000000E-10
    4.80000000E+04     3.00000000E+01     3.92699090E-03     8.47467330E+00     1.25600150E+00     1.65890000E-06     5.00563680E-01     2.48820000E-06     6.00000000E-10     1.77038200E-04     9.00000000E-10
    4.80000000E+04     3.05000000E+01     3.99244080E-03     8.47467330E+00     1.25600150E+00     1.83190000E-06     5.26028980E-01     2.74760000E-06     6.00000000E-10     1.79994900E-04     9.00000000E-10
    4.80000000E+04     3.10000000E+01     4.05789060E-03     8.47467330E+00     1.25600150E+00     2.01960000E-06     5.52344510E-01     3.02920000E-06     7.00000000E-10     1.82951800E-04     1.00000000E-09
    4.80000000E+04     3.15000000E+01     4.12334050E-03     8.47467330E+00     1.25600150E+00     2.22310000E-06     5.79524320E-01     3.33440000E-06     7.00000000E-10     1.85909100E-04     1.10000000E-09
    4.80000000E+04     3.20000000E+01     4.18879030E-03     8.47467330E+00     1.25600150E+00     2.44340000E-06     6.07582500E-01     3.66480000E-06     8.00000000E-10     1.88866700E-04     1.10000000E-09
    4.80000000E+04     3.25000000E+01     4.25424020E-03     8.47467330E+00     1.25600150E+00     2.68170000E-06     6.36533030E-01     4.02210000E-06     8.00000000E-10     1.91824600E-04     1.20000000E-09
    4.80000000E+04     3.30000000E+01     4.31969000E-03     8.47467330E+00     1.25600150E+00     2.93890000E-06     6.66389940E-01     4.40800000E-06     9.00000000E-10     1.94782800E-04     1.30000000E-09
    4.80000000E+04     3.35000000E+01     4.38513990E-03     8.47467330E+00     1.25600150E+00     3.21640000E-06     6.97167390E-01     4.82420000E-06     9.00000000E-10     1.97741400E-04     1.40000000E-09
    4.80000000E+04     3.40000000E+01     4.45058970E-03     8.47467330E+00     1.25600150E+00     3.51540000E-06     7.28879390E-01     5.27260000E-06     1.00000000E-09     2.00700300E-04     1.50000000E-09
    4.80000000E+04     3.45000000E+01     4.51603960E-03     8.47467330E+00     1.25600150E+00     3.83720000E-06     7.61539970E-01     5.75530000E-06     1.00000000E-09     2.03659500E-04     1.50000000E-09
    4.80000000E+04     3.50000000E+01     4.58148940E-03     8.47467330E+00     1.25600150E+00     4.18320000E-06     7.95163200E-01     6.27420000E-06     1.10000000E-09     2.06619000E-04     1.60000000E-09
    4.80000000E+04     3.55000000E+01     4.64693930E-03     8.47467330E+00     1.25600150E+00     4.55490000E-06     8.29763240E-01     6.83160000E-06     1.20000000E-09     2.09578900E-04     1.70000000E-09
    4.80000000E+04     3.60000000E+01     4.71238910E-03     8.47467330E+00     1.25600150E+00     4.95360000E-06     8.65354140E-01     7.42960000E-06     1.20000000E-09     2.12539200E-04     1.80000000E-09
    4.80000000E+04     3.65000000E+01     4.77783900E-03     8.47467330E+00     1.25600150E+00     5.38100000E-06     9.01949950E-01     8.07060000E-06     1.30000000E-09     2.15499800E-04     1.90000000E-09
    4.80000000E+04     3.70000000E+01     4.84328880E-03     8.47467330E+00     1.25600150E+00     5.83870000E-06     9.39564770E-01     8.75700000E-06     1.40000000E-09     2.18460700E-04     2.00000000E-09
    4.80000000E+04     3.75000000E+01     4.90873870E-03     8.47467330E+00     1.25600150E+00     6.32840000E-06     9.78212720E-01     9.49150000E-06     1.40000000E-09     2.21422100E-04     2.10000000E-09
    4.80000000E+04     3.80000000E+01     4.97418850E-03     8.47467330E+00     1.25600150E+00     6.85190000E-06     1.01790800E+00     1.02765000E-05     1.50000000E-09     2.24383800E-04     2.30000000E-09
    4.80000000E+04     3.85000000E+01     5.03963840E-03     8.47467330E+00     1.25600150E+00     7.41090000E-06     1.05866450E+00     1.11149000E-05     1.60000000E-09     2.27345800E-04     2.40000000E-09
    4.80000000E+04     3.90000000E+01     5.10508820E-03     8.47467330E+00     1.25600150E+00     8.00750000E-06     1.10049640E+00     1.20096000E-05     1.70000000E-09     2.30308300E-04     2.50000000E-09
    4.80000000E+04     3.95000000E+01     5.17053810E-03     8.47467330E+00     1.25600150E+00     8.64350000E-06     1.14341810E+00     1.29635000E-05     1.80000000E-09     2.33271100E-04     2.60000000E-09
    4.80000000E+04     4.00000000E+01     5.23598790E-03     8.47467330E+00     1.25600150E+00     9.32110000E-06     1.18744340E+00     1.39798000E-05     1.90000000E-09     2.36234300E-04     2.80000000E-09
    4.80000000E+04     4.05000000E+01     5.30143780E-03     8.47467330E+00     1.25600150E+00     1.00424000E-05     1.23258650E+00     1.50615000E-05     1.90000000E-09     2.39198000E-04     2.90000000E-09
    4.80000000E+04     4.10000000E+01     5.36688760E-03     8.47467330E+00     1.25600150E+00     1.08097000E-05     1.27886160E+00     1.62121000E-05     2.00000000E-09     2.42162000E-04     3.10000000E-09
    4.80000000E+04     4.15000000E+01     5.43233740E-03     8.47467330E+00     1.25600150E+00     1.16251000E-05     1.32628280E+00     1.74351000E-05     2.10000000E-09     2.45126400E-04     3.20000000E-09
    4.80000000E+04     4.20000000E+01     5.49778730E-03     8.47467330E+00     1.25600150E+00     1.24912000E-05     1.37486440E+00     1.87340000E-05     2.30000000E-09     2.48091200E-04     3.40000000E-09
    4.80000000E+04     4.25000000E+01     5.56323710E-03     8.47467330E+00     1.25600150E+00     1.34104000E-05     1.42462040E+00     2.01126000E-05     2.40000000E-09     2.51056500E-04     3.50000000E-09
    4.80000000E+04     4.30000000E+01     5.62868700E-03     8.47467330E+00     1.25600150E+00     1.43854000E-05     1.47556510E+00     2.15746000E-05     2.50000000E-09     2.54022100E-04     3.70000000E-09
    4.80000000E+04     4.35000000E+01     5.69413680E-03     8.47467330E+00     1.25600150E+00     1.54186000E-05     1.52771250E+00     2.31242000E-05     2.60000000E-09     2.56988200E-04     3.90000000E-09
    4.80000000E+04     4.40000000E+01     5.75958670E-03     8.47467330E+00     1.25600150E+00     1.65130000E-05     1.58107690E+00     2.47654000E-05     2.70000000E-09     2.59954700E-04     4.10000000E-09
    4.80000000E+04     4.45000000E+01     5.82503650E-03     8.47467330E+00     1.25600150E+00     1.76714000E-05     1.63567240E+00     2.65026000E-05     2.80000000E-09     2.62921700E-04     4.30000000E-09
    4.80000000E+04     4.50000000E+01     5.89048640E-03     8.47467330E+00     1.25600150E+00     1.88967000E-05     1.69151330E+00     2.83402000E-05     3.00000000E-09     2.65889100E-04     4.50000000E-09
    4.80000000E+04     4.55000000E+01     5.95593620E-03     8.47467330E+00     1.25600150E+00     2.01920000E-05     1.74861390E+00     3.02827000E-05     3.10000000E-09     2.68856900E-04     4.70000000E-09
    4.80000000E+04     4.60000000E+01     6.02138610E-03     8.47467330E+00     1.25600150E+00     2.15605000E-05     1.80698810E+00     3.23349000E-05     3.20000000E-09     2.71825200E-04     4.90000000E-09
    4.80000000E+04     4.65000000E+01     6.08683590E-03     8.47467330E+00     1.25600150E+00     2.30054000E-05     1.86665040E+00     3.45018000E-05     3.40000000E-09     2.74794000E-04     5.10000000E-09
    4.80000000E+04     4.70000000E+01     6.15228580E-03     8.47467330E+00     1.25600150E+00     2.45301000E-05     1.92761470E+00     3.67883000E-05     3.50000000E-09     2.77763100E-04     5.30000000E-09
    4.80000000E+04     4.75000000E+01     6.21773560E-03     8.47467330E+00     1.25600150E+00     2.61382000E-05     1.98989570E+00     3.91997000E-05     3.70000000E-09     2.80732800E-04     5.50000000E-09
    4.80000000E+04     4.80000000E+01     6.28318550E-03     8.47467330E+00     1.25600150E+00     2.78331000E-05     2.05350720E+00     4.17414000E-05     3.80000000E-09     2.83703000E-04     5.80000000E-09
    4.80000000E+04     4.85000000E+01     6.34863530E-03     8.47467330E+00     1.25600150E+00     2.96186000E-05     2.11846380E+00     4.44190000E-05     4.00000000E-09     2.86673600E-04     6.00000000E-09
    4.80000000E+04     4.90000000E+01     6.41408520E-03     8.47467330E+00     1.25600150E+00     3.14986000E-05     2.18477940E+00     4.72382000E-05     4.20000000E-09     2.89644700E-04     6.30000000E-09
    4.80000000E+04     4.95000000E+01     6.47953500E-03     8.47467330E+00     1.25600150E+00     3.34770000E-05     2.25246840E+00     5.02050000E-05     4.30000000E-09     2.92616200E-04     6.50000000E-09
    4.80000000E+04     5.10000000E+01     6.67588460E-03     8.47467330E+00     1.25600150E+00     4.01595000E-05     2.46534944E+00     6.02258000E-05     4.90000000E-09     3.01534400E-04     7.40000000E-09
    4.80000000E+04     5.35000000E+01     7.00313380E-03     8.47467330E+00     1.25600150E+00     5.35030000E-05     2.84664012E+00     8.02348000E-05     5.90000000E-09     3.16407400E-04     8.90000000E-09
    4.80000000E+04     5.60000000E+01     7.33038310E-03     8.47467330E+00     1.25600150E+00     7.03537000E-05     3.26548466E+00     1.05502200E-04     7.10000000E-09     3.31293600E-04     1.07000000E-08
    4.80000000E+04     5.85000000E+01     7.65763230E-03     8.47467330E+00     1.25600150E+00     9.14133000E-05     3.72367744E+00     1.37079800E-04     8.50000000E-09     3.46193700E-04     1.27000000E-08
    4.80000000E+04     6.10000000E+01     7.98488160E-03     8.47467330E+00     1.25600150E+00     1.17484200E-04     4.22301882E+00     1.76170200E-04     1.00000000E-08     3.61108300E-04     1.51000000E-08
    4.80000000E+04     6.35000000E+01     8.31213080E-03     8.47467330E+00     1.25600150E+00     1.49478300E-04     4.76531464E+00     2.24140000E-04     1.18000000E-08     3.76038000E-04     1.77000000E-08
    4.80000000E+04     6.60000000E+01     8.63938000E-03     8.47467330E+00     1.25600150E+00     1.88426500E-04     5.35237678E+00     2.82534500E-04     1.38000000E-08     3.90983500E-04     2.06000000E-08
    4.80000000E+04     6.85000000E+01     8.96662930E-03     8.47467330E+00     1.25600150E+00     2.35489300E-04     5.98602348E+00     3.53092200E-04     1.60000000E-08     4.05945400E-04     2.39000000E-08
    4.80000000E+04     7.10000000E+01     9.29387850E-03     8.47467330E+00     1.25600150E+00     2.91966400E-04     6.66807956E+00     4.37760800E-04     1.84000000E-08     4.20924300E-04     2.76000000E-08
    4.80000000E+04     7.35000000E+01     9.62112780E-03     8.47467330E+00     1.25600150E+00     3.59307900E-04     7.40037616E+00     5.38712800E-04     2.12000000E-08     4.35920900E-04     3.17000000E-08
    4.80000000E+04     7.60000000E+01     9.94837710E-03     8.47467330E+00     1.25600150E+00     4.39125300E-04     8.18475200E+00     6.58362600E-04     2.42000000E-08     4.50935800E-04     3.63000000E-08
    4.80000000E+04     7.85000000E+01     1.02756262E-02     8.47467330E+00     1.25600150E+00     5.33203300E-04     9.02305270E+00     7.99383400E-04     2.75000000E-08     4.65969600E-04     4.13000000E-08
    4.80000000E+04     8.10000000E+01     1.06028756E-02     8.47467330E+00     1.25600150E+00     6.43511400E-04     9.91713130E+00     9.64725500E-04     3.12000000E-08     4.81023100E-04     4.68000000E-08
    4.80000000E+04     8.35000000E+01     1.09301248E-02     8.47467330E+00     1.25600150E+00     7.72216800E-04     1.08688492E+01     1.15763440E-03     3.52000000E-08     4.96096700E-04     5.28000000E-08
    4.80000000E+04     8.60000000E+01     1.12573740E-02     8.47467330E+00     1.25600150E+00     9.21696500E-04     1.18800760E+01     1.38167030E-03     3.96000000E-08     5.11191200E-04     5.94000000E-08
    4.80000000E+04     8.85000000E+01     1.15846232E-02     8.47467330E+00     1.25600150E+00     1.09455120E-03     1.29526882E+01     1.64072700E-03     4.45000000E-08     5.26307200E-04     6.66000000E-08
    4.80000000E+04     9.10000000E+01     1.19118724E-02     8.47467330E+00     1.25600150E+00     1.29361810E-03     1.40885722E+01     1.93905290E-03     4.97000000E-08     5.41445400E-04     7.45000000E-08
    4.80000000E+04     9.35000000E+01     1.22391218E-02     8.47467330E+00     1.25600150E+00     1.52198570E-03     1.52896228E+01     2.28127160E-03     5.54000000E-08     5.56606400E-04     8.30000000E-08
    4.80000000E+04     9.60000000E+01     1.25663710E-02     8.47467330E+00     1.25600150E+00     1.78300760E-03     1.65577444E+01     2.67240330E-03     6.16000000E-08     5.71790800E-04     9.23000000E-08
    4.80000000E+04     9.85000000E+01     1.28936202E-02     8.47467330E+00     1.25600150E+00     2.08031730E-03     1.78948498E+01     3.11788670E-03     6.82000000E-08     5.86999300E-04     1.02200000E-07
    4.80000000E+04     1.01000000E+02     1.32208694E-02     8.47467330E+00     1.25600150E+00     2.41784410E-03     1.93028624E+01     3.62360200E-03     7.54000000E-08     6.02232600E-04     1.13000000E-07
    4.80000000E+04     1.03500000E+02     1.35481188E-02     8.47467330E+00     1.25600150E+00     2.79982740E-03     2.07837144E+01     4.19589330E-03     8.32000000E-08     6.17491200E-04     1.24600000E-07
    4.80000000E+04     1.06000000E+02     1.38753680E-02     8.47467330E+00     1.25600150E+00     3.23083390E-03     2.23393494E+01     4.84159360E-03     9.15000000E-08     6.32775900E-04     1.37100000E-07
    4.80000000E+04     1.08500000E+02     1.42026170E-02     8.47467330E+00     1.25600150E+00     3.71577350E-03     2.39717208E+01     5.56804820E-03     1.00400000E-07     6.48087400E-04     1.50500000E-07
    4.80000000E+04     1.11000000E+02     1.45298664E-02     8.47467330E+00     1.25600150E+00     4.25991560E-03     2.56827916E+01     6.38313940E-03     1.10000000E-07     6.63426100E-04     1.64800000E-07
    4.80000000E+04     1.13500000E+02     1.48571158E-02     8.47467330E+00     1.25600150E+00     4.86890800E-03     2.74745398E+01     7.29531460E-03     1.20300000E-07     6.78792900E-04     1.80200000E-07
    4.80000000E+04     1.16000000E+02     1.51843650E-02     8.47467330E+00     1.25600150E+00     5.54879160E-03     2.93489480E+01     8.31360750E-03     1.31200000E-07     6.94188300E-04     1.96600000E-07
    4.80000000E+04     1.18500000E+02     1.55116140E-02     8.47467330E+00     1.25600150E+00     6.30602180E-03     3.13080172E+01     9.44767090E-03     1.42900000E-07     7.09613100E-04     2.14100000E-07
    4.80000000E+04     1.21000000E+02     1.58388634E-02     8.47467330E+00     1.25600150E+00     7.14748430E-03     3.33537558E+01     1.07077988E-02     1.55300000E-07     7.25067900E-04     2.32700000E-07
    4.80000000E+04     1.23500000E+02     1.61661126E-02     8.47467330E+00     1.25600150E+00     8.08051450E-03     3.54881856E+01     1.21049572E-02     1.68600000E-07     7.40553300E-04     2.52600000E-07
    4.80000000E+04     1.26000000E+02     1.64933620E-02     8.47467330E+00     1.25600150E+00     9.11291790E-03     3.77133400E+01     1.36508114E-02     1.82700000E-07     7.56070000E-04     2.73600000E-07
    4.80000000E+04     1.28500000E+02     1.68206110E-02     8.47467330E+00     1.25600150E+00     1.02529879E-02     4.00312662E+01     1.53577560E-02     1.97600000E-07     7.71618700E-04     2.96000000E-07
    4.80000000E+04     1.31000000E+02     1.71478604E-02     8.47467330E+00     1.25600150E+00     1.15095284E-02     4.24440248E+01     1.72389450E-02     2.13400000E-07     7.87200100E-04     3.19700000E-07
    4.80000000E+04     1.33500000E+02     1.74751096E-02     8.47467330E+00     1.25600150E+00     1.28918706E-02     4.49536870E+01     1.93083188E-02     2.30200000E-07     8.02814800E-04     3.44800000E-07
    4.80000000E+04     1.36000000E+02     1.78023590E-02     8.47467330E+00     1.25600150E+00     1.44098964E-02     4.75623388E+01     2.15806376E-02     2.47900000E-07     8.18463500E-04     3.71300000E-07
    4.80000000E+04     1.38500000E+02     1.81296080E-02     8.47467330E+00     1.25600150E+00     1.60740604E-02     5.02720818E+01     2.40715158E-02     2.66700000E-07     8.34146800E-04     3.99300000E-07
    4.80000000E+04     1.41000000E+02     1.84568574E-02     8.47467330E+00     1.25600150E+00     1.78954082E-02     5.30850282E+01     2.67974458E-02     2.86500000E-07     8.49865500E-04     4.29000000E-07
    4.80000000E+04     1.43500000E+02     1.87841066E-02     8.47467330E+00     1.25600150E+00     1.98856014E-02     5.60033074E+01     2.97758390E-02     3.07300000E-07     8.65620200E-04     4.60200000E-07
    4.80000000E+04     1.46000000E+02     1.91113560E-02     8.47467330E+00     1.25600150E+00     2.20569396E-02     5.90290624E+01     3.30250550E-02     3.29300000E-07     8.81411600E-04     4.93100000E-07
    4.80000000E+04     1.48500000E+02     1.94386050E-02     8.47467330E+00     1.25600150E+00     2.44223816E-02     6.21644502E+01     3.65644338E-02     3.52400000E-07     8.97240300E-04     5.27700000E-07
    4.80000000E+04     1.51000000E+02     1.97658542E-02     8.47467330E+00     1.25600150E+00     2.69955696E-02     6.54116424E+01     4.04143316E-02     3.76800000E-07     9.13107100E-04     5.64100000E-07
    4.80000000E+04     1.53500000E+02     2.00931036E-02     8.47467330E+00     1.25600150E+00     2.97908532E-02     6.87728282E+01     4.45961582E-02     4.02400000E-07     9.29012600E-04     6.02300000E-07
    4.80000000E+04     1.56000000E+02     2.04203530E-02     8.47467330E+00     1.25600150E+00     3.28233168E-02     7.22502136E+01     4.91324132E-02     4.29200000E-07     9.44957600E-04     6.42500000E-07
    4.80000000E+04     1.58500000E+02     2.07476020E-02     8.47467330E+00     1.25600150E+00     3.61087948E-02     7.58460166E+01     5.40467122E-02     4.57400000E-07     9.60942600E-04     6.84700000E-07
    4.80000000E+04     1.61000000E+02     2.10748512E-02     8.47467330E+00     1.25600150E+00     3.96639026E-02     7.95624718E+01     5.93638300E-02     4.87000000E-07     9.76968400E-04     7.28900000E-07
    4.80000000E+04     1.63500000E+02     2.14021006E-02     8.47467330E+00     1.25600150E+00     4.35060682E-02     8.34018358E+01     6.51097476E-02     5.18000000E-07     9.93035700E-04     7.75200000E-07
    4.80000000E+04     1.66000000E+02     2.17293498E-02     8.47467330E+00     1.25600150E+00     4.76535422E-02     8.73663750E+01     7.13116694E-02     5.50400000E-07     1.00914520E-03     8.23600000E-07
    4.80000000E+04     1.68500000E+02     2.20565990E-02     8.47467330E+00     1.25600150E+00     5.21254424E-02     9.14583810E+01     7.79980834E-02     5.84300000E-07     1.02529750E-03     8.74300000E-07
    4.80000000E+04     1.71000000E+02     2.23838482E-02     8.47467330E+00     1.25600150E+00     5.69417614E-02     9.56801542E+01     8.51987772E-02     6.19800000E-07     1.04149340E-03     9.27300000E-07
    4.80000000E+04     1.73500000E+02     2.27110976E-02     8.47467330E+00     1.25600150E+00     6.21234054E-02     1.00034016E+02     9.29448928E-02     6.56800000E-07     1.05773350E-03     9.82700000E-07
    4.80000000E+04     1.76000000E+02     2.30383468E-02     8.47467330E+00     1.25600150E+00     6.76922234E-02     1.04522312E+02     1.01268971E-01     6.95500000E-07     1.07401860E-03     1.04050000E-06
    4.80000000E+04     1.78500000E+02     2.33655960E-02     8.47467330E+00     1.25600150E+00     7.36710336E-02     1.09147398E+02     1.10204988E-01     7.35900000E-07     1.09034930E-03     1.10080000E-06
    4.80000000E+04     1.81000000E+02     2.36928452E-02     8.47467330E+00     1.25600150E+00     8.00836300E-02     1.13911648E+02     1.19788360E-01     7.78000000E-07     1.10672640E-03     1.16370000E-06
    4.80000000E+04     1.83500000E+02     2.40200944E-02     8.47467330E+00     1.25600150E+00     8.69548466E-02     1.18817462E+02     1.30056058E-01     8.21900000E-07     1.12315050E-03     1.22930000E-06
    4.80000000E+04     1.86000000E+02     2.43473438E-02     8.47467330E+00     1.25600150E+00     9.43105622E-02     1.23867258E+02     1.41046578E-01     8.67600000E-07     1.13962230E-03     1.29760000E-06
    4.80000000E+04     1.88500000E+02     2.46745930E-02     8.47467330E+00     1.25600150E+00     1.02177744E-01     1.29063468E+02     1.52800052E-01     9.15200000E-07     1.15614270E-03     1.36870000E-06
    4.80000000E+04     1.91000000E+02     2.50018422E-02     8.47467330E+00     1.25600150E+00     1.10584458E-01     1.34408546E+02     1.65358214E-01     9.64800000E-07     1.17271220E-03     1.44260000E-06
    4.80000000E+04     1.93500000E+02     2.53290914E-02     8.47467330E+00     1.25600150E+00     1.19559932E-01     1.39904980E+02     1.78764528E-01     1.01630000E-06     1.18933170E-03     1.51960000E-06
    4.80000000E+04     1.96000000E+02     2.56563408E-02     8.47467330E+00     1.25600150E+00     1.29134526E-01     1.45555246E+02     1.93064132E-01     1.06990000E-06     1.20600170E-03     1.59950000E-06
    4.80000000E+04     1.98500000E+02     2.59835900E-02     8.47467330E+00     1.25600150E+00     1.39339840E-01     1.51361872E+02     2.08303988E-01     1.12550000E-06     1.22272300E-03     1.68260000E-06
    4.80000000E+04     2.01000000E+02     2.63108392E-02     8.47467330E+00     1.25600150E+00     1.50208698E-01     1.57327398E+02     2.24532872E-01     1.18330000E-06     1.23949640E-03     1.76880000E-06
    4.80000000E+04     2.03500000E+02     2.66380884E-02     8.47467330E+00     1.25600150E+00     1.61775192E-01     1.63454382E+02     2.41801438E-01     1.24330000E-06     1.25632260E-03     1.85840000E-06
    4.80000000E+04     2.06000000E+02     2.69653378E-02     8.47467330E+00     1.25600150E+00     1.74074682E-01     1.69745402E+02     2.60162188E-01     1.30560000E-06     1.27320220E-03     1.95130000E-06
    4.80000000E+04     2.08500000E+02     2.72925870E-02     8.47467330E+00     1.25600150E+00     1.87143900E-01     1.76203068E+02     2.79669682E-01     1.37020000E-06     1.29013610E-03     2.04760000E-06
    4.80000000E+04     2.11000000E+02     2.76198360E-02     8.47467330E+00     1.25600150E+00     2.01020914E-01     1.82829996E+02     3.00380422E-01     1.43710000E-06     1.30712480E-03     2.14740000E-06
    4.80000000E+04     2.13500000E+02     2.79470854E-02     8.47467330E+00     1.25600150E+00     2.15745212E-01     1.89628846E+02     3.22353006E-01     1.50640000E-06     1.32416930E-03     2.25080000E-06
    4.80000000E+04     2.16000000E+02     2.82743348E-02     8.47467330E+00     1.25600150E+00     2.31357698E-01     1.96602286E+02     3.45648138E-01     1.57830000E-06     1.34127010E-03     2.35800000E-06
    4.80000000E+04     2.18500000E+02     2.86015840E-02     8.47467330E+00     1.25600150E+00     2.47900714E-01     2.03753000E+02     3.70328610E-01     1.65270000E-06     1.35842800E-03     2.46880000E-06
    4.80000000E+04     2.21000000E+02     2.89288330E-02     8.47467330E+00     1.25600150E+00     2.65418178E-01     2.11083730E+02     3.96459562E-01     1.72960000E-06     1.37564390E-03     2.58360000E-06
    4.80000000E+04     2.23500000E+02     2.92560824E-02     8.47467330E+00     1.25600150E+00     2.83955464E-01     2.18597204E+02     4.24108250E-01     1.80930000E-06     1.39291840E-03     2.70230000E-06
    4.80000000E+04     2.26000000E+02     2.95833316E-02     8.47467330E+00     1.25600150E+00     3.03559536E-01     2.26296188E+02     4.53344288E-01     1.89160000E-06     1.41025210E-03     2.82500000E-06
    4.80000000E+04     2.28500000E+02     2.99105810E-02     8.47467330E+00     1.25600150E+00     3.24278990E-01     2.34183482E+02     4.84239682E-01     1.97680000E-06     1.42764600E-03     2.95190000E-06
    4.80000000E+04     2.31000000E+02     3.02378300E-02     8.47467330E+00     1.25600150E+00     3.46164042E-01     2.42261898E+02     5.16868822E-01     2.06480000E-06     1.44510070E-03     3.08300000E-06
    4.80000000E+04     2.33500000E+02     3.05650794E-02     8.47467330E+00     1.25600150E+00     3.69266638E-01     2.50534292E+02     5.51308624E-01     2.15570000E-06     1.46261700E-03     3.21840000E-06
    4.80000000E+04     2.36000000E+02     3.08923286E-02     8.47467330E+00     1.25600150E+00     3.93640322E-01     2.59003514E+02     5.87638364E-01     2.24950000E-06     1.48019560E-03     3.35820000E-06
    4.80000000E+04     2.38500000E+02     3.12195780E-02     8.47467330E+00     1.25600150E+00     4.19340512E-01     2.67672468E+02     6.25940058E-01     2.34640000E-06     1.49783730E-03     3.50240000E-06
    4.80000000E+04     2.41000000E+02     3.15468270E-02     8.47467330E+00     1.25600150E+00     4.46424350E-01     2.76544074E+02     6.66298258E-01     2.44640000E-06     1.51554280E-03     3.65130000E-06
    4.80000000E+04     2.43500000E+02     3.18740764E-02     8.47467330E+00     1.25600150E+00     4.74950840E-01     2.85621282E+02     7.08800252E-01     2.54960000E-06     1.53331300E-03     3.80490000E-06
    4.80000000E+04     2.46000000E+02     3.22013256E-02     8.47467330E+00     1.25600150E+00     5.04980838E-01     2.94907064E+02     7.53536004E-01     2.65600000E-06     1.55114840E-03     3.96330000E-06
    4.80000000E+04     2.48500000E+02     3.25285750E-02     8.47467330E+00     1.25600150E+00     5.36577138E-01     3.04404430E+02     8.00598370E-01     2.76570000E-06     1.56905010E-03     4.12650000E-06
    4.80000000E+04     2.52250000E+02     3.30194486E-02     8.47467330E+00     1.25600150E+00     5.87266921E-01     3.19081222E+02     8.76085583E-01     2.93700000E-06     1.59603660E-03     4.38130000E-06
    4.80000000E+04     2.57250000E+02     3.36739473E-02     8.47467330E+00     1.25600150E+00     6.60685155E-01     3.39383570E+02     9.85393000E-01     3.17700000E-06     1.63224600E-03     4.73840000E-06
    4.80000000E+04     2.62250000E+02     3.43284456E-02     8.47467330E+00     1.25600150E+00     7.41600310E-01     3.60587729E+02     1.10582603E+00     3.43140000E-06     1.66873380E-03     5.11670000E-06
    4.80000000E+04     2.67250000E+02     3.49829442E-02     8.47467330E+00     1.25600150E+00     8.30613046E-01     3.82719102E+02     1.23827094E+00     3.70080000E-06     1.70550610E-03     5.51720000E-06
    4.80000000E+04     2.72250000E+02     3.56374426E-02     8.47467330E+00     1.25600150E+00     9.28359461E-01     4.05803567E+02     1.38366568E+00     3.98590000E-06     1.74256910E-03     5.94070000E-06
    4.80000000E+04     2.77250000E+02     3.62919412E-02     8.47467330E+00     1.25600150E+00     1.03551252E+00     4.29867517E+02     1.54300189E+00     4.28700000E-06     1.77992930E-03     6.38810000E-06
    4.80000000E+04     2.82250000E+02     3.69464396E-02     8.47467330E+00     1.25600150E+00     1.15278341E+00     4.54937837E+02     1.71732684E+00     4.60500000E-06     1.81759290E-03     6.86020000E-06
    4.80000000E+04     2.87250000E+02     3.76009381E-02     8.47467330E+00     1.25600150E+00     1.28092287E+00     4.81041926E+02     1.90774527E+00     4.94030000E-06     1.85556630E-03     7.35790000E-06
    4.80000000E+04     2.92250000E+02     3.82554366E-02     8.47467330E+00     1.25600150E+00     1.42072283E+00     5.08207723E+02     2.11542168E+00     5.29370000E-06     1.89385600E-03     7.88210000E-06
    4.80000000E+04     2.97250000E+02     3.89099351E-02     8.47467330E+00     1.25600150E+00     1.57301771E+00     5.36463710E+02     2.34158231E+00     5.66560000E-06     1.93246850E-03     8.43380000E-06
    4.80000000E+04     3.02250000E+02     3.95644336E-02     8.47467330E+00     1.25600150E+00     1.73868629E+00     5.65838937E+02     2.58751733E+00     6.05690000E-06     1.97141020E-03     9.01390000E-06
    4.80000000E+04     3.07250000E+02     4.02189321E-02     8.47467330E+00     1.25600150E+00     1.91865246E+00     5.96362976E+02     2.85458247E+00     6.46810000E-06     2.01068780E-03     9.62330000E-06
    4.80000000E+04     3.12250000E+02     4.08734305E-02     8.47467330E+00     1.25600150E+00     2.11388779E+00     6.28066041E+02     3.14420213E+00     6.89990000E-06     2.05030790E-03     1.02630000E-05
    4.80000000E+04     3.17250000E+02     4.15279291E-02     8.47467330E+00     1.25600150E+00     2.32541241E+00     6.60978904E+02     3.45787079E+00     7.35300000E-06     2.09027710E-03     1.09339000E-05
    4.80000000E+04     3.22250000E+02     4.21824275E-02     8.47467330E+00     1.25600150E+00     2.55429683E+00     6.95132955E+02     3.79715556E+00     7.82810000E-06     2.13060220E-03     1.16371000E-05
    4.80000000E+04     3.27250000E+02     4.28369260E-02     8.47467330E+00     1.25600150E+00     2.80166359E+00     7.30560195E+02     4.16369826E+00     8.32590000E-06     2.17129000E-03     1.23736000E-05
    4.80000000E+04     3.32250000E+02     4.34914245E-02     8.47467330E+00     1.25600150E+00     3.06868885E+00     7.67293253E+02     4.55921786E+00     8.84710000E-06     2.21234730E-03     1.31443000E-05
    4.80000000E+04     3.37250000E+02     4.41459230E-02     8.47467330E+00     1.25600150E+00     3.35660448E+00     8.05365449E+02     4.98551323E+00     9.39240000E-06     2.25378090E-03     1.39504000E-05
    4.80000000E+04     3.42250000E+02     4.48004215E-02     8.47467330E+00     1.25600150E+00     3.66669898E+00     8.44810697E+02     5.44446424E+00     9.96250000E-06     2.29559780E-03     1.47928000E-05
    4.80000000E+04     3.47250000E+02     4.54549200E-02     8.47467330E+00     1.25600150E+00     4.00032019E+00     8.85663648E+02     5.93803570E+00     1.05583000E-05     2.33780500E-03     1.56726000E-05
    4.80000000E+04     3.52250000E+02     4.61094185E-02     8.47467330E+00     1.25600150E+00     4.35887636E+00     9.27959615E+02     6.46827879E+00     1.11804000E-05     2.38040950E-03     1.65910000E-05
    4.80000000E+04     3.57250000E+02     4.67639169E-02     8.47467330E+00     1.25600150E+00     4.74383812E+00     9.71734600E+02     7.03733343E+00     1.18297000E-05     2.42341840E-03     1.75489000E-05
    4.80000000E+04     3.62250000E+02     4.74184155E-02     8.47467330E+00     1.25600150E+00     5.15674084E+00     1.01702538E+03     7.64743193E+00     1.25068000E-05     2.46683900E-03     1.85476000E-05
    4.80000000E+04     3.67250000E+02     4.80729139E-02     8.47467330E+00     1.25600150E+00     5.59918500E+00     1.06386935E+03     8.30089894E+00     1.32127000E-05     2.51067820E-03     1.95881000E-05
    4.80000000E+04     3.72250000E+02     4.87274124E-02     8.47467330E+00     1.25600150E+00     6.07284066E+00     1.11230482E+03     9.00015807E+00     1.39481000E-05     2.55494350E-03     2.06715000E-05
    4.80000000E+04     3.77250000E+02     4.93819109E-02     8.47467330E+00     1.25600150E+00     6.57944622E+00     1.16237069E+03     9.74772967E+00     1.47138000E-05     2.59964210E-03     2.17991000E-05
    4.80000000E+04     3.82250000E+02     5.00364094E-02     8.47467330E+00     1.25600150E+00     7.12081282E+00     1.21410672E+03     1.05462366E+01     1.55106000E-05     2.64478140E-03     2.29719000E-05
    4.80000000E+04     3.87250000E+02     5.06909078E-02     8.47467330E+00     1.25600150E+00     7.69882598E+00     1.26755353E+03     1.13984077E+01     1.63395000E-05     2.69036900E-03     2.41912000E-05
    4.80000000E+04     3.92250000E+02     5.13454064E-02     8.47467330E+00     1.25600150E+00     8.31544597E+00     1.32275246E+03     1.23070763E+01     1.72011000E-05     2.73641220E-03     2.54582000E-05
    4.80000000E+04     3.97250000E+02     5.19999048E-02     8.47467330E+00     1.25600150E+00     8.97271200E+00     1.37974569E+03     1.32751872E+01     1.80965000E-05     2.78291880E-03     2.67739000E-05
    4.80000000E+04     4.02250000E+02     5.26544034E-02     8.47467330E+00     1.25600150E+00     9.67274222E+00     1.43857625E+03     1.43057959E+01     1.90264000E-05     2.82989620E-03     2.81398000E-05
    4.80000000E+04     4.07250000E+02     5.33089018E-02     8.47467330E+00     1.25600150E+00     1.04177373E+01     1.49928801E+03     1.54020742E+01     1.99918000E-05     2.87735210E-03     2.95569000E-05
    4.80000000E+04     4.12250000E+02     5.39634004E-02     8.47467330E+00     1.25600150E+00     1.12099822E+01     1.56192574E+03     1.65673104E+01     2.09936000E-05     2.92529440E-03     3.10266000E-05
    4.80000000E+04     4.17250000E+02     5.46178987E-02     8.47467330E+00     1.25600150E+00     1.20518482E+01     1.62653510E+03     1.78049156E+01     2.20325000E-05     2.97373090E-03     3.25500000E-05
    4.80000000E+04     4.22250000E+02     5.52723974E-02     8.47467330E+00     1.25600150E+00     1.29457948E+01     1.69316268E+03     1.91184221E+01     2.31097000E-05     3.02266940E-03     3.41286000E-05
    4.80000000E+04     4.27250000E+02     5.59268957E-02     8.47467330E+00     1.25600150E+00     1.38943717E+01     1.76185590E+03     2.05114884E+01     2.42259000E-05     3.07211800E-03     3.57634000E-05
    4.80000000E+04     4.32250000E+02     5.65813943E-02     8.47467330E+00     1.25600150E+00     1.49002232E+01     1.83266329E+03     2.19879043E+01     2.53822000E-05     3.12208460E-03     3.74560000E-05
    4.80000000E+04     4.37250000E+02     5.72358927E-02     8.47467330E+00     1.25600150E+00     1.59660858E+01     1.90563414E+03     2.35515879E+01     2.65795000E-05     3.17257730E-03     3.92075000E-05
    4.80000000E+04     4.42250000E+02     5.78903913E-02     8.47467330E+00     1.25600150E+00     1.70947972E+01     1.98081892E+03     2.52065966E+01     2.78187000E-05     3.22360440E-03     4.10192000E-05
    4.80000000E+04     4.47250000E+02     5.85448896E-02     8.47467330E+00     1.25600150E+00     1.82892911E+01     2.05826892E+03     2.69571206E+01     2.91009000E-05     3.27517400E-03     4.28926000E-05
    4.80000000E+04     4.52250000E+02     5.91993883E-02     8.47467330E+00     1.25600150E+00     1.95526050E+01     2.13803654E+03     2.88074936E+01     3.04269000E-05     3.32729440E-03     4.48290000E-05
    4.80000000E+04     4.57250000E+02     5.98538866E-02     8.47467330E+00     1.25600150E+00     2.08878823E+01     2.22017527E+03     3.07621940E+01     3.17979000E-05     3.37997420E-03     4.68297000E-05
    4.80000000E+04     4.62250000E+02     6.05083853E-02     8.47467330E+00     1.25600150E+00     2.22983696E+01     2.30473946E+03     3.28258420E+01     3.32148000E-05     3.43322160E-03     4.88962000E-05
    4.80000000E+04     4.67250000E+02     6.11628836E-02     8.47467330E+00     1.25600150E+00     2.37874277E+01     2.39178484E+03     3.50032156E+01     3.46786000E-05     3.48704540E-03     5.10297000E-05
    4.80000000E+04     4.72250000E+02     6.18173822E-02     8.47467330E+00     1.25600150E+00     2.53585233E+01     2.48136790E+03     3.72992355E+01     3.61904000E-05     3.54145400E-03     5.32317000E-05
    4.80000000E+04     4.77250000E+02     6.24718806E-02     8.47467330E+00     1.25600150E+00     2.70152426E+01     2.57354646E+03     3.97189859E+01     3.77513000E-05     3.59645620E-03     5.55036000E-05
    4.80000000E+04     4.82250000E+02     6.31263792E-02     8.47467330E+00     1.25600150E+00     2.87612834E+01     2.66837936E+03     4.22677030E+01     3.93622000E-05     3.65206070E-03     5.78469000E-05
    4.80000000E+04     4.87250000E+02     6.37808776E-02     8.47467330E+00     1.25600150E+00     3.06004691E+01     2.76592673E+03     4.49507935E+01     4.10242000E-05     3.70827650E-03     6.02629000E-05
    4.80000000E+04     4.92250000E+02     6.44353761E-02     8.47467330E+00     1.25600150E+00     3.25367392E+01     2.86624972E+03     4.77738212E+01     4.27385000E-05     3.76511240E-03     6.27532000E-05
    4.80000000E+04     4.97250000E+02     6.50898746E-02     8.47467330E+00     1.25600150E+00     3.45741607E+01     2.96941077E+03     5.07425217E+01     4.45061000E-05     3.82257750E-03     6.53191000E-05
    4.80000000E+04     5.12250000E+02     6.70533701E-02     8.47467330E+00     1.25600150E+00     4.14546535E+01     3.29966510E+03     6.07529791E+01     5.01976000E-05     3.99950520E-03     7.35675000E-05
    4.80000000E+04     5.37250000E+02     7.03258625E-02     8.47467330E+00     1.25600150E+00     5.51899026E+01     3.90822841E+03     8.06878550E+01     6.07646000E-05     4.30677290E-03     8.88399000E-05
    4.80000000E+04     5.62250000E+02     7.35983549E-02     8.47467330E+00     1.25600150E+00     7.25313286E+01     4.60333025E+03     1.05772009E+02     7.29243000E-05     4.63190440E-03     1.06347100E-04
    4.80000000E+04     5.87250000E+02     7.68708474E-02     8.47467330E+00     1.25600150E+00     9.42021120E+01     5.39480065E+03     1.37007224E+02     8.68307000E-05     4.97616440E-03     1.26288800E-04
    4.80000000E+04     6.12250000E+02     8.01433398E-02     8.47467330E+00     1.25600150E+00     1.21029995E+02     6.29344267E+03     1.75530834E+02     1.02645800E-04     5.34088120E-03     1.48871000E-04
    4.80000000E+04     6.37250000E+02     8.34158323E-02     8.47467330E+00     1.25600150E+00     1.53957152E+02     7.31111918E+03     2.22626240E+02     1.20539000E-04     5.72745190E-03     1.74306200E-04
    4.80000000E+04     6.62250000E+02     8.66883247E-02     8.47467330E+00     1.25600150E+00     1.94050558E+02     8.46084676E+03     2.79733544E+02     1.40687500E-04     6.13734720E-03     2.02812100E-04
    4.80000000E+04     6.87250000E+02     8.99608171E-02     8.47467330E+00     1.25600150E+00     2.42512911E+02     9.75689803E+03     3.48460251E+02     1.63276300E-04     6.57211670E-03     2.34612000E-04
    4.80000000E+04     7.12250000E+02     9.32333096E-02     8.47467330E+00     1.25600150E+00     3.00694043E+02     1.12149116E+04     4.30591928E+02     1.88498200E-04     7.03339470E-03     2.69933700E-04
    4.80000000E+04     7.37250000E+02     9.65058020E-02     8.47467330E+00     1.25600150E+00     3.70102923E+02     1.28520118E+04     5.28102826E+02     2.16554400E-04     7.52290670E-03     3.09009500E-04
    4.80000000E+04     7.62250000E+02     9.97782956E-02     8.47467330E+00     1.25600150E+00     4.52420229E+02     1.46869398E+04     6.43166384E+02     2.47653900E-04     8.04247600E-03     3.52075300E-04
    4.80000000E+04     7.87250000E+02     1.03050786E-01     8.47467330E+00     1.25600150E+00     5.49511449E+02     1.67401936E+04     7.78165407E+02     2.82014400E-04     8.59403070E-03     3.99370200E-04
    4.80000000E+04     8.12250000E+02     1.06323279E-01     8.47467330E+00     1.25600150E+00     6.63440686E+02     1.90341832E+04     9.35702113E+02     3.19861900E-04     9.17961210E-03     4.51135700E-04
    4.80000000E+04     8.37250000E+02     1.09595772E-01     8.47467330E+00     1.25600150E+00     7.96485031E+02     2.15933978E+04     1.11860767E+03     3.61430800E-04     9.80138300E-03     5.07615300E-04
    4.80000000E+04     8.62250000E+02     1.12868265E-01     8.47467330E+00     1.25600150E+00     9.51149687E+02     2.44445896E+04     1.32995138E+03     4.06964800E-04     1.04616376E-02     5.69053700E-04
    4.80000000E+04     8.87250000E+02     1.16140756E-01     8.47467330E+00     1.25600150E+00     1.13018360E+03     2.76169727E+04     1.57304908E+03     4.56716400E-04     1.11628100E-02     6.35695900E-04
    4.80000000E+04     9.12250000E+02     1.19413249E-01     8.47467330E+00     1.25600150E+00     1.33659614E+03     3.11424427E+04     1.85147120E+03     5.10947200E-04     1.19074874E-02     7.07786700E-04
    4.80000000E+04     9.37250000E+02     1.22685742E-01     8.47467330E+00     1.25600150E+00     1.57367424E+03     3.50558151E+04     2.16904971E+03     5.69928400E-04     1.26984206E-02     7.85569800E-04
    4.80000000E+04     9.62250000E+02     1.25958235E-01     8.47467330E+00     1.25600150E+00     1.84500054E+03     3.93950875E+04     2.52988432E+03     6.33941000E-04     1.35385374E-02     8.69286500E-04
    4.80000000E+04     9.87250000E+02     1.29230725E-01     8.47467330E+00     1.25600150E+00     2.15447242E+03     4.42017274E+04     2.93834767E+03     7.03276000E-04     1.44309573E-02     9.59175600E-04
    4.80000000E+04     1.01225000E+03     1.32503218E-01     8.47467330E+00     1.25600150E+00     2.50632172E+03     4.95209860E+04     3.39908905E+03     7.78234600E-04     1.53790059E-02     1.05547140E-03
    4.80000000E+04     1.03725000E+03     1.35775712E-01     8.47467330E+00     1.25600150E+00     2.90513587E+03     5.54022467E+04     3.91703735E+03     8.59128800E-04     1.63862335E-02     1.15840360E-03
    4.80000000E+04     1.06225000E+03     1.39048205E-01     8.47467330E+00     1.25600150E+00     3.35587980E+03     6.18994059E+04     4.49740202E+03     9.46281600E-04     1.74564330E-02     1.26819550E-03
    4.80000000E+04     1.08725000E+03     1.42320695E-01     8.47467330E+00     1.25600150E+00     3.86391889E+03     6.90712911E+04     5.14567237E+03     1.04002740E-03     1.85936594E-02     1.38506330E-03
    4.80000000E+04     1.11225000E+03     1.45593188E-01     8.47467330E+00     1.25600150E+00     4.43504372E+03     7.69821275E+04     5.86761572E+03     1.14071270E-03     1.98022541E-02     1.50921430E-03
    4.80000000E+04     1.13725000E+03     1.48865681E-01     8.47467330E+00     1.25600150E+00     5.07549548E+03     8.57020452E+04     6.66927257E+03     1.24869640E-03     2.10868672E-02     1.64084650E-03
    4.80000000E+04     1.16225000E+03     1.52138175E-01     8.47467330E+00     1.25600150E+00     5.79199333E+03     9.53076452E+04     7.55695023E+03     1.36435030E-03     2.24524861E-02     1.78014620E-03
    4.80000000E+04     1.18725000E+03     1.55410665E-01     8.47467330E+00     1.25600150E+00     6.59176350E+03     1.05882626E+05     8.53721424E+03     1.48806000E-03     2.39044649E-02     1.92728730E-03
    4.80000000E+04     1.21225000E+03     1.58683158E-01     8.47467330E+00     1.25600150E+00     7.48256994E+03     1.17518475E+05     9.61687678E+03     1.62022530E-03     2.54485566E-02     2.08242970E-03
    4.80000000E+04     1.23725000E+03     1.61955651E-01     8.47467330E+00     1.25600150E+00     8.47274674E+03     1.30315231E+05     1.08029822E+04     1.76126130E-03     2.70909484E-02     2.24571750E-03
    4.80000000E+04     1.26225000E+03     1.65228144E-01     8.47467330E+00     1.25600150E+00     9.57123356E+03     1.44382341E+05     1.21027904E+04     1.91159900E-03     2.88383034E-02     2.41727750E-03
    4.80000000E+04     1.28725000E+03     1.68500635E-01     8.47467330E+00     1.25600150E+00     1.07876128E+04     1.59839604E+05     1.35237562E+04     2.07168660E-03     3.06978018E-02     2.59721780E-03
    4.80000000E+04     1.31225000E+03     1.71773127E-01     8.47467330E+00     1.25600150E+00     1.21321494E+04     1.76818219E+05     1.50735056E+04     2.24198990E-03     3.26771905E-02     2.78562570E-03
    4.80000000E+04     1.33725000E+03     1.75045621E-01     8.47467330E+00     1.25600150E+00     1.36158356E+04     1.95461969E+05     1.67598105E+04     2.42299460E-03     3.47848373E-02     2.98256640E-03
    4.80000000E+04     1.36225000E+03     1.78318114E-01     8.47467330E+00     1.25600150E+00     1.52504361E+04     2.15928511E+05     1.85905562E+04     2.61520690E-03     3.70297881E-02     3.18808070E-03
    4.80000000E+04     1.38725000E+03     1.81590605E-01     8.47467330E+00     1.25600150E+00     1.70485401E+04     2.38390848E+05     2.05737091E+04     2.81915520E-03     3.94218341E-02     3.40218400E-03
    4.80000000E+04     1.41225000E+03     1.84863097E-01     8.47467330E+00     1.25600150E+00     1.90236154E+04     2.63038939E+05     2.27172772E+04     3.03539190E-03     4.19715821E-02     3.62486390E-03
    4.80000000E+04     1.43725000E+03     1.88135590E-01     8.47467330E+00     1.25600150E+00     2.11900712E+04     2.90081547E+05     2.50292735E+04     3.26449560E-03     4.46905383E-02     3.85607910E-03
    4.80000000E+04     1.46225000E+03     1.91408084E-01     8.47467330E+00     1.25600150E+00     2.35633218E+04     3.19748253E+05     2.75176676E+04     3.50707290E-03     4.75911941E-02     4.09575760E-03
    4.80000000E+04     1.48725000E+03     1.94680575E-01     8.47467330E+00     1.25600150E+00     2.61598621E+04     3.52291759E+05     3.01903426E+04     3.76376160E-03     5.06871288E-02     4.34379560E-03
    4.80000000E+04     1.51225000E+03     1.97953067E-01     8.47467330E+00     1.25600150E+00     2.89973461E+04     3.87990439E+05     3.30550444E+04     4.03523260E-03     5.39931166E-02     4.60005580E-03
    4.80000000E+04     1.53725000E+03     2.01225560E-01     8.47467330E+00     1.25600150E+00     3.20946765E+04     4.27151210E+05     3.61193322E+04     4.32219400E-03     5.75252505E-02     4.86436740E-03
    4.80000000E+04     1.56225000E+03     2.04498053E-01     8.47467330E+00     1.25600150E+00     3.54721089E+04     4.70112806E+05     3.93905330E+04     4.62539480E-03     6.13010823E-02     5.13652530E-03
    4.80000000E+04     1.58725000E+03     2.07770545E-01     8.47467330E+00     1.25600150E+00     3.91513571E+04     5.17249363E+05     4.28756889E+04     4.94562840E-03     6.53397690E-02     5.41629040E-03
    4.80000000E+04     1.61225000E+03     2.11043037E-01     8.47467330E+00     1.25600150E+00     4.31557219E+04     5.68974548E+05     4.65815173E+04     5.28373820E-03     6.96622468E-02     5.70339040E-03
    4.80000000E+04     1.63725000E+03     2.14315530E-01     8.47467330E+00     1.25600150E+00     4.75102291E+04     6.25746148E+05     5.05143721E+04     5.64062230E-03     7.42914161E-02     5.99752180E-03
    4.80000000E+04     1.66225000E+03     2.17588023E-01     8.47467330E+00     1.25600150E+00     5.22417927E+04     6.88071290E+05     5.46802240E+04     6.01724060E-03     7.92523559E-02     6.29835310E-03
    4.80000000E+04     1.68725000E+03     2.20860515E-01     8.47467330E+00     1.25600150E+00     5.73793924E+04     7.56512288E+05     5.90846502E+04     6.41462160E-03     8.45725560E-02     6.60552930E-03
    4.80000000E+04     1.71225000E+03     2.24133006E-01     8.47467330E+00     1.25600150E+00     6.29542767E+04     8.31693232E+05     6.37328472E+04     6.83387040E-03     9.02821762E-02     6.91867810E-03
    4.80000000E+04     1.73725000E+03     2.27405499E-01     8.47467330E+00     1.25600150E+00     6.90001980E+04     9.14307448E+05     6.86296796E+04     7.27617820E-03     9.64143372E-02     7.23741900E-03
    4.80000000E+04     1.76225000E+03     2.30677993E-01     8.47467330E+00     1.25600150E+00     7.55536801E+04     1.00512591E+06     7.37797713E+04     7.74283300E-03     1.03005445E-01     7.56137520E-03
    4.80000000E+04     1.78725000E+03     2.33950485E-01     8.47467330E+00     1.25600150E+00     8.26543239E+04     1.10500669E+06     7.91876506E+04     8.23523230E-03     1.10095545E-01     7.89018910E-03
    4.80000000E+04     1.81225000E+03     2.37222976E-01     8.47467330E+00     1.25600150E+00     9.03451553E+04     1.21490563E+06     8.48579674E+04     8.75489680E-03     1.17728720E-01     8.22354200E-03
    4.80000000E+04     1.83725000E+03     2.40495469E-01     8.47467330E+00     1.25600150E+00     9.86730303E+04     1.33588831E+06     9.07958094E+04     9.30348650E-03     1.25953526E-01     8.56118030E-03
    4.80000000E+04     1.86225000E+03     2.43767962E-01     8.47467330E+00     1.25600150E+00     1.07689099E+05     1.46914353E+06     9.70071413E+04     9.88281960E-03     1.34823472E-01     8.90294780E-03
    4.80000000E+04     1.88725000E+03     2.47040455E-01     8.47467330E+00     1.25600150E+00     1.17449343E+05     1.61599843E+06     1.03499403E+05     1.04948937E-02     1.44397548E-01     9.24882760E-03
    4.80000000E+04     1.91225000E+03     2.50312946E-01     8.47467330E+00     1.25600150E+00     1.28015190E+05     1.77793527E+06     1.10282303E+05     1.11419095E-02     1.54740797E-01     9.59899340E-03
    4.80000000E+04     1.93725000E+03     2.53585439E-01     8.47467330E+00     1.25600150E+00     1.39454235E+05     1.95661032E+06     1.17368883E+05     1.18262999E-02     1.65924934E-01     9.95387530E-03
    4.80000000E+04     1.96225000E+03     2.56857932E-01     8.47467330E+00     1.25600150E+00     1.51841054E+05     2.15387447E+06     1.24776884E+05     1.25507601E-02     1.78029006E-01     1.03142397E-02
    4.80000000E+04     1.98725000E+03     2.60130425E-01     8.47467330E+00     1.25600150E+00     1.65258154E+05     2.37179624E+06     1.32530534E+05     1.33182843E-02     1.91140089E-01     1.06812904E-02
    4.80000000E+04     2.01225000E+03     2.63402915E-01     8.47467330E+00     1.25600150E+00     1.79797079E+05     2.61268648E+06     1.40662850E+05     1.41322065E-02     2.05354009E-01     1.10567920E-02
    4.80000000E+04     2.03725000E+03     2.66675408E-01     8.47467330E+00     1.25600150E+00     1.95559645E+05     2.87912536E+06     1.49218551E+05     1.49962455E-02     2.20776070E-01     1.14432228E-02
    4.80000000E+04     2.06225000E+03     2.69947902E-01     8.47467330E+00     1.25600150E+00     2.12659380E+05     3.17399054E+06     1.58257786E+05     1.59145563E-02     2.37521748E-01     1.18439606E-02
    4.80000000E+04     2.08725000E+03     2.73220395E-01     8.47467330E+00     1.25600150E+00     2.31223162E+05     3.50048685E+06     1.67860819E+05     1.68917869E-02     2.55717339E-01     1.22635128E-02
    4.80000000E+04     2.11225000E+03     2.76492885E-01     8.47467330E+00     1.25600150E+00     2.51393028E+05     3.86217551E+06     1.78133887E+05     1.79331383E-02     2.75500452E-01     1.27077901E-02
    4.80000000E+04     2.13725000E+03     2.79765378E-01     8.47467330E+00     1.25600150E+00     2.73328263E+05     4.26300263E+06     1.89216549E+05     1.90444323E-02     2.97020336E-01     1.31844438E-02
    4.80000000E+04     2.16225000E+03     2.83037871E-01     8.47467330E+00     1.25600150E+00     2.97207639E+05     4.70732373E+06     2.01290715E+05     2.02321788E-02     3.20437835E-01     1.37032642E-02
    4.80000000E+04     2.18725000E+03     2.86310365E-01     8.47467330E+00     1.25600150E+00     3.23231855E+05     5.19992198E+06     2.14591753E+05     2.15036455E-02     3.45924905E-01     1.42766563E-02
    4.80000000E+04     2.21225000E+03     2.89582855E-01     8.47467330E+00     1.25600150E+00     3.51626133E+05     5.74601569E+06     2.29422008E+05     2.28669240E-02     3.73663440E-01     1.49202006E-02
    4.80000000E+04     2.23725000E+03     2.92855348E-01     8.47467330E+00     1.25600150E+00     3.82642831E+05     6.35124939E+06     2.46167043E+05     2.43309869E-02     4.03843175E-01     1.56533007E-02
    4.80000000E+04     2.26225000E+03     2.96127841E-01     8.47467330E+00     1.25600150E+00     4.16563960E+05     7.02166065E+06     2.65314897E+05     2.59057269E-02     4.36658311E-01     1.64999238E-02
    4.80000000E+04     2.28725000E+03     2.99400334E-01     8.47467330E+00     1.25600150E+00     4.53703284E+05     7.76361213E+06     2.87478508E+05     2.76019651E-02     4.72302454E-01     1.74894217E-02
    4.80000000E+04     2.31225000E+03     3.02672825E-01     8.47467330E+00     1.25600150E+00     4.94407890E+05     8.58367840E+06     3.13421349E+05     2.94314193E-02     5.10961493E-01     1.86574219E-02
    4.80000000E+04     2.33725000E+03     3.05945317E-01     8.47467330E+00     1.25600150E+00     5.39058400E+05     9.48846900E+06     3.44085660E+05     3.14065977E-02     5.52803666E-01     2.00467380E-02
    4.80000000E+04     2.36225000E+03     3.09217811E-01     8.47467330E+00     1.25600150E+00     5.88067580E+05     1.04843739E+07     3.80622493E+05     3.35406101E-02     5.97966496E-01     2.17082470E-02
    4.80000000E+04     2.38725000E+03     3.12490304E-01     8.47467330E+00     1.25600150E+00     6.41876234E+05     1.15772103E+07     4.24421564E+05     3.58468490E-02     6.46539893E-01     2.37016231E-02
    4.80000000E+04     2.41225000E+03     3.15762795E-01     8.47467330E+00     1.25600150E+00     7.00945612E+05     1.27717537E+07     4.77138051E+05     3.83385158E-02     6.98545156E-01     2.60957880E-02
    4.80000000E+04     2.43725000E+03     3.19035287E-01     8.47467330E+00     1.25600150E+00     7.65745188E+05     1.40711434E+07     5.40711950E+05     4.10279603E-02     7.53909882E-01     2.89688795E-02
    4.80000000E+04     2.46225000E+03     3.22307780E-01     8.47467330E+00     1.25600150E+00     8.36734676E+05     1.54761559E+07     6.17373920E+05     4.39257930E-02     8.12439304E-01     3.24074876E-02
    4.80000000E+04     2.48725000E+03     3.25580274E-01     8.47467330E+00     1.25600150E+00     9.14339586E+05     1.69843695E+07     7.09630181E+05     4.70397786E-02     8.73785651E-01     3.65048753E-02
    4.80000000E+04     2.52475000E+03     3.30489011E-01     8.47467330E+00     1.25600150E+00     1.04482621E+06     1.94342923E+07     8.86119211E+05     5.21492478E-02     9.70008103E-01     4.42100969E-02
    4.80000000E+04     2.57475000E+03     3.37033997E-01     8.47467330E+00     1.25600150E+00     1.24310601E+06     2.29386128E+07     1.19934041E+06     5.96607074E-02     1.10094898E+00     5.75353532E-02
    4.80000000E+04     2.62475000E+03     3.43578981E-01     8.47467330E+00     1.25600150E+00     1.46966259E+06     2.65565863E+07     1.62431700E+06     6.78744564E-02     1.22658937E+00     7.49845259E-02
    4.80000000E+04     2.67475000E+03     3.50123966E-01     8.47467330E+00     1.25600150E+00     1.72023501E+06     3.00160082E+07     2.17436343E+06     7.65076038E-02     1.33513950E+00     9.66655566E-02
    4.80000000E+04     2.72475000E+03     3.56668951E-01     8.47467330E+00     1.25600150E+00     1.98715954E+06     3.30069185E+07     2.84846988E+06     8.51695118E-02     1.41491747E+00     1.22040402E-01
    4.80000000E+04     2.77475000E+03     3.63213936E-01     8.47467330E+00     1.25600150E+00     2.26110198E+06     3.52643772E+07     3.62871197E+06     9.34543199E-02     1.45782730E+00     1.49931817E-01
    4.80000000E+04     2.82475000E+03     3.69758920E-01     8.47467330E+00     1.25600150E+00     2.53387755E+06     3.66487348E+07     4.48437048E+06     1.01058540E-01     1.46200954E+00     1.78802448E-01
    4.80000000E+04     2.87475000E+03     3.76303906E-01     8.47467330E+00     1.25600150E+00     2.80093061E+06     3.71785698E+07     5.38130698E+06     1.07861529E-01     1.43209122E+00     2.07184930E-01
    4.80000000E+04     2.92475000E+03     3.82848890E-01     8.47467330E+00     1.25600150E+00     3.06222889E+06     3.70021225E+07     6.29151906E+06     1.13929763E-01     1.37703979E+00     2.34034978E-01
    4.80000000E+04     2.97475000E+03     3.89393875E-01     8.47467330E+00     1.25600150E+00     3.32148004E+06     3.63329499E+07     7.19841326E+06     1.19458281E-01     1.30709987E+00     2.58859455E-01
    4.80000000E+04     3.02475000E+03     3.95938860E-01     8.47467330E+00     1.25600150E+00     3.58452836E+06     3.53879444E+07     8.09696226E+06     1.24693469E-01     1.23137593E+00     2.81637624E-01
    4.80000000E+04     3.07475000E+03     4.02483845E-01     8.47467330E+00     1.25600150E+00     3.85785194E+06     3.43497028E+07     8.99074856E+06     1.29873095E-01     1.15669202E+00     3.02648156E-01
    4.80000000E+04     3.12475000E+03     4.09028830E-01     8.47467330E+00     1.25600150E+00     4.14759509E+06     3.33541979E+07     9.88829204E+06     1.35194808E-01     1.08750321E+00     3.22301932E-01
    4.80000000E+04     3.17475000E+03     4.15573815E-01     8.47467330E+00     1.25600150E+00     4.45912780E+06     3.24944102E+07     1.08000545E+07     1.40807275E-01     1.02634571E+00     3.41025286E-01
    4.80000000E+04     3.22475000E+03     4.22118800E-01     8.47467330E+00     1.25600150E+00     4.79693734E+06     3.18303659E+07     1.17364692E+07     1.46813425E-01     9.74417860E-01     3.59195231E-01
    4.80000000E+04     3.27475000E+03     4.28663784E-01     8.47467330E+00     1.25600150E+00     5.16465882E+06     3.13996725E+07     1.27067999E+07     1.53277592E-01     9.32083893E-01     3.77111023E-01
    4.80000000E+04     3.32475000E+03     4.35208770E-01     8.47467330E+00     1.25600150E+00     5.56511500E+06     3.12259951E+07     1.37184976E+07     1.60231965E-01     8.99237395E-01     3.94985513E-01
    4.80000000E+04     3.37475000E+03     4.41753754E-01     8.47467330E+00     1.25600150E+00     6.00029756E+06     3.13248572E+07     1.47767796E+07     1.67680503E-01     8.75531277E-01     4.12944762E-01
    4.80000000E+04     3.42475000E+03     4.48298739E-01     8.47467330E+00     1.25600150E+00     6.47125991E+06     3.17069380E+07     1.58842516E+07     1.75600000E-01     8.60502784E-01     4.31029448E-01
    4.80000000E+04     3.47475000E+03     4.54843724E-01     8.47467330E+00     1.25600150E+00     6.97792242E+06     3.23792321E+07     1.70404976E+07     1.83938807E-01     8.53622165E-01     4.49195745E-01
    4.80000000E+04     3.52475000E+03     4.61388709E-01     8.47467330E+00     1.25600150E+00     7.51881379E+06     3.33443894E+07     1.82416508E+07     1.92614318E-01     8.54287174E-01     4.67316060E-01
    4.80000000E+04     3.57475000E+03     4.67933693E-01     8.47467330E+00     1.25600150E+00     8.09080825E+06     3.45985335E+07     1.94800542E+07     2.01510913E-01     8.61780913E-01     4.85182367E-01
    4.80000000E+04     3.62475000E+03     4.74478679E-01     8.47467330E+00     1.25600150E+00     8.68896272E+06     3.61279639E+07     2.07442214E+07     2.10480847E-01     8.75210008E-01     5.02516751E-01
    4.80000000E+04     3.67475000E+03     4.81023663E-01     8.47467330E+00     1.25600150E+00     9.30660184E+06     3.79054634E+07     2.20193851E+07     2.19351000E-01     8.93444018E-01     5.18994504E-01
    4.80000000E+04     3.72475000E+03     4.87568649E-01     8.47467330E+00     1.25600150E+00     9.93581712E+06     3.98873885E+07     2.32889253E+07     2.27938229E-01     9.15083430E-01     5.34284090E-01
    4.80000000E+04     3.77475000E+03     4.94113633E-01     8.47467330E+00     1.25600150E+00     1.05684918E+07     4.20131207E+07     2.45368138E+07     2.36074161E-01     9.38486619E-01     5.48103754E-01
    4.80000000E+04     3.82475000E+03     5.00658619E-01     8.47467330E+00     1.25600150E+00     1.11978119E+07     4.42084079E+07     2.57508720E+07     2.43636765E-01     9.61878569E-01     5.60287071E-01
    4.80000000E+04     3.87475000E+03     5.07203602E-01     8.47467330E+00     1.25600150E+00     1.18199772E+07     4.63932162E+07     2.69261481E+07     2.50581265E-01     9.83539753E-01     5.70840709E-01
    4.80000000E+04     3.92475000E+03     5.13748589E-01     8.47467330E+00     1.25600150E+00     1.24356237E+07     4.84930167E+07     2.80673770E+07     2.56960165E-01     1.00203803E+00     5.79973976E-01
    4.80000000E+04     3.97475000E+03     5.20293572E-01     8.47467330E+00     1.25600150E+00     1.30504389E+07     5.04506289E+07     2.91895558E+07     2.62923684E-01     1.01643689E+00     5.88085167E-01
    4.80000000E+04     4.02475000E+03     5.26838559E-01     8.47467330E+00     1.25600150E+00     1.36746991E+07     5.22349968E+07     3.03162646E+07     2.68698478E-01     1.02641137E+00     5.95704656E-01
    4.80000000E+04     4.07475000E+03     5.33383542E-01     8.47467330E+00     1.25600150E+00     1.43218789E+07     5.38442951E+07     3.14762416E+07     2.74551228E-01     1.03223606E+00     6.03411979E-01
    4.80000000E+04     4.12475000E+03     5.39928528E-01     8.47467330E+00     1.25600150E+00     1.50068196E+07     5.53030106E+07     3.26993394E+07     2.80748889E-01     1.03465946E+00     6.11752678E-01
    4.80000000E+04     4.17475000E+03     5.46473512E-01     8.47467330E+00     1.25600150E+00     1.57440240E+07     5.66548035E+07     3.40130346E+07     2.87526727E-01     1.03471646E+00     6.21176892E-01
    4.80000000E+04     4.22475000E+03     5.53018498E-01     8.47467330E+00     1.25600150E+00     1.65464747E+07     5.79539281E+07     3.54402327E+07     2.95070202E-01     1.03353952E+00     6.32009846E-01
    4.80000000E+04     4.27475000E+03     5.59563481E-01     8.47467330E+00     1.25600150E+00     1.74250829E+07     5.92575758E+07     3.69984744E+07     3.03510486E-01     1.03221104E+00     6.44451277E-01
    4.80000000E+04     4.32475000E+03     5.66108468E-01     8.47467330E+00     1.25600150E+00     1.83886741E+07     6.06204328E+07     3.87002633E+07     3.12929956E-01     1.03167333E+00     6.58594533E-01
    4.80000000E+04     4.37475000E+03     5.72653451E-01     8.47467330E+00     1.25600150E+00     1.94443017E+07     6.20916362E+07     4.05540259E+07     3.23372601E-01     1.03269105E+00     6.74454085E-01
    4.80000000E+04     4.42475000E+03     5.79198437E-01     8.47467330E+00     1.25600150E+00     2.05977127E+07     6.37136986E+07     4.25653241E+07     3.34855699E-01     1.03585121E+00     6.91993895E-01
    4.80000000E+04     4.47475000E+03     5.85743421E-01     8.47467330E+00     1.25600150E+00     2.18538211E+07     6.55226999E+07     4.47380311E+07     3.47380203E-01     1.04158399E+00     7.11151665E-01
    4.80000000E+04     4.52475000E+03     5.92288407E-01     8.47467330E+00     1.25600150E+00     2.32171302E+07     6.75491557E+07     4.70753675E+07     3.60939052E-01     1.05019208E+00     7.31857938E-01
    4.80000000E+04     4.57475000E+03     5.98833391E-01     8.47467330E+00     1.25600150E+00     2.46920665E+07     6.98190862E+07     4.95807456E+07     3.75523142E-01     1.06187973E+00     7.54049876E-01
    4.80000000E+04     4.62475000E+03     6.05378377E-01     8.47467330E+00     1.25600150E+00     2.62832386E+07     7.23550261E+07     5.22584678E+07     3.91125393E-01     1.07677771E+00     7.77681101E-01
    4.80000000E+04     4.67475000E+03     6.11923361E-01     8.47467330E+00     1.25600150E+00     2.79956210E+07     7.51768084E+07     5.51142996E+07     4.07743257E-01     1.09496201E+00     8.02728445E-01
    4.80000000E+04     4.72475000E+03     6.18468346E-01     8.47467330E+00     1.25600150E+00     2.98346844E+07     7.83020592E+07     5.81559685E+07     4.25380097E-01     1.11646647E+00     8.29196721E-01
    4.80000000E+04     4.77475000E+03     6.25013331E-01     8.47467330E+00     1.25600150E+00     3.18064789E+07     8.17463885E+07     6.13936113E+07     4.44045756E-01     1.14128961E+00     8.57122113E-01
    4.80000000E+04     4.82475000E+03     6.31558316E-01     8.47467330E+00     1.25600150E+00     3.39176800E+07     8.55232843E+07     6.48401810E+07     4.63756494E-01     1.16939680E+00     8.86574488E-01
    4.80000000E+04     4.87475000E+03     6.38103300E-01     8.47467330E+00     1.25600150E+00     3.61755909E+07     8.96437211E+07     6.85118000E+07     4.84534364E-01     1.20071835E+00     9.17658628E-01
    4.80000000E+04     4.92475000E+03     6.44648286E-01     8.47467330E+00     1.25600150E+00     3.85881027E+07     9.41155351E+07     7.24280317E+07     5.06406056E-01     1.23514500E+00     9.50514107E-01
    4.80000000E+04     4.97475000E+03     6.51193270E-01     8.47467330E+00     1.25600150E+00     4.11635953E+07     9.89425965E+07     7.66120135E+07     5.29401122E-01     1.27252132E+00     9.85313339E-01
    4.80000000E+04     5.00000000E+03     6.54498490E-01     8.47467330E+00     1.25600150E+00     4.25215680E+07     1.01500470E+08     7.88221290E+07     5.41401410E-01     1.29234410E+00     1.00359450E+00
