    4.80000000E+04     5.00000000E-01     6.54498000E-05     7.43442200E+00     2.85417890E+00     0.00000000E+00     6.21190000E-06     0.00000000E+00     0.00000000E+00     7.90920000E-06     0.00000000E+00
    4.80000000E+04     1.00000000E+00     1.30899700E-04     7.43442200E+00     2.85417890E+00     0.00000000E+00     4.96950000E-05     0.00000000E+00     0.00000000E+00     1.58184000E-05     0.00000000E+00
    4.80000000E+04     1.50000000E+00     1.96349600E-04     7.43442200E+00     2.85417890E+00     0.00000000E+00     1.67720700E-04     0.00000000E+00     0.00000000E+00     2.37276000E-05     0.00000000E+00
    4.80000000E+04     2.00000000E+00     2.61799400E-04     7.43442200E+00     2.85417890E+00     0.00000000E+00     3.97560800E-04     0.00000000E+00     0.00000000E+00     3.16369000E-05     0.00000000E+00
    4.80000000E+04     2.50000000E+00     3.27249200E-04     7.43442200E+00     2.85417890E+00     0.00000000E+00     7.76487300E-04     0.00000000E+00     0.00000000E+00     3.95462000E-05     0.00000000E+00
    4.80000000E+04     3.00000000E+00     3.92699100E-04     7.43442200E+00     2.85417890E+00     0.00000000E+00     1.34177310E-03     0.00000000E+00     0.00000000E+00     4.74555000E-05     0.00000000E+00
    4.80000000E+04     3.50000000E+00     4.58148900E-04     7.43442200E+00     2.85417890E+00     0.00000000E+00     2.13069180E-03     0.00000000E+00     0.00000000E+00     5.53649000E-05     0.00000000E+00
    4.80000000E+04     4.00000000E+00     5.23598800E-04     7.43442200E+00     2.85417890E+00     0.00000000E+00     3.18051780E-03     0.00000000E+00     0.00000000E+00     6.32744000E-05     0.00000000E+00
    4.80000000E+04     4.50000000E+00     5.89048600E-04     7.43442200E+00     2.85417890E+00     0.00000000E+00     4.52852660E-03     0.00000000E+00     0.00000000E+00     7.11839000E-05     0.00000000E+00
    4.80000000E+04     5.00000000E+00     6.54498500E-04     7.43442200E+00     2.85417890E+00     0.00000000E+00     6.21199510E-03     1.00000000E-10     0.00000000E+00     7.90936000E-05     0.00000000E+00
    4.80000000E+04     5.50000000E+00     7.19948300E-04     7.43442200E+00     2.85417890E+00     1.00000000E-10     8.26820130E-03     1.00000000E-10     0.00000000E+00     8.70033000E-05     0.00000000E+00
    4.80000000E+04     6.00000000E+00     7.85398200E-04     7.43442200E+00     2.85417890E+00     1.00000000E-10     1.07344250E-02     2.00000000E-10     0.00000000E+00     9.49132000E-05     0.00000000E+00
    4.80000000E+04     6.50000000E+00     8.50848000E-04     7.43442200E+00     2.85417890E+00     2.00000000E-10     1.36479470E-02     3.00000000E-10     0.00000000E+00     1.02823100E-04     0.00000000E+00
    4.80000000E+04     7.00000000E+00     9.16297900E-04     7.43442200E+00     2.85417890E+00     3.00000000E-10     1.70460520E-02     4.00000000E-10     0.00000000E+00     1.10733200E-04     0.00000000E+00
    4.80000000E+04     7.50000000E+00     9.81747700E-04     7.43442200E+00     2.85417890E+00     4.00000000E-10     2.09660250E-02     6.00000000E-10     0.00000000E+00     1.18643400E-04     0.00000000E+00
    4.80000000E+04     8.00000000E+00     1.04719760E-03     7.43442200E+00     2.85417890E+00     6.00000000E-10     2.54451510E-02     9.00000000E-10     0.00000000E+00     1.26553800E-04     0.00000000E+00
    4.80000000E+04     8.50000000E+00     1.11264740E-03     7.43442200E+00     2.85417890E+00     9.00000000E-10     3.05207230E-02     1.30000000E-09     0.00000000E+00     1.34464300E-04     0.00000000E+00
    4.80000000E+04     9.00000000E+00     1.17809730E-03     7.43442200E+00     2.85417890E+00     1.20000000E-09     3.62300330E-02     1.80000000E-09     0.00000000E+00     1.42375000E-04     0.00000000E+00
    4.80000000E+04     9.50000000E+00     1.24354710E-03     7.43442200E+00     2.85417890E+00     1.70000000E-09     4.26103710E-02     2.50000000E-09     0.00000000E+00     1.50285900E-04     0.00000000E+00
    4.80000000E+04     1.00000000E+01     1.30899700E-03     7.43442200E+00     2.85417890E+00     2.30000000E-09     4.96990440E-02     3.40000000E-09     0.00000000E+00     1.58197000E-04     0.00000000E+00
    4.80000000E+04     1.05000000E+01     1.37444680E-03     7.43442200E+00     2.85417890E+00     3.10000000E-09     5.75333430E-02     4.60000000E-09     0.00000000E+00     1.66108200E-04     0.00000000E+00
    4.80000000E+04     1.10000000E+01     1.43989670E-03     7.43442200E+00     2.85417890E+00     4.10000000E-09     6.61505740E-02     6.10000000E-09     0.00000000E+00     1.74019700E-04     0.00000000E+00
    4.80000000E+04     1.15000000E+01     1.50534650E-03     7.43442200E+00     2.85417890E+00     5.30000000E-09     7.55880480E-02     8.00000000E-09     0.00000000E+00     1.81931400E-04     0.00000000E+00
    4.80000000E+04     1.20000000E+01     1.57079640E-03     7.43442200E+00     2.85417890E+00     6.80000000E-09     8.58830700E-02     1.03000000E-08     0.00000000E+00     1.89843300E-04     0.00000000E+00
    4.80000000E+04     1.25000000E+01     1.63624620E-03     7.43442200E+00     2.85417890E+00     8.70000000E-09     9.70729620E-02     1.31000000E-08     0.00000000E+00     1.97755400E-04     0.00000000E+00
    4.80000000E+04     1.30000000E+01     1.70169610E-03     7.43442200E+00     2.85417890E+00     1.11000000E-08     1.09195030E-01     1.66000000E-08     0.00000000E+00     2.05667800E-04     0.00000000E+00
    4.80000000E+04     1.35000000E+01     1.76714590E-03     7.43442200E+00     2.85417890E+00     1.39000000E-08     1.22286600E-01     2.08000000E-08     0.00000000E+00     2.13580400E-04     0.00000000E+00
    4.80000000E+04     1.40000000E+01     1.83259580E-03     7.43442200E+00     2.85417890E+00     1.73000000E-08     1.36385000E-01     2.59000000E-08     0.00000000E+00     2.21493300E-04     0.00000000E+00
    4.80000000E+04     1.45000000E+01     1.89804560E-03     7.43442200E+00     2.85417890E+00     2.13000000E-08     1.51527560E-01     3.20000000E-08     0.00000000E+00     2.29406500E-04     0.00000000E+00
    4.80000000E+04     1.50000000E+01     1.96349550E-03     7.43442200E+00     2.85417890E+00     2.61000000E-08     1.67751620E-01     3.92000000E-08     0.00000000E+00     2.37320000E-04     1.00000000E-10
    4.80000000E+04     1.55000000E+01     2.02894530E-03     7.43442200E+00     2.85417890E+00     3.18000000E-08     1.85094500E-01     4.77000000E-08     0.00000000E+00     2.45233700E-04     1.00000000E-10
    4.80000000E+04     1.60000000E+01     2.09439520E-03     7.43442200E+00     2.85417890E+00     3.85000000E-08     2.03593560E-01     5.77000000E-08     0.00000000E+00     2.53147800E-04     1.00000000E-10
    4.80000000E+04     1.65000000E+01     2.15984500E-03     7.43442200E+00     2.85417890E+00     4.63000000E-08     2.23286140E-01     6.94000000E-08     1.00000000E-10     2.61062200E-04     1.00000000E-10
    4.80000000E+04     1.70000000E+01     2.22529490E-03     7.43442200E+00     2.85417890E+00     5.53000000E-08     2.44209580E-01     8.30000000E-08     1.00000000E-10     2.68976900E-04     1.00000000E-10
    4.80000000E+04     1.75000000E+01     2.29074470E-03     7.43442200E+00     2.85417890E+00     6.59000000E-08     2.66401260E-01     9.88000000E-08     1.00000000E-10     2.76891900E-04     1.00000000E-10
    4.80000000E+04     1.80000000E+01     2.35619460E-03     7.43442200E+00     2.85417890E+00     7.80000000E-08     2.89898550E-01     1.17000000E-07     1.00000000E-10     2.84807300E-04     1.00000000E-10
    4.80000000E+04     1.85000000E+01     2.42164440E-03     7.43442200E+00     2.85417890E+00     9.19000000E-08     3.14738780E-01     1.37900000E-07     1.00000000E-10     2.92723100E-04     1.00000000E-10
    4.80000000E+04     1.90000000E+01     2.48709430E-03     7.43442200E+00     2.85417890E+00     1.07900000E-07     3.40959360E-01     1.61800000E-07     1.00000000E-10     3.00639200E-04     1.00000000E-10
    4.80000000E+04     1.95000000E+01     2.55254410E-03     7.43442200E+00     2.85417890E+00     1.26100000E-07     3.68597660E-01     1.89100000E-07     1.00000000E-10     3.08555600E-04     2.00000000E-10
    4.80000000E+04     2.00000000E+01     2.61799400E-03     7.43442200E+00     2.85417890E+00     1.46700000E-07     3.97691040E-01     2.20100000E-07     1.00000000E-10     3.16472500E-04     2.00000000E-10
    4.80000000E+04     2.05000000E+01     2.68344380E-03     7.43442200E+00     2.85417890E+00     1.70200000E-07     4.28276960E-01     2.55300000E-07     1.00000000E-10     3.24389700E-04     2.00000000E-10
    4.80000000E+04     2.10000000E+01     2.74889360E-03     7.43442200E+00     2.85417890E+00     1.96700000E-07     4.60392740E-01     2.95000000E-07     1.00000000E-10     3.32307400E-04     2.00000000E-10
    4.80000000E+04     2.15000000E+01     2.81434350E-03     7.43442200E+00     2.85417890E+00     2.26500000E-07     4.94075810E-01     3.39700000E-07     2.00000000E-10     3.40225400E-04     2.00000000E-10
    4.80000000E+04     2.20000000E+01     2.87979330E-03     7.43442200E+00     2.85417890E+00     2.60000000E-07     5.29363620E-01     3.89900000E-07     2.00000000E-10     3.48143900E-04     3.00000000E-10
    4.80000000E+04     2.25000000E+01     2.94524320E-03     7.43442200E+00     2.85417890E+00     2.97500000E-07     5.66293510E-01     4.46200000E-07     2.00000000E-10     3.56062800E-04     3.00000000E-10
    4.80000000E+04     2.30000000E+01     3.01069300E-03     7.43442200E+00     2.85417890E+00     3.39400000E-07     6.04902980E-01     5.09100000E-07     2.00000000E-10     3.63982200E-04     3.00000000E-10
    4.80000000E+04     2.35000000E+01     3.07614290E-03     7.43442200E+00     2.85417890E+00     3.86200000E-07     6.45229440E-01     5.79300000E-07     2.00000000E-10     3.71902000E-04     3.00000000E-10
    4.80000000E+04     2.40000000E+01     3.14159270E-03     7.43442200E+00     2.85417890E+00     4.38200000E-07     6.87310250E-01     6.57200000E-07     2.00000000E-10     3.79822300E-04     4.00000000E-10
    4.80000000E+04     2.45000000E+01     3.20704260E-03     7.43442200E+00     2.85417890E+00     4.95900000E-07     7.31182980E-01     7.43800000E-07     3.00000000E-10     3.87743000E-04     4.00000000E-10
    4.80000000E+04     2.50000000E+01     3.27249240E-03     7.43442200E+00     2.85417890E+00     5.59800000E-07     7.76885010E-01     8.39700000E-07     3.00000000E-10     3.95664300E-04     4.00000000E-10
    4.80000000E+04     2.55000000E+01     3.33794230E-03     7.43442200E+00     2.85417890E+00     6.30400000E-07     8.24453870E-01     9.45600000E-07     3.00000000E-10     4.03586000E-04     5.00000000E-10
    4.80000000E+04     2.60000000E+01     3.40339210E-03     7.43442200E+00     2.85417890E+00     7.08300000E-07     8.73926930E-01     1.06240000E-06     3.00000000E-10     4.11508200E-04     5.00000000E-10
    4.80000000E+04     2.65000000E+01     3.46884200E-03     7.43442200E+00     2.85417890E+00     7.94100000E-07     9.25341700E-01     1.19110000E-06     4.00000000E-10     4.19431000E-04     5.00000000E-10
    4.80000000E+04     2.70000000E+01     3.53429180E-03     7.43442200E+00     2.85417890E+00     8.88300000E-07     9.78735700E-01     1.33240000E-06     4.00000000E-10     4.27354200E-04     6.00000000E-10
    4.80000000E+04     2.75000000E+01     3.59974170E-03     7.43442200E+00     2.85417890E+00     9.91700000E-07     1.03414640E+00     1.48750000E-06     4.00000000E-10     4.35278000E-04     6.00000000E-10
    4.80000000E+04     2.80000000E+01     3.66519150E-03     7.43442200E+00     2.85417890E+00     1.10490000E-06     1.09161130E+00     1.65730000E-06     4.00000000E-10     4.43202400E-04     7.00000000E-10
    4.80000000E+04     2.85000000E+01     3.73064140E-03     7.43442200E+00     2.85417890E+00     1.22870000E-06     1.15116790E+00     1.84300000E-06     5.00000000E-10     4.51127300E-04     7.00000000E-10
    4.80000000E+04     2.90000000E+01     3.79609120E-03     7.43442200E+00     2.85417890E+00     1.36390000E-06     1.21285370E+00     2.04570000E-06     5.00000000E-10     4.59052700E-04     8.00000000E-10
    4.80000000E+04     2.95000000E+01     3.86154110E-03     7.43442200E+00     2.85417890E+00     1.51120000E-06     1.27670620E+00     2.26670000E-06     6.00000000E-10     4.66978700E-04     8.00000000E-10
    4.80000000E+04     3.00000000E+01     3.92699090E-03     7.43442200E+00     2.85417890E+00     1.67150000E-06     1.34276310E+00     2.50720000E-06     6.00000000E-10     4.74905300E-04     9.00000000E-10
    4.80000000E+04     3.05000000E+01     3.99244080E-03     7.43442200E+00     2.85417890E+00     1.84580000E-06     1.41106180E+00     2.76860000E-06     6.00000000E-10     4.82832500E-04     9.00000000E-10
    4.80000000E+04     3.10000000E+01     4.05789060E-03     7.43442200E+00     2.85417890E+00     2.03500000E-06     1.48163990E+00     3.05230000E-06     7.00000000E-10     4.90760300E-04     1.00000000E-09
    4.80000000E+04     3.15000000E+01     4.12334050E-03     7.43442200E+00     2.85417890E+00     2.24000000E-06     1.55453490E+00     3.35980000E-06     7.00000000E-10     4.98688600E-04     1.10000000E-09
    4.80000000E+04     3.20000000E+01     4.18879030E-03     7.43442200E+00     2.85417890E+00     2.46200000E-06     1.62978450E+00     3.69280000E-06     8.00000000E-10     5.06617700E-04     1.10000000E-09
    4.80000000E+04     3.25000000E+01     4.25424020E-03     7.43442200E+00     2.85417890E+00     2.70200000E-06     1.70742620E+00     4.05280000E-06     8.00000000E-10     5.14547300E-04     1.20000000E-09
    4.80000000E+04     3.30000000E+01     4.31969000E-03     7.43442200E+00     2.85417890E+00     2.96120000E-06     1.78749750E+00     4.44160000E-06     9.00000000E-10     5.22477600E-04     1.30000000E-09
    4.80000000E+04     3.35000000E+01     4.38513990E-03     7.43442200E+00     2.85417890E+00     3.24080000E-06     1.87003620E+00     4.86090000E-06     9.00000000E-10     5.30408500E-04     1.40000000E-09
    4.80000000E+04     3.40000000E+01     4.45058970E-03     7.43442200E+00     2.85417890E+00     3.54210000E-06     1.95507980E+00     5.31280000E-06     1.00000000E-09     5.38340200E-04     1.50000000E-09
    4.80000000E+04     3.45000000E+01     4.51603960E-03     7.43442200E+00     2.85417890E+00     3.86640000E-06     2.04266590E+00     5.79920000E-06     1.00000000E-09     5.46272400E-04     1.60000000E-09
    4.80000000E+04     3.50000000E+01     4.58148940E-03     7.43442200E+00     2.85417890E+00     4.21500000E-06     2.13283210E+00     6.32210000E-06     1.10000000E-09     5.54205300E-04     1.60000000E-09
    4.80000000E+04     3.55000000E+01     4.64693930E-03     7.43442200E+00     2.85417890E+00     4.58940000E-06     2.22561630E+00     6.88370000E-06     1.20000000E-09     5.62139000E-04     1.70000000E-09
    4.80000000E+04     3.60000000E+01     4.71238910E-03     7.43442200E+00     2.85417890E+00     4.99120000E-06     2.32105590E+00     7.48620000E-06     1.20000000E-09     5.70073300E-04     1.80000000E-09
    4.80000000E+04     3.65000000E+01     4.77783900E-03     7.43442200E+00     2.85417890E+00     5.42190000E-06     2.41918870E+00     8.13220000E-06     1.30000000E-09     5.78008400E-04     1.90000000E-09
    4.80000000E+04     3.70000000E+01     4.84328880E-03     7.43442200E+00     2.85417890E+00     5.88300000E-06     2.52005220E+00     8.82380000E-06     1.40000000E-09     5.85944100E-04     2.10000000E-09
    4.80000000E+04     3.75000000E+01     4.90873870E-03     7.43442200E+00     2.85417890E+00     6.37650000E-06     2.62368420E+00     9.56390000E-06     1.40000000E-09     5.93880600E-04     2.20000000E-09
    4.80000000E+04     3.80000000E+01     4.97418850E-03     7.43442200E+00     2.85417890E+00     6.90390000E-06     2.73012260E+00     1.03549000E-05     1.50000000E-09     6.01817900E-04     2.30000000E-09
    4.80000000E+04     3.85000000E+01     5.03963840E-03     7.43442200E+00     2.85417890E+00     7.46720000E-06     2.83940470E+00     1.11998000E-05     1.60000000E-09     6.09755800E-04     2.40000000E-09
    4.80000000E+04     3.90000000E+01     5.10508820E-03     7.43442200E+00     2.85417890E+00     8.06830000E-06     2.95156850E+00     1.21013000E-05     1.70000000E-09     6.17694500E-04     2.50000000E-09
    4.80000000E+04     3.95000000E+01     5.17053810E-03     7.43442200E+00     2.85417890E+00     8.70910000E-06     3.06665190E+00     1.30625000E-05     1.80000000E-09     6.25634100E-04     2.70000000E-09
    4.80000000E+04     4.00000000E+01     5.23598790E-03     7.43442200E+00     2.85417890E+00     9.39190000E-06     3.18469230E+00     1.40865000E-05     1.90000000E-09     6.33574400E-04     2.80000000E-09
    4.80000000E+04     4.05000000E+01     5.30143780E-03     7.43442200E+00     2.85417890E+00     1.01187000E-05     3.30572750E+00     1.51766000E-05     2.00000000E-09     6.41515400E-04     2.90000000E-09
    4.80000000E+04     4.10000000E+01     5.36688760E-03     7.43442200E+00     2.85417890E+00     1.08917000E-05     3.42979540E+00     1.63360000E-05     2.10000000E-09     6.49457300E-04     3.10000000E-09
    4.80000000E+04     4.15000000E+01     5.43233740E-03     7.43442200E+00     2.85417890E+00     1.17134000E-05     3.55693370E+00     1.75683000E-05     2.20000000E-09     6.57400000E-04     3.20000000E-09
    4.80000000E+04     4.20000000E+01     5.49778730E-03     7.43442200E+00     2.85417890E+00     1.25861000E-05     3.68718040E+00     1.88772000E-05     2.30000000E-09     6.65343500E-04     3.40000000E-09
    4.80000000E+04     4.25000000E+01     5.56323710E-03     7.43442200E+00     2.85417890E+00     1.35123000E-05     3.82057300E+00     2.02663000E-05     2.40000000E-09     6.73287800E-04     3.60000000E-09
    4.80000000E+04     4.30000000E+01     5.62868700E-03     7.43442200E+00     2.85417890E+00     1.44946000E-05     3.95714960E+00     2.17395000E-05     2.50000000E-09     6.81233000E-04     3.70000000E-09
    4.80000000E+04     4.35000000E+01     5.69413680E-03     7.43442200E+00     2.85417890E+00     1.55357000E-05     4.09694800E+00     2.33010000E-05     2.60000000E-09     6.89179000E-04     3.90000000E-09
    4.80000000E+04     4.40000000E+01     5.75958670E-03     7.43442200E+00     2.85417890E+00     1.66384000E-05     4.24000570E+00     2.49548000E-05     2.70000000E-09     6.97125900E-04     4.10000000E-09
    4.80000000E+04     4.45000000E+01     5.82503650E-03     7.43442200E+00     2.85417890E+00     1.78056000E-05     4.38636090E+00     2.67053000E-05     2.90000000E-09     7.05073600E-04     4.30000000E-09
    4.80000000E+04     4.50000000E+01     5.89048640E-03     7.43442200E+00     2.85417890E+00     1.90402000E-05     4.53605150E+00     2.85569000E-05     3.00000000E-09     7.13022200E-04     4.50000000E-09
    4.80000000E+04     4.55000000E+01     5.95593620E-03     7.43442200E+00     2.85417890E+00     2.03454000E-05     4.68911540E+00     3.05143000E-05     3.10000000E-09     7.20971700E-04     4.70000000E-09
    4.80000000E+04     4.60000000E+01     6.02138610E-03     7.43442200E+00     2.85417890E+00     2.17243000E-05     4.84559040E+00     3.25823000E-05     3.30000000E-09     7.28922200E-04     4.90000000E-09
    4.80000000E+04     4.65000000E+01     6.08683590E-03     7.43442200E+00     2.85417890E+00     2.31801000E-05     5.00551450E+00     3.47658000E-05     3.40000000E-09     7.36873500E-04     5.10000000E-09
    4.80000000E+04     4.70000000E+01     6.15228580E-03     7.43442200E+00     2.85417890E+00     2.47164000E-05     5.16892510E+00     3.70698000E-05     3.60000000E-09     7.44825700E-04     5.30000000E-09
    4.80000000E+04     4.75000000E+01     6.21773560E-03     7.43442200E+00     2.85417890E+00     2.63367000E-05     5.33586120E+00     3.94997000E-05     3.70000000E-09     7.52778900E-04     5.60000000E-09
    4.80000000E+04     4.80000000E+01     6.28318550E-03     7.43442200E+00     2.85417890E+00     2.80444000E-05     5.50635980E+00     4.20609000E-05     3.90000000E-09     7.60732900E-04     5.80000000E-09
    4.80000000E+04     4.85000000E+01     6.34863530E-03     7.43442200E+00     2.85417890E+00     2.98435000E-05     5.68045960E+00     4.47591000E-05     4.00000000E-09     7.68688000E-04     6.10000000E-09
    4.80000000E+04     4.90000000E+01     6.41408520E-03     7.43442200E+00     2.85417890E+00     3.17378000E-05     5.85819800E+00     4.76000000E-05     4.20000000E-09     7.76644000E-04     6.30000000E-09
    4.80000000E+04     4.95000000E+01     6.47953500E-03     7.43442200E+00     2.85417890E+00     3.37312000E-05     6.03961330E+00     5.05895000E-05     4.40000000E-09     7.84601000E-04     6.60000000E-09
    4.80000000E+04     5.10000000E+01     6.67588460E-03     7.43442200E+00     2.85417890E+00     4.04645000E-05     6.61012966E+00     6.06874000E-05     4.90000000E-09     8.08478800E-04     7.40000000E-09
    4.80000000E+04     5.35000000E+01     7.00313380E-03     7.43442200E+00     2.85417890E+00     5.39093000E-05     7.63188792E+00     8.08503000E-05     6.00000000E-09     8.48293800E-04     9.00000000E-09
    4.80000000E+04     5.60000000E+01     7.33038310E-03     7.43442200E+00     2.85417890E+00     7.08880000E-05     8.75413886E+00     1.06312200E-04     7.20000000E-09     8.88135200E-04     1.08000000E-08
    4.80000000E+04     5.85000000E+01     7.65763230E-03     7.43442200E+00     2.85417890E+00     9.21075000E-05     9.98165702E+00     1.38133400E-04     8.60000000E-09     9.28004300E-04     1.28000000E-08
    4.80000000E+04     6.10000000E+01     7.98488160E-03     7.43442200E+00     2.85417890E+00     1.18376400E-04     1.13192290E+01     1.77525600E-04     1.01000000E-08     9.67902300E-04     1.52000000E-08
    4.80000000E+04     6.35000000E+01     8.31213080E-03     7.43442200E+00     2.85417890E+00     1.50613500E-04     1.27716524E+01     2.25866400E-04     1.19000000E-08     1.00783050E-03     1.78000000E-08
    4.80000000E+04     6.60000000E+01     8.63938000E-03     7.43442200E+00     2.85417890E+00     1.89857500E-04     1.43437368E+01     2.84713000E-04     1.39000000E-08     1.04779010E-03     2.08000000E-08
    4.80000000E+04     6.85000000E+01     8.96662930E-03     7.43442200E+00     2.85417890E+00     2.37277700E-04     1.60403036E+01     3.55817900E-04     1.61000000E-08     1.08778240E-03     2.41000000E-08
    4.80000000E+04     7.10000000E+01     9.29387850E-03     7.43442200E+00     2.85417890E+00     2.94183700E-04     1.78661890E+01     4.41144200E-04     1.86000000E-08     1.12780860E-03     2.78000000E-08
    4.80000000E+04     7.35000000E+01     9.62112780E-03     7.43442200E+00     2.85417890E+00     3.62036600E-04     1.98262394E+01     5.42881700E-04     2.13000000E-08     1.16787000E-03     3.20000000E-08
    4.80000000E+04     7.60000000E+01     9.94837710E-03     7.43442200E+00     2.85417890E+00     4.42460200E-04     2.19253186E+01     6.63464000E-04     2.44000000E-08     1.20796780E-03     3.65000000E-08
    4.80000000E+04     7.85000000E+01     1.02756262E-02     7.43442200E+00     2.85417890E+00     5.37252700E-04     2.41683024E+01     8.05585800E-04     2.77000000E-08     1.24810330E-03     4.16000000E-08
    4.80000000E+04     8.10000000E+01     1.06028756E-02     7.43442200E+00     2.85417890E+00     6.48398600E-04     2.65600816E+01     9.72221100E-04     3.14000000E-08     1.28827770E-03     4.71000000E-08
    4.80000000E+04     8.35000000E+01     1.09301248E-02     7.43442200E+00     2.85417890E+00     7.78081400E-04     2.91055640E+01     1.16664170E-03     3.55000000E-08     1.32849230E-03     5.32000000E-08
    4.80000000E+04     8.60000000E+01     1.12573740E-02     7.43442200E+00     2.85417890E+00     9.28696500E-04     3.18096734E+01     1.39243640E-03     3.99000000E-08     1.36874840E-03     5.99000000E-08
    4.80000000E+04     8.85000000E+01     1.15846232E-02     7.43442200E+00     2.85417890E+00     1.10286390E-03     3.46773476E+01     1.65353090E-03     4.48000000E-08     1.40904730E-03     6.72000000E-08
    4.80000000E+04     9.10000000E+01     1.19118724E-02     7.43442200E+00     2.85417890E+00     1.30344270E-03     3.77135424E+01     1.95420820E-03     5.01000000E-08     1.44939000E-03     7.51000000E-08
    4.80000000E+04     9.35000000E+01     1.22391218E-02     7.43442200E+00     2.85417890E+00     1.53354470E-03     4.09232326E+01     2.29912990E-03     5.58000000E-08     1.48977810E-03     8.37000000E-08
    4.80000000E+04     9.60000000E+01     1.25663710E-02     7.43442200E+00     2.85417890E+00     1.79654910E-03     4.43114092E+01     2.69335750E-03     6.20000000E-08     1.53021270E-03     9.30000000E-08
    4.80000000E+04     9.85000000E+01     1.28936202E-02     7.43442200E+00     2.85417890E+00     2.09611680E-03     4.78830808E+01     3.14237460E-03     6.87000000E-08     1.57069510E-03     1.03000000E-07
    4.80000000E+04     1.01000000E+02     1.32208694E-02     7.43442200E+00     2.85417890E+00     2.43620710E-03     5.16432798E+01     3.65211030E-03     7.60000000E-08     1.61122650E-03     1.13900000E-07
    4.80000000E+04     1.03500000E+02     1.35481188E-02     7.43442200E+00     2.85417890E+00     2.82109160E-03     5.55970506E+01     4.22896180E-03     8.38000000E-08     1.65180830E-03     1.25600000E-07
    4.80000000E+04     1.06000000E+02     1.38753680E-02     7.43442200E+00     2.85417890E+00     3.25537160E-03     5.97494642E+01     4.87981910E-03     9.22000000E-08     1.69244160E-03     1.38200000E-07
    4.80000000E+04     1.08500000E+02     1.42026170E-02     7.43442200E+00     2.85417890E+00     3.74399440E-03     6.41056098E+01     5.61208960E-03     1.01200000E-07     1.73312790E-03     1.51700000E-07
    4.80000000E+04     1.11000000E+02     1.45298664E-02     7.43442200E+00     2.85417890E+00     4.29226940E-03     6.86705928E+01     6.43372210E-03     1.10800000E-07     1.77386830E-03     1.66200000E-07
    4.80000000E+04     1.13500000E+02     1.48571158E-02     7.43442200E+00     2.85417890E+00     4.90588720E-03     7.34495524E+01     7.35323600E-03     1.21200000E-07     1.81466410E-03     1.81600000E-07
    4.80000000E+04     1.16000000E+02     1.51843650E-02     7.43442200E+00     2.85417890E+00     5.59093470E-03     7.84476340E+01     8.37974220E-03     1.32200000E-07     1.85551670E-03     1.98200000E-07
    4.80000000E+04     1.18500000E+02     1.55116140E-02     7.43442200E+00     2.85417890E+00     6.35391640E-03     8.36700200E+01     9.52297620E-03     1.44000000E-07     1.89642720E-03     2.15800000E-07
    4.80000000E+04     1.21000000E+02     1.58388634E-02     7.43442200E+00     2.85417890E+00     7.20177000E-03     8.91219070E+01     1.07933210E-02     1.56500000E-07     1.93739700E-03     2.34600000E-07
    4.80000000E+04     1.23500000E+02     1.61661126E-02     7.43442200E+00     2.85417890E+00     8.14188700E-03     9.48085166E+01     1.22018378E-02     1.69900000E-07     1.97842740E-03     2.54600000E-07
    4.80000000E+04     1.26000000E+02     1.64933620E-02     7.43442200E+00     2.85417890E+00     9.18213190E-03     1.00735098E+02     1.37602940E-02     1.84000000E-07     2.01951960E-03     2.75800000E-07
    4.80000000E+04     1.28500000E+02     1.68206110E-02     7.43442200E+00     2.85417890E+00     1.03308615E-02     1.06906916E+02     1.54811924E-02     1.99100000E-07     2.06067500E-03     2.98400000E-07
    4.80000000E+04     1.31000000E+02     1.71478604E-02     7.43442200E+00     2.85417890E+00     1.15969462E-02     1.13329280E+02     1.73778026E-02     2.15000000E-07     2.10189480E-03     3.22200000E-07
    4.80000000E+04     1.33500000E+02     1.74751096E-02     7.43442200E+00     2.85417890E+00     1.29897878E-02     1.20007502E+02     1.94641898E-02     2.31900000E-07     2.14318030E-03     3.47500000E-07
    4.80000000E+04     1.36000000E+02     1.78023590E-02     7.43442200E+00     2.85417890E+00     1.45193438E-02     1.26946932E+02     2.17552452E-02     2.49800000E-07     2.18453280E-03     3.74300000E-07
    4.80000000E+04     1.38500000E+02     1.81296080E-02     7.43442200E+00     2.85417890E+00     1.61961484E-02     1.34152948E+02     2.42667234E-02     2.68700000E-07     2.22595360E-03     4.02600000E-07
    4.80000000E+04     1.41000000E+02     1.84568574E-02     7.43442200E+00     2.85417890E+00     1.80313304E-02     1.41630952E+02     2.70152658E-02     2.88600000E-07     2.26744410E-03     4.32400000E-07
    4.80000000E+04     1.43500000E+02     1.87841066E-02     7.43442200E+00     2.85417890E+00     2.00366406E-02     1.49386372E+02     3.00184414E-02     3.09700000E-07     2.30900540E-03     4.63900000E-07
    4.80000000E+04     1.46000000E+02     1.91113560E-02     7.43442200E+00     2.85417890E+00     2.22244722E-02     1.57424672E+02     3.32947776E-02     3.31800000E-07     2.35063890E-03     4.97100000E-07
    4.80000000E+04     1.48500000E+02     1.94386050E-02     7.43442200E+00     2.85417890E+00     2.46078818E-02     1.65751336E+02     3.68637922E-02     3.55100000E-07     2.39234600E-03     5.32000000E-07
    4.80000000E+04     1.51000000E+02     1.97658542E-02     7.43442200E+00     2.85417890E+00     2.72006152E-02     1.74371880E+02     4.07460296E-02     3.79700000E-07     2.43412790E-03     5.68700000E-07
    4.80000000E+04     1.53500000E+02     2.00931036E-02     7.43442200E+00     2.85417890E+00     3.00171320E-02     1.83291852E+02     4.49630988E-02     4.05400000E-07     2.47598580E-03     6.07300000E-07
    4.80000000E+04     1.56000000E+02     2.04203530E-02     7.43442200E+00     2.85417890E+00     3.30726296E-02     1.92516838E+02     4.95377092E-02     4.32500000E-07     2.51792130E-03     6.47800000E-07
    4.80000000E+04     1.58500000E+02     2.07476020E-02     7.43442200E+00     2.85417890E+00     3.63830640E-02     2.02052432E+02     5.44936990E-02     4.60900000E-07     2.55993550E-03     6.90300000E-07
    4.80000000E+04     1.61000000E+02     2.10748512E-02     7.43442200E+00     2.85417890E+00     3.99651768E-02     2.11904282E+02     5.98560786E-02     4.90700000E-07     2.60202970E-03     7.34900000E-07
    4.80000000E+04     1.63500000E+02     2.14021006E-02     7.43442200E+00     2.85417890E+00     4.38365274E-02     2.22078064E+02     6.56510766E-02     5.21900000E-07     2.64420530E-03     7.81600000E-07
    4.80000000E+04     1.66000000E+02     2.17293498E-02     7.43442200E+00     2.85417890E+00     4.80155064E-02     2.32579470E+02     7.19061582E-02     5.54600000E-07     2.68646360E-03     8.30500000E-07
    4.80000000E+04     1.68500000E+02     2.20565990E-02     7.43442200E+00     2.85417890E+00     5.25213760E-02     2.43414262E+02     7.86500870E-02     5.88700000E-07     2.72880600E-03     8.81600000E-07
    4.80000000E+04     1.71000000E+02     2.23838482E-02     7.43442200E+00     2.85417890E+00     5.73742804E-02     2.54588194E+02     8.59129406E-02     6.24500000E-07     2.77123370E-03     9.35100000E-07
    4.80000000E+04     1.73500000E+02     2.27110976E-02     7.43442200E+00     2.85417890E+00     6.25952852E-02     2.66107064E+02     9.37261656E-02     6.61800000E-07     2.81374800E-03     9.90900000E-07
    4.80000000E+04     1.76000000E+02     2.30383468E-02     7.43442200E+00     2.85417890E+00     6.82064058E-02     2.77976732E+02     1.02122625E-01     7.00800000E-07     2.85635040E-03     1.04930000E-06
    4.80000000E+04     1.78500000E+02     2.33655960E-02     7.43442200E+00     2.85417890E+00     7.42306322E-02     2.90203082E+02     1.11136628E-01     7.41500000E-07     2.89904210E-03     1.11010000E-06
    4.80000000E+04     1.81000000E+02     2.36928452E-02     7.43442200E+00     2.85417890E+00     8.06919406E-02     3.02791994E+02     1.20803954E-01     7.83900000E-07     2.94182450E-03     1.17360000E-06
    4.80000000E+04     1.83500000E+02     2.40200944E-02     7.43442200E+00     2.85417890E+00     8.76153530E-02     3.15749442E+02     1.31161934E-01     8.28100000E-07     2.98469880E-03     1.23970000E-06
    4.80000000E+04     1.86000000E+02     2.43473438E-02     7.43442200E+00     2.85417890E+00     9.50269456E-02     3.29081398E+02     1.42249470E-01     8.74200000E-07     3.02766640E-03     1.30860000E-06
    4.80000000E+04     1.88500000E+02     2.46745930E-02     7.43442200E+00     2.85417890E+00     1.02953890E-01     3.42793906E+02     1.54107086E-01     9.22200000E-07     3.07072870E-03     1.38040000E-06
    4.80000000E+04     1.91000000E+02     2.50018422E-02     7.43442200E+00     2.85417890E+00     1.11424464E-01     3.56893008E+02     1.66776956E-01     9.72100000E-07     3.11388700E-03     1.45500000E-06
    4.80000000E+04     1.93500000E+02     2.53290914E-02     7.43442200E+00     2.85417890E+00     1.20468122E-01     3.71384834E+02     1.80302996E-01     1.02400000E-06     3.15714280E-03     1.53260000E-06
    4.80000000E+04     1.96000000E+02     2.56563408E-02     7.43442200E+00     2.85417890E+00     1.30115446E-01     3.86275486E+02     1.94730808E-01     1.07800000E-06     3.20049720E-03     1.61330000E-06
    4.80000000E+04     1.98500000E+02     2.59835900E-02     7.43442200E+00     2.85417890E+00     1.40398286E-01     4.01571158E+02     2.10107852E-01     1.13410000E-06     3.24395150E-03     1.69720000E-06
    4.80000000E+04     2.01000000E+02     2.63108392E-02     7.43442200E+00     2.85417890E+00     1.51349706E-01     4.17278086E+02     2.26483422E-01     1.19230000E-06     3.28750740E-03     1.78420000E-06
    4.80000000E+04     2.03500000E+02     2.66380884E-02     7.43442200E+00     2.85417890E+00     1.63004068E-01     4.33402536E+02     2.43908704E-01     1.25280000E-06     3.33116610E-03     1.87460000E-06
    4.80000000E+04     2.06000000E+02     2.69653378E-02     7.43442200E+00     2.85417890E+00     1.75396988E-01     4.49950774E+02     2.62436780E-01     1.31550000E-06     3.37492880E-03     1.96830000E-06
    4.80000000E+04     2.08500000E+02     2.72925870E-02     7.43442200E+00     2.85417890E+00     1.88565488E-01     4.66929182E+02     2.82122788E-01     1.38060000E-06     3.41879700E-03     2.06550000E-06
    4.80000000E+04     2.11000000E+02     2.76198360E-02     7.43442200E+00     2.85417890E+00     2.02547916E-01     4.84344122E+02     3.03023844E-01     1.44800000E-06     3.46277200E-03     2.16630000E-06
    4.80000000E+04     2.13500000E+02     2.79470854E-02     7.43442200E+00     2.85417890E+00     2.17384066E-01     5.02202050E+02     3.25199202E-01     1.51790000E-06     3.50685520E-03     2.27070000E-06
    4.80000000E+04     2.16000000E+02     2.82743348E-02     7.43442200E+00     2.85417890E+00     2.33115154E-01     5.20509444E+02     3.48710226E-01     1.59030000E-06     3.55104800E-03     2.37880000E-06
    4.80000000E+04     2.18500000E+02     2.86015840E-02     7.43442200E+00     2.85417890E+00     2.49783838E-01     5.39272780E+02     3.73620422E-01     1.66520000E-06     3.59535170E-03     2.49080000E-06
    4.80000000E+04     2.21000000E+02     2.89288330E-02     7.43442200E+00     2.85417890E+00     2.67434376E-01     5.58498694E+02     3.99995650E-01     1.74280000E-06     3.63976780E-03     2.60660000E-06
    4.80000000E+04     2.23500000E+02     2.92560824E-02     7.43442200E+00     2.85417890E+00     2.86112478E-01     5.78193746E+02     4.27903940E-01     1.82300000E-06     3.68429750E-03     2.72650000E-06
    4.80000000E+04     2.26000000E+02     2.95833316E-02     7.43442200E+00     2.85417890E+00     3.05865470E-01     5.98364600E+02     4.57415698E-01     1.90600000E-06     3.72894230E-03     2.85040000E-06
    4.80000000E+04     2.28500000E+02     2.99105810E-02     7.43442200E+00     2.85417890E+00     3.26742318E-01     6.19017972E+02     4.88603756E-01     1.99180000E-06     3.77370350E-03     2.97850000E-06
    4.80000000E+04     2.31000000E+02     3.02378300E-02     7.43442200E+00     2.85417890E+00     3.48793624E-01     6.40160608E+02     5.21543368E-01     2.08050000E-06     3.81858250E-03     3.11090000E-06
    4.80000000E+04     2.33500000E+02     3.05650794E-02     7.43442200E+00     2.85417890E+00     3.72071714E-01     6.61799344E+02     5.56312350E-01     2.17200000E-06     3.86358100E-03     3.24760000E-06
    4.80000000E+04     2.36000000E+02     3.08923286E-02     7.43442200E+00     2.85417890E+00     3.96630548E-01     6.83940968E+02     5.92990916E-01     2.26660000E-06     3.90869990E-03     3.38870000E-06
    4.80000000E+04     2.38500000E+02     3.12195780E-02     7.43442200E+00     2.85417890E+00     4.22525966E-01     7.06592418E+02     6.31662056E-01     2.36420000E-06     3.95394080E-03     3.53450000E-06
    4.80000000E+04     2.41000000E+02     3.15468270E-02     7.43442200E+00     2.85417890E+00     4.49815540E-01     7.29760626E+02     6.72411334E-01     2.46500000E-06     3.99930500E-03     3.68480000E-06
    4.80000000E+04     2.43500000E+02     3.18740764E-02     7.43442200E+00     2.85417890E+00     4.78558728E-01     7.53452598E+02     7.15327090E-01     2.56890000E-06     4.04479410E-03     3.83990000E-06
    4.80000000E+04     2.46000000E+02     3.22013256E-02     7.43442200E+00     2.85417890E+00     5.08816836E-01     7.77675382E+02     7.60500396E-01     2.67610000E-06     4.09040940E-03     3.99990000E-06
    4.80000000E+04     2.48500000E+02     3.25285750E-02     7.43442200E+00     2.85417890E+00     5.40653148E-01     8.02436098E+02     8.08025230E-01     2.78670000E-06     4.13615240E-03     4.16480000E-06
    4.80000000E+04     2.52250000E+02     3.30194486E-02     7.43442200E+00     2.85417890E+00     5.91727976E-01     8.40670898E+02     8.84258981E-01     2.95930000E-06     4.20502540E-03     4.42220000E-06
    4.80000000E+04     2.57250000E+02     3.36739473E-02     7.43442200E+00     2.85417890E+00     6.65703898E-01     8.93509725E+02     9.94656129E-01     3.20110000E-06     4.29729440E-03     4.78290000E-06
    4.80000000E+04     2.62250000E+02     3.43284456E-02     7.43442200E+00     2.85417890E+00     7.47233674E-01     9.48630771E+02     1.11630146E+00     3.45750000E-06     4.39009930E-03     5.16520000E-06
    4.80000000E+04     2.67250000E+02     3.49829442E-02     7.43442200E+00     2.85417890E+00     8.36922525E-01     1.00609342E+03     1.25009265E+00     3.72900000E-06     4.48345140E-03     5.56990000E-06
    4.80000000E+04     2.72250000E+02     3.56374426E-02     7.43442200E+00     2.85417890E+00     9.35411379E-01     1.06595799E+03     1.39698001E+00     4.01610000E-06     4.57736210E-03     5.99790000E-06
    4.80000000E+04     2.77250000E+02     3.62919412E-02     7.43442200E+00     2.85417890E+00     1.04337830E+00     1.12828575E+03     1.55796841E+00     4.31960000E-06     4.67184300E-03     6.45000000E-06
    4.80000000E+04     2.82250000E+02     3.69464396E-02     7.43442200E+00     2.85417890E+00     1.16153989E+00     1.19313881E+03     1.73411928E+00     4.64000000E-06     4.76690560E-03     6.92720000E-06
    4.80000000E+04     2.87250000E+02     3.76009381E-02     7.43442200E+00     2.85417890E+00     1.29065255E+00     1.26058037E+03     1.92655267E+00     4.97780000E-06     4.86256150E-03     7.43040000E-06
    4.80000000E+04     2.92250000E+02     3.82554366E-02     7.43442200E+00     2.85417890E+00     1.43151421E+00     1.33067447E+03     2.13644939E+00     5.33390000E-06     4.95882230E-03     7.96050000E-06
    4.80000000E+04     2.97250000E+02     3.89099351E-02     7.43442200E+00     2.85417890E+00     1.58496574E+00     1.40348634E+03     2.36505324E+00     5.70870000E-06     5.05569970E-03     8.51840000E-06
    4.80000000E+04     3.02250000E+02     3.95644336E-02     7.43442200E+00     2.85417890E+00     1.75189238E+00     1.47908211E+03     2.61367313E+00     6.10290000E-06     5.15320570E-03     9.10500000E-06
    4.80000000E+04     3.07250000E+02     4.02189321E-02     7.43442200E+00     2.85417890E+00     1.93322516E+00     1.55752893E+03     2.88368480E+00     6.51720000E-06     5.25135170E-03     9.72140000E-06
    4.80000000E+04     3.12250000E+02     4.08734305E-02     7.43442200E+00     2.85417890E+00     2.12994301E+00     1.63889514E+03     3.17653414E+00     6.95230000E-06     5.35014990E-03     1.03685000E-05
    4.80000000E+04     3.17250000E+02     4.15279291E-02     7.43442200E+00     2.85417890E+00     2.34307369E+00     1.72325011E+03     3.49373846E+00     7.40890000E-06     5.44961210E-03     1.10473000E-05
    4.80000000E+04     3.22250000E+02     4.21824275E-02     7.43442200E+00     2.85417890E+00     2.57369592E+00     1.81066430E+03     3.83688933E+00     7.88760000E-06     5.54975040E-03     1.17589000E-05
    4.80000000E+04     3.27250000E+02     4.28369260E-02     7.43442200E+00     2.85417890E+00     2.82294071E+00     1.90120934E+03     4.20765460E+00     8.38910000E-06     5.65057670E-03     1.25042000E-05
    4.80000000E+04     3.32250000E+02     4.34914245E-02     7.43442200E+00     2.85417890E+00     3.09199309E+00     1.99495794E+03     4.60778097E+00     8.91430000E-06     5.75210320E-03     1.32843000E-05
    4.80000000E+04     3.37250000E+02     4.41459230E-02     7.43442200E+00     2.85417890E+00     3.38209431E+00     2.09198417E+03     5.03909687E+00     9.46370000E-06     5.85434210E-03     1.41003000E-05
    4.80000000E+04     3.42250000E+02     4.48004215E-02     7.43442200E+00     2.85417890E+00     3.69454257E+00     2.19236308E+03     5.50351358E+00     1.00382000E-05     5.95730560E-03     1.49532000E-05
    4.80000000E+04     3.47250000E+02     4.54549200E-02     7.43442200E+00     2.85417890E+00     4.03069590E+00     2.29617113E+03     6.00302938E+00     1.06385000E-05     6.06100600E-03     1.58442000E-05
    4.80000000E+04     3.52250000E+02     4.61094185E-02     7.43442200E+00     2.85417890E+00     4.39197323E+00     2.40348596E+03     6.53973094E+00     1.12653000E-05     6.16545580E-03     1.67743000E-05
    4.80000000E+04     3.57250000E+02     4.67639169E-02     7.43442200E+00     2.85417890E+00     4.77985629E+00     2.51438641E+03     7.11579599E+00     1.19195000E-05     6.27066720E-03     1.77446000E-05
    4.80000000E+04     3.62250000E+02     4.74184155E-02     7.43442200E+00     2.85417890E+00     5.19589205E+00     2.62895279E+03     7.73349682E+00     1.26018000E-05     6.37665310E-03     1.87563000E-05
    4.80000000E+04     3.67250000E+02     4.80729139E-02     7.43442200E+00     2.85417890E+00     5.64169304E+00     2.74726648E+03     8.39520065E+00     1.33130000E-05     6.48342550E-03     1.98106000E-05
    4.80000000E+04     3.72250000E+02     4.87274124E-02     7.43442200E+00     2.85417890E+00     6.11894193E+00     2.86941051E+03     9.10337611E+00     1.40540000E-05     6.59099760E-03     2.09086000E-05
    4.80000000E+04     3.77250000E+02     4.93819109E-02     7.43442200E+00     2.85417890E+00     6.62939031E+00     2.99546895E+03     9.86059122E+00     1.48255000E-05     6.69938170E-03     2.20515000E-05
    4.80000000E+04     3.82250000E+02     5.00364094E-02     7.43442200E+00     2.85417890E+00     7.17486284E+00     3.12552748E+03     1.06695197E+01     1.56284000E-05     6.80859070E-03     2.32405000E-05
    4.80000000E+04     3.87250000E+02     5.06909078E-02     7.43442200E+00     2.85417890E+00     7.75725935E+00     3.25967322E+03     1.15329438E+01     1.64635000E-05     6.91863760E-03     2.44768000E-05
    4.80000000E+04     3.92250000E+02     5.13454064E-02     7.43442200E+00     2.85417890E+00     8.37855490E+00     3.39799461E+03     1.24537534E+01     1.73317000E-05     7.02953520E-03     2.57616000E-05
    4.80000000E+04     3.97250000E+02     5.19999048E-02     7.43442200E+00     2.85417890E+00     9.04080392E+00     3.54058166E+03     1.34349533E+01     1.82338000E-05     7.14129660E-03     2.70961000E-05
    4.80000000E+04     4.02250000E+02     5.26544034E-02     7.43442200E+00     2.85417890E+00     9.74614058E+00     3.68752573E+03     1.44796618E+01     1.91708000E-05     7.25393480E-03     2.84818000E-05
    4.80000000E+04     4.07250000E+02     5.33089018E-02     7.43442200E+00     2.85417890E+00     1.04967823E+01     3.83891982E+03     1.55911186E+01     2.01435000E-05     7.36746290E-03     2.99197000E-05
    4.80000000E+04     4.12250000E+02     5.39634004E-02     7.43442200E+00     2.85417890E+00     1.12950306E+01     3.99485835E+03     1.67726822E+01     2.11528000E-05     7.48189410E-03     3.14112000E-05
    4.80000000E+04     4.17250000E+02     5.46178987E-02     7.43442200E+00     2.85417890E+00     1.21432752E+01     4.15543759E+03     1.80278380E+01     2.21997000E-05     7.59724190E-03     3.29575000E-05
    4.80000000E+04     4.22250000E+02     5.52723974E-02     7.43442200E+00     2.85417890E+00     1.30439936E+01     4.32075510E+03     1.93601971E+01     2.32850000E-05     7.71351950E-03     3.45601000E-05
    4.80000000E+04     4.27250000E+02     5.59268957E-02     7.43442200E+00     2.85417890E+00     1.39997550E+01     4.49091009E+03     2.07735010E+01     2.44097000E-05     7.83074030E-03     3.62203000E-05
    4.80000000E+04     4.32250000E+02     5.65813943E-02     7.43442200E+00     2.85417890E+00     1.50132231E+01     4.66600376E+03     2.22716273E+01     2.55747000E-05     7.94891820E-03     3.79393000E-05
    4.80000000E+04     4.37250000E+02     5.72358927E-02     7.43442200E+00     2.85417890E+00     1.60871552E+01     4.84613840E+03     2.38585853E+01     2.67810000E-05     8.06806630E-03     3.97185000E-05
    4.80000000E+04     4.42250000E+02     5.78903913E-02     7.43442200E+00     2.85417890E+00     1.72244100E+01     5.03141874E+03     2.55385306E+01     2.80296000E-05     8.18819880E-03     4.15594000E-05
    4.80000000E+04     4.47250000E+02     5.85448896E-02     7.43442200E+00     2.85417890E+00     1.84279433E+01     5.22195049E+03     2.73157547E+01     2.93215000E-05     8.30932920E-03     4.34633000E-05
    4.80000000E+04     4.52250000E+02     5.91993883E-02     7.43442200E+00     2.85417890E+00     1.97008155E+01     5.41784163E+03     2.91946991E+01     3.06576000E-05     8.43147130E-03     4.54316000E-05
    4.80000000E+04     4.57250000E+02     5.98538866E-02     7.43442200E+00     2.85417890E+00     2.10461928E+01     5.61920183E+03     3.11799551E+01     3.20389000E-05     8.55463940E-03     4.74657000E-05
    4.80000000E+04     4.62250000E+02     6.05083853E-02     7.43442200E+00     2.85417890E+00     2.24673462E+01     5.82614231E+03     3.32762620E+01     3.34665000E-05     8.67884700E-03     4.95671000E-05
    4.80000000E+04     4.67250000E+02     6.11628836E-02     7.43442200E+00     2.85417890E+00     2.39676617E+01     6.03877674E+03     3.54885227E+01     3.49414000E-05     8.80410900E-03     5.17372000E-05
    4.80000000E+04     4.72250000E+02     6.18173822E-02     7.43442200E+00     2.85417890E+00     2.55506317E+01     6.25721990E+03     3.78217891E+01     3.64646000E-05     8.93043890E-03     5.39774000E-05
    4.80000000E+04     4.77250000E+02     6.24718806E-02     7.43442200E+00     2.85417890E+00     2.72198689E+01     6.48158909E+03     4.02812835E+01     3.80372000E-05     9.05785150E-03     5.62894000E-05
    4.80000000E+04     4.82250000E+02     6.31263792E-02     7.43442200E+00     2.85417890E+00     2.89790987E+01     6.71200300E+03     4.28723866E+01     3.96603000E-05     9.18636070E-03     5.86744000E-05
    4.80000000E+04     4.87250000E+02     6.37808776E-02     7.43442200E+00     2.85417890E+00     3.08321728E+01     6.94858299E+03     4.56006578E+01     4.13349000E-05     9.31598150E-03     6.11341000E-05
    4.80000000E+04     4.92250000E+02     6.44353761E-02     7.43442200E+00     2.85417890E+00     3.27830595E+01     7.19145181E+03     4.84718194E+01     4.30621000E-05     9.44672830E-03     6.36700000E-05
    4.80000000E+04     4.97250000E+02     6.50898746E-02     7.43442200E+00     2.85417890E+00     3.48358560E+01     7.44073448E+03     5.14917749E+01     4.48430000E-05     9.57861570E-03     6.62836000E-05
    4.80000000E+04     5.12250000E+02     6.70533701E-02     7.43442200E+00     2.85417890E+00     4.17682265E+01     8.23528139E+03     6.16803948E+01     5.05773000E-05     9.98247020E-03     7.46900000E-05
    4.80000000E+04     5.37250000E+02     7.03258625E-02     7.43442200E+00     2.85417890E+00     5.56068797E+01     9.68922174E+03     8.19874415E+01     6.12237000E-05     1.06778483E-02     9.02701000E-05
    4.80000000E+04     5.62250000E+02     7.35983549E-02     7.43442200E+00     2.85417890E+00     7.30785558E+01     1.13342184E+04     1.07570472E+02     7.34745000E-05     1.14051627E-02     1.08154600E-04
    4.80000000E+04     5.87250000E+02     7.68708474E-02     7.43442200E+00     2.85417890E+00     9.49116606E+01     1.31892686E+04     1.39467663E+02     8.74848000E-05     1.21664004E-02     1.28555800E-04
    4.80000000E+04     6.12250000E+02     8.01433398E-02     7.43442200E+00     2.85417890E+00     1.21939845E+02     1.52749528E+04     1.78861498E+02     1.03417500E-04     1.29636176E-02     1.51694800E-04
    4.80000000E+04     6.37250000E+02     8.34158323E-02     7.43442200E+00     2.85417890E+00     1.55111909E+02     1.76135517E+04     2.27091048E+02     1.21443200E-04     1.37989440E-02     1.77800700E-04
    4.80000000E+04     6.62250000E+02     8.66883247E-02     7.43442200E+00     2.85417890E+00     1.95502215E+02     2.02291687E+04     2.85664641E+02     1.41740000E-04     1.46745856E-02     2.07110800E-04
    4.80000000E+04     6.87250000E+02     8.99608171E-02     7.43442200E+00     2.85417890E+00     2.44321613E+02     2.31478621E+04     3.56272960E+02     1.64494000E-04     1.55928306E-02     2.39870300E-04
    4.80000000E+04     7.12250000E+02     9.32333096E-02     7.43442200E+00     2.85417890E+00     3.02928871E+02     2.63977818E+04     4.40802451E+02     1.89899200E-04     1.65560520E-02     2.76332500E-04
    4.80000000E+04     7.37250000E+02     9.65058020E-02     7.43442200E+00     2.85417890E+00     3.72842663E+02     3.00093159E+04     5.41349147E+02     2.18157500E-04     1.75667129E-02     3.16757900E-04
    4.80000000E+04     7.62250000E+02     9.97782956E-02     7.43442200E+00     2.85417890E+00     4.55754125E+02     3.40152459E+04     6.60232845E+02     2.49479000E-04     1.86273712E-02     3.61414800E-04
    4.80000000E+04     7.87250000E+02     1.03050786E-01     7.43442200E+00     2.85417890E+00     5.53539885E+02     3.84509083E+04     8.00011533E+02     2.84081900E-04     1.97406833E-02     4.10578700E-04
    4.80000000E+04     8.12250000E+02     1.06323279E-01     7.43442200E+00     2.85417890E+00     6.68275795E+02     4.33543688E+04     9.63496293E+02     3.22193100E-04     2.09094100E-02     4.64532400E-04
    4.80000000E+04     8.37250000E+02     1.09595772E-01     7.43442200E+00     2.85417890E+00     8.02251173E+02     4.87666039E+04     1.15376643E+03     3.64047500E-04     2.21364206E-02     5.23565600E-04
    4.80000000E+04     8.62250000E+02     1.12868265E-01     7.43442200E+00     2.85417890E+00     9.57983745E+02     5.47316965E+04     1.37418500E+03     4.09889000E-04     2.34246995E-02     5.87975000E-04
    4.80000000E+04     8.87250000E+02     1.16140756E-01     7.43442200E+00     2.85417890E+00     1.13823506E+03     6.12970360E+04     1.62841461E+03     4.59970200E-04     2.47773493E-02     6.58064100E-04
    4.80000000E+04     9.12250000E+02     1.19413249E-01     7.43442200E+00     2.85417890E+00     1.34602681E+03     6.85135390E+04     1.92043360E+03     5.14552400E-04     2.61975989E-02     7.34143100E-04
    4.80000000E+04     9.37250000E+02     1.22685742E-01     7.43442200E+00     2.85417890E+00     1.58465766E+03     7.64358734E+04     2.25455260E+03     5.73906400E-04     2.76888067E-02     8.16528800E-04
    4.80000000E+04     9.62250000E+02     1.25958235E-01     7.43442200E+00     2.85417890E+00     1.85772078E+03     8.51227025E+04     2.63543143E+03     6.38311900E-04     2.92544682E-02     9.05544400E-04
    4.80000000E+04     9.87250000E+02     1.29230725E-01     7.43442200E+00     2.85417890E+00     2.16912230E+03     9.46369379E+04     3.06809647E+03     7.08058400E-04     3.08982207E-02     1.00151980E-03
    4.80000000E+04     1.01225000E+03     1.32503218E-01     7.43442200E+00     2.85417890E+00     2.52310024E+03     1.05046005E+05     3.55795828E+03     7.83444800E-04     3.26238497E-02     1.10479130E-03
    4.80000000E+04     1.03725000E+03     1.35775712E-01     7.43442200E+00     2.85417890E+00     2.92424466E+03     1.16422134E+05     4.11083008E+03     8.64780200E-04     3.44352950E-02     1.21570170E-03
    4.80000000E+04     1.06225000E+03     1.39048205E-01     7.43442200E+00     2.85417890E+00     3.37751827E+03     1.28842648E+05     4.73294658E+03     9.52383600E-04     3.63366580E-02     1.33460050E-03
    4.80000000E+04     1.08725000E+03     1.42320695E-01     7.43442200E+00     2.85417890E+00     3.88827802E+03     1.42390282E+05     5.43098312E+03     1.04658460E-03     3.83322051E-02     1.46184370E-03
    4.80000000E+04     1.11225000E+03     1.45593188E-01     7.43442200E+00     2.85417890E+00     4.46229798E+03     1.57153514E+05     6.21207641E+03     1.14772340E-03     4.04263777E-02     1.59779440E-03
    4.80000000E+04     1.13725000E+03     1.48865681E-01     7.43442200E+00     2.85417890E+00     5.10579253E+03     1.73226903E+05     7.08384507E+03     1.25615110E-03     4.26237947E-02     1.74282270E-03
    4.80000000E+04     1.16225000E+03     1.52138175E-01     7.43442200E+00     2.85417890E+00     5.82544109E+03     1.90711457E+05     8.05441180E+03     1.37223020E-03     4.49292612E-02     1.89730620E-03
    4.80000000E+04     1.18725000E+03     1.55410665E-01     7.43442200E+00     2.85417890E+00     6.62841401E+03     2.09715017E+05     9.13242682E+03     1.49633490E-03     4.73477737E-02     2.06163020E-03
    4.80000000E+04     1.21225000E+03     1.58683158E-01     7.43442200E+00     2.85417890E+00     7.52239933E+03     2.30352646E+05     1.03270923E+04     1.62885110E-03     4.98845272E-02     2.23618870E-03
    4.80000000E+04     1.23725000E+03     1.61955651E-01     7.43442200E+00     2.85417890E+00     8.51563046E+03     2.52747043E+05     1.16481879E+04     1.77017740E-03     5.25449182E-02     2.42138420E-03
    4.80000000E+04     1.26225000E+03     1.65228144E-01     7.43442200E+00     2.85417890E+00     9.61691617E+03     2.77028976E+05     1.31060996E+04     1.92072480E-03     5.53345528E-02     2.61762910E-03
    4.80000000E+04     1.28725000E+03     1.68500635E-01     7.43442200E+00     2.85417890E+00     1.08356709E+04     3.03337733E+05     1.47118491E+04     2.08091800E-03     5.82592509E-02     2.82534650E-03
    4.80000000E+04     1.31225000E+03     1.71773127E-01     7.43442200E+00     2.85417890E+00     1.21819463E+04     3.31821564E+05     1.64771250E+04     2.25119480E-03     6.13250476E-02     3.04497050E-03
    4.80000000E+04     1.33725000E+03     1.75045621E-01     7.43442200E+00     2.85417890E+00     1.36664669E+04     3.62638191E+05     1.84143219E+04     2.43200770E-03     6.45382037E-02     3.27694870E-03
    4.80000000E+04     1.36225000E+03     1.78318114E-01     7.43442200E+00     2.85417890E+00     1.53006632E+04     3.95955269E+05     2.05365752E+04     2.62382360E-03     6.79052022E-02     3.52174220E-03
    4.80000000E+04     1.38725000E+03     1.81590605E-01     7.43442200E+00     2.85417890E+00     1.70967104E+04     4.31950903E+05     2.28578054E+04     2.82712480E-03     7.14327543E-02     3.77982820E-03
    4.80000000E+04     1.41225000E+03     1.84863097E-01     7.43442200E+00     2.85417890E+00     1.90675654E+04     4.70814139E+05     2.53927636E+04     3.04240930E-03     7.51277968E-02     4.05170130E-03
    4.80000000E+04     1.43725000E+03     1.88135590E-01     7.43442200E+00     2.85417890E+00     2.12270106E+04     5.12745517E+05     2.81570869E+04     3.27019200E-03     7.89974976E-02     4.33787580E-03
    4.80000000E+04     1.46225000E+03     1.91408084E-01     7.43442200E+00     2.85417890E+00     2.35896939E+04     5.57957551E+05     3.11673525E+04     3.51100460E-03     8.30492478E-02     4.63888820E-03
    4.80000000E+04     1.48725000E+03     1.94680575E-01     7.43442200E+00     2.85417890E+00     2.61711763E+04     6.06675287E+05     3.44411451E+04     3.76539700E-03     8.72906636E-02     4.95529980E-03
    4.80000000E+04     1.51225000E+03     1.97953067E-01     7.43442200E+00     2.85417890E+00     2.89879771E+04     6.59136772E+05     3.79971272E+04     4.03393770E-03     9.17295758E-02     5.28769950E-03
    4.80000000E+04     1.53725000E+03     2.01225560E-01     7.43442200E+00     2.85417890E+00     3.20576249E+04     7.15593581E+05     4.18551199E+04     4.31721450E-03     9.63740238E-02     5.63670760E-03
    4.80000000E+04     1.56225000E+03     2.04498053E-01     7.43442200E+00     2.85417890E+00     3.53987126E+04     7.76311320E+05     4.60361987E+04     4.61583610E-03     1.01232250E-01     6.00298000E-03
    4.80000000E+04     1.58725000E+03     2.07770545E-01     7.43442200E+00     2.85417890E+00     3.90309486E+04     8.41570041E+05     5.05627889E+04     4.93043200E-03     1.06312679E-01     6.38721150E-03
    4.80000000E+04     1.61225000E+03     2.11043037E-01     7.43442200E+00     2.85417890E+00     4.29752183E+04     9.11664681E+05     5.54587848E+04     5.26165420E-03     1.11623905E-01     6.79014170E-03
    4.80000000E+04     1.63725000E+03     2.14315530E-01     7.43442200E+00     2.85417890E+00     4.72536421E+04     9.86905421E+05     6.07496742E+04     5.61017740E-03     1.17174667E-01     7.21255940E-03
    4.80000000E+04     1.66225000E+03     2.17588023E-01     7.43442200E+00     2.85417890E+00     5.18896449E+04     1.06761804E+06     6.64626892E+04     5.97670110E-03     1.22973834E-01     7.65530930E-03
    4.80000000E+04     1.68725000E+03     2.20860515E-01     7.43442200E+00     2.85417890E+00     5.69080210E+04     1.15414411E+06     7.26269656E+04     6.36195000E-03     1.29030366E-01     8.11929830E-03
    4.80000000E+04     1.71225000E+03     2.24133006E-01     7.43442200E+00     2.85417890E+00     6.23350045E+04     1.24684118E+06     7.92737215E+04     6.76667490E-03     1.35353281E-01     8.60550210E-03
    4.80000000E+04     1.73725000E+03     2.27405499E-01     7.43442200E+00     2.85417890E+00     6.81983447E+04     1.34608283E+06     8.64364627E+04     7.19165410E-03     1.41951616E-01     9.11497340E-03
    4.80000000E+04     1.76225000E+03     2.30677993E-01     7.43442200E+00     2.85417890E+00     7.45273866E+04     1.45225855E+06     9.41512114E+04     7.63769480E-03     1.48834384E-01     9.64885060E-03
    4.80000000E+04     1.78725000E+03     2.33950485E-01     7.43442200E+00     2.85417890E+00     8.13531534E+04     1.56577362E+06     1.02456760E+05     8.10563410E-03     1.56010518E-01     1.02083667E-02
    4.80000000E+04     1.81225000E+03     2.37222976E-01     7.43442200E+00     2.85417890E+00     8.87084285E+04     1.68704862E+06     1.11394943E+05     8.59633980E-03     1.63488806E-01     1.07948590E-02
    4.80000000E+04     1.83725000E+03     2.40495469E-01     7.43442200E+00     2.85417890E+00     9.66278480E+04     1.81651893E+06     1.21010959E+05     9.11071210E-03     1.71277830E-01     1.14097803E-02
    4.80000000E+04     1.86225000E+03     2.43767962E-01     7.43442200E+00     2.85417890E+00     1.05147993E+05     1.95463388E+06     1.31353704E+05     9.64968410E-03     1.79385888E-01     1.20547093E-02
    4.80000000E+04     1.88725000E+03     2.47040455E-01     7.43442200E+00     2.85417890E+00     1.14307486E+05     2.10185579E+06     1.42476158E+05     1.02142239E-02     1.87820904E-01     1.27313635E-02
    4.80000000E+04     1.91225000E+03     2.50312946E-01     7.43442200E+00     2.85417890E+00     1.24147089E+05     2.25865860E+06     1.54435786E+05     1.08053341E-02     1.96590340E-01     1.34416112E-02
    4.80000000E+04     1.93725000E+03     2.53585439E-01     7.43442200E+00     2.85417890E+00     1.34709814E+05     2.42552628E+06     1.67295009E+05     1.14240546E-02     2.05701093E-01     1.41874856E-02
    4.80000000E+04     1.96225000E+03     2.56857932E-01     7.43442200E+00     2.85417890E+00     1.46041019E+05     2.60295093E+06     1.81121670E+05     1.20714618E-02     2.15159376E-01     1.49711969E-02
    4.80000000E+04     1.98725000E+03     2.60130425E-01     7.43442200E+00     2.85417890E+00     1.58188514E+05     2.79143041E+06     1.95989583E+05     1.27486702E-02     2.24970602E-01     1.57951474E-02
    4.80000000E+04     2.01225000E+03     2.63402915E-01     7.43442200E+00     2.85417890E+00     1.71202676E+05     2.99146575E+06     2.11979089E+05     1.34568325E-02     2.35139253E-01     1.66619458E-02
    4.80000000E+04     2.03725000E+03     2.66675408E-01     7.43442200E+00     2.85417890E+00     1.85136557E+05     3.20355801E+06     2.29177674E+05     1.41971403E-02     2.45668740E-01     1.75744209E-02
    4.80000000E+04     2.06225000E+03     2.69947902E-01     7.43442200E+00     2.85417890E+00     2.00045983E+05     3.42820477E+06     2.47680596E+05     1.49708233E-02     2.56561254E-01     1.85356352E-02
    4.80000000E+04     2.08725000E+03     2.73220395E-01     7.43442200E+00     2.85417890E+00     2.15989679E+05     3.66589628E+06     2.67591588E+05     1.57791505E-02     2.67817622E-01     1.95488999E-02
    4.80000000E+04     2.11225000E+03     2.76492885E-01     7.43442200E+00     2.85417890E+00     2.33029338E+05     3.91711088E+06     2.89023521E+05     1.66234274E-02     2.79437130E-01     2.06177848E-02
    4.80000000E+04     2.13725000E+03     2.79765378E-01     7.43442200E+00     2.85417890E+00     2.51229768E+05     4.18231045E+06     3.12099193E+05     1.75049981E-02     2.91417393E-01     2.17461330E-02
    4.80000000E+04     2.16225000E+03     2.83037871E-01     7.43442200E+00     2.85417890E+00     2.70658950E+05     4.46193494E+06     3.36952018E+05     1.84252412E-02     3.03754165E-01     2.29380689E-02
    4.80000000E+04     2.18725000E+03     2.86310365E-01     7.43442200E+00     2.85417890E+00     2.91388124E+05     4.75639680E+06     3.63726800E+05     1.93855686E-02     3.16441191E-01     2.41980054E-02
    4.80000000E+04     2.21225000E+03     2.89582855E-01     7.43442200E+00     2.85417890E+00     3.13491883E+05     5.06607496E+06     3.92580473E+05     2.03874241E-02     3.29470058E-01     2.55306510E-02
    4.80000000E+04     2.23725000E+03     2.92855348E-01     7.43442200E+00     2.85417890E+00     3.37048231E+05     5.39130866E+06     4.23682842E+05     2.14322799E-02     3.42830043E-01     2.69410118E-02
    4.80000000E+04     2.26225000E+03     2.96127841E-01     7.43442200E+00     2.85417890E+00     3.62138646E+05     5.73239096E+06     4.57217273E+05     2.25216341E-02     3.56508004E-01     2.84343906E-02
    4.80000000E+04     2.28725000E+03     2.99400334E-01     7.43442200E+00     2.85417890E+00     3.88848072E+05     6.08956182E+06     4.93381290E+05     2.36570033E-02     3.70488228E-01     3.00163792E-02
    4.80000000E+04     2.31225000E+03     3.02672825E-01     7.43442200E+00     2.85417890E+00     4.17265018E+05     6.46300213E+06     5.32387247E+05     2.48399244E-02     3.84752395E-01     3.16928548E-02
    4.80000000E+04     2.33725000E+03     3.05945317E-01     7.43442200E+00     2.85417890E+00     4.47481484E+05     6.85282659E+06     5.74462710E+05     2.60719429E-02     3.99279474E-01     3.34699592E-02
    4.80000000E+04     2.36225000E+03     3.09217811E-01     7.43442200E+00     2.85417890E+00     4.79592994E+05     7.25907810E+06     6.19850915E+05     2.73546116E-02     4.14045723E-01     3.53540836E-02
    4.80000000E+04     2.38725000E+03     3.12490304E-01     7.43442200E+00     2.85417890E+00     5.13698542E+05     7.68172181E+06     6.68810976E+05     2.86894829E-02     4.29024698E-01     3.73518412E-02
    4.80000000E+04     2.41225000E+03     3.15762795E-01     7.43442200E+00     2.85417890E+00     5.49900519E+05     8.12064023E+06     7.21617988E+05     3.00781022E-02     4.44187298E-01     3.94700362E-02
    4.80000000E+04     2.43725000E+03     3.19035287E-01     7.43442200E+00     2.85417890E+00     5.88304686E+05     8.57562925E+06     7.78563013E+05     3.15220027E-02     4.59501896E-01     4.17156290E-02
    4.80000000E+04     2.46225000E+03     3.22307780E-01     7.43442200E+00     2.85417890E+00     6.29020020E+05     9.04639475E+06     8.39952764E+05     3.30226968E-02     4.74934462E-01     4.40956908E-02
    4.80000000E+04     2.48725000E+03     3.25580274E-01     7.43442200E+00     2.85417890E+00     6.72158644E+05     9.53255117E+06     9.06109226E+05     3.45816702E-02     4.90448804E-01     4.66173580E-02
    4.80000000E+04     2.52475000E+03     3.30489011E-01     7.43442200E+00     2.85417890E+00     7.42002316E+05     1.02913276E+07     1.01572557E+06     3.70402948E-02     5.13787758E-01     5.07009122E-02
    4.80000000E+04     2.57475000E+03     3.37033997E-01     7.43442200E+00     2.85417890E+00     8.44284594E+05     1.13491613E+07     1.18097245E+06     4.05256452E-02     5.44816714E-01     5.66825624E-02
    4.80000000E+04     2.62475000E+03     3.43578981E-01     7.43442200E+00     2.85417890E+00     9.58421097E+05     1.24570806E+07     1.37176127E+06     4.42687026E-02     5.75446199E-01     6.33558259E-02
    4.80000000E+04     2.67475000E+03     3.50123966E-01     7.43442200E+00     2.85417890E+00     1.08543362E+06     1.36080421E+07     1.59122757E+06     4.82789881E-02     6.05342217E-01     7.07708278E-02
    4.80000000E+04     2.72475000E+03     3.56668951E-01     7.43442200E+00     2.85417890E+00     1.22637635E+06     1.47941690E+07     1.84259849E+06     5.25649860E-02     6.34185181E-01     7.89715411E-02
    4.80000000E+04     2.77475000E+03     3.63213936E-01     7.43442200E+00     2.85417890E+00     1.38233241E+06     1.60071593E+07     2.12913363E+06     5.71341239E-02     6.61686381E-01     8.79941159E-02
    4.80000000E+04     2.82475000E+03     3.69758920E-01     7.43442200E+00     2.85417890E+00     1.55441215E+06     1.72387545E+07     2.45406670E+06     6.19928353E-02     6.87603283E-01     9.78656454E-02
    4.80000000E+04     2.87475000E+03     3.76303906E-01     7.43442200E+00     2.85417890E+00     1.74375318E+06     1.84812285E+07     2.82055311E+06     6.71466904E-02     7.11752128E-01     1.08603490E-01
    4.80000000E+04     2.92475000E+03     3.82848890E-01     7.43442200E+00     2.85417890E+00     1.95152271E+06     1.97278497E+07     3.23162857E+06     7.26005871E-02     7.34016610E-01     1.20215228E-01
    4.80000000E+04     2.97475000E+03     3.89393875E-01     7.43442200E+00     2.85417890E+00     2.17892139E+06     2.09732750E+07     3.69018196E+06     7.83589731E-02     7.54351848E-01     1.32699206E-01
    4.80000000E+04     3.02475000E+03     3.95938860E-01     7.43442200E+00     2.85417890E+00     2.42718828E+06     2.22138405E+07     4.19894348E+06     8.44260656E-02     7.72783447E-01     1.46045599E-01
    4.80000000E+04     3.07475000E+03     4.02483845E-01     7.43442200E+00     2.85417890E+00     2.69760685E+06     2.34477341E+07     4.76048845E+06     9.08060646E-02     7.89402178E-01     1.60237867E-01
    4.80000000E+04     3.12475000E+03     4.09028830E-01     7.43442200E+00     2.85417890E+00     2.99150994E+06     2.46750384E+07     5.37725253E+06     9.75032985E-02     8.04354921E-01     1.75254363E-01
    4.80000000E+04     3.17475000E+03     4.15573815E-01     7.43442200E+00     2.85417890E+00     3.31028415E+06     2.58976607E+07     6.05155628E+06     1.04522320E-01     8.17833244E-01     1.91069989E-01
    4.80000000E+04     3.22475000E+03     4.22118800E-01     7.43442200E+00     2.85417890E+00     3.65537262E+06     2.71191670E+07     6.78563422E+06     1.11867938E-01     8.30060738E-01     2.07657724E-01
    4.80000000E+04     3.27475000E+03     4.28663784E-01     7.43442200E+00     2.85417890E+00     4.02827585E+06     2.83445476E+07     7.58166472E+06     1.19545181E-01     8.41280317E-01     2.24989913E-01
    4.80000000E+04     3.32475000E+03     4.35208770E-01     7.43442200E+00     2.85417890E+00     4.43055026E+06     2.95799382E+07     8.44179665E+06     1.27559199E-01     8.51742306E-01     2.43039261E-01
    4.80000000E+04     3.37475000E+03     4.41753754E-01     7.43442200E+00     2.85417890E+00     4.86380507E+06     3.08323287E+07     9.36817204E+06     1.35915141E-01     8.61694115E-01     2.61779527E-01
    4.80000000E+04     3.42475000E+03     4.48298739E-01     7.43442200E+00     2.85417890E+00     5.32969710E+06     3.21092714E+07     1.03629418E+07     1.44617990E-01     8.71371697E-01     2.81185919E-01
    4.80000000E+04     3.47475000E+03     4.54843724E-01     7.43442200E+00     2.85417890E+00     5.82992508E+06     3.34186132E+07     1.14282768E+07     1.53672413E-01     8.80993092E-01     3.01235290E-01
    4.80000000E+04     3.52475000E+03     4.61388709E-01     7.43442200E+00     2.85417890E+00     6.36622295E+06     3.47682560E+07     1.25663732E+07     1.63082618E-01     8.90753848E-01     3.21906136E-01
    4.80000000E+04     3.57475000E+03     4.67933693E-01     7.43442200E+00     2.85417890E+00     6.94035294E+06     3.61659506E+07     1.37794531E+07     1.72852225E-01     9.00824164E-01     3.43178486E-01
    4.80000000E+04     3.62475000E+03     4.74478679E-01     7.43442200E+00     2.85417890E+00     7.55409980E+06     3.76191303E+07     1.50697642E+07     1.82984188E-01     9.11347580E-01     3.65033751E-01
    4.80000000E+04     3.67475000E+03     4.81023663E-01     7.43442200E+00     2.85417890E+00     8.20926617E+06     3.91347811E+07     1.64395783E+07     1.93480769E-01     9.22440895E-01     3.87454587E-01
    4.80000000E+04     3.72475000E+03     4.87568649E-01     7.43442200E+00     2.85417890E+00     8.90767031E+06     4.07193494E+07     1.78911921E+07     2.04343560E-01     9.34195079E-01     4.10424810E-01
    4.80000000E+04     3.77475000E+03     4.94113633E-01     7.43442200E+00     2.85417890E+00     9.65114481E+06     4.23786792E+07     1.94269279E+07     2.15573541E-01     9.46676879E-01     4.33929326E-01
    4.80000000E+04     3.82475000E+03     5.00658619E-01     7.43442200E+00     2.85417890E+00     1.04415398E+07     4.41179855E+07     2.10491421E+07     2.27171219E-01     9.59931060E-01     4.57954217E-01
    4.80000000E+04     3.87475000E+03     5.07203602E-01     7.43442200E+00     2.85417890E+00     1.12807277E+07     4.59418529E+07     2.27602338E+07     2.39136785E-01     9.73982968E-01     4.82486833E-01
    4.80000000E+04     3.92475000E+03     5.13748589E-01     7.43442200E+00     2.85417890E+00     1.21706105E+07     4.78542589E+07     2.45626591E+07     2.51470308E-01     9.88841332E-01     5.07515970E-01
    4.80000000E+04     3.97475000E+03     5.20293572E-01     7.43442200E+00     2.85417890E+00     1.31131307E+07     4.98586227E+07     2.64589513E+07     2.64171971E-01     1.00450124E+00     5.33032129E-01
    4.80000000E+04     4.02475000E+03     5.26838559E-01     7.43442200E+00     2.85417890E+00     1.41102828E+07     5.19578662E+07     2.84517387E+07     2.77242270E-01     1.02094700E+00     5.59027707E-01
    4.80000000E+04     4.07475000E+03     5.33383542E-01     7.43442200E+00     2.85417890E+00     1.51641261E+07     5.41544929E+07     3.05437681E+07     2.90682236E-01     1.03815496E+00     5.85497223E-01
    4.80000000E+04     4.12475000E+03     5.39928528E-01     7.43442200E+00     2.85417890E+00     1.62767995E+07     5.64506766E+07     3.27379288E+07     3.04493636E-01     1.05609621E+00     6.12437548E-01
    4.80000000E+04     4.17475000E+03     5.46473512E-01     7.43442200E+00     2.85417890E+00     1.74505329E+07     5.88483509E+07     3.50372692E+07     3.18679096E-01     1.07473889E+00     6.39847941E-01
    4.80000000E+04     4.22475000E+03     5.53018498E-01     7.43442200E+00     2.85417890E+00     1.86876613E+07     6.13493034E+07     3.74450196E+07     3.33242245E-01     1.09405028E+00     6.67730187E-01
    4.80000000E+04     4.27475000E+03     5.59563481E-01     7.43442200E+00     2.85417890E+00     1.99906317E+07     6.39552598E+07     3.99645990E+07     3.48187709E-01     1.11399848E+00     6.96088413E-01
    4.80000000E+04     4.32475000E+03     5.66108468E-01     7.43442200E+00     2.85417890E+00     2.13620135E+07     6.66679679E+07     4.25996296E+07     3.63521166E-01     1.13455382E+00     7.24929073E-01
    4.80000000E+04     4.37475000E+03     5.72653451E-01     7.43442200E+00     2.85417890E+00     2.28044985E+07     6.94892589E+07     4.53539305E+07     3.79249219E-01     1.15568974E+00     7.54260562E-01
    4.80000000E+04     4.42475000E+03     5.79198437E-01     7.43442200E+00     2.85417890E+00     2.43209052E+07     7.24211091E+07     4.82315196E+07     3.95379337E-01     1.17738346E+00     7.84093013E-01
    4.80000000E+04     4.47475000E+03     5.85743421E-01     7.43442200E+00     2.85417890E+00     2.59141716E+07     7.54656715E+07     5.12365942E+07     4.11919636E-01     1.19961619E+00     8.14437777E-01
    4.80000000E+04     4.52475000E+03     5.92288407E-01     7.43442200E+00     2.85417890E+00     2.75873511E+07     7.86253058E+07     5.43735175E+07     4.28878723E-01     1.22237317E+00     8.45307050E-01
    4.80000000E+04     4.57475000E+03     5.98833391E-01     7.43442200E+00     2.85417890E+00     2.93435985E+07     8.19025808E+07     5.76467876E+07     4.46265414E-01     1.24564334E+00     8.76713290E-01
    4.80000000E+04     4.62475000E+03     6.05378377E-01     7.43442200E+00     2.85417890E+00     3.11861594E+07     8.53002731E+07     6.10610118E+07     4.64088530E-01     1.26941894E+00     9.08668774E-01
    4.80000000E+04     4.67475000E+03     6.11923361E-01     7.43442200E+00     2.85417890E+00     3.31183517E+07     8.88213496E+07     6.46208681E+07     4.82356605E-01     1.29369497E+00     9.41185021E-01
    4.80000000E+04     4.72475000E+03     6.18468346E-01     7.43442200E+00     2.85417890E+00     3.51435458E+07     9.24689358E+07     6.83310642E+07     5.01077622E-01     1.31846838E+00     9.74272272E-01
    4.80000000E+04     4.77475000E+03     6.25013331E-01     7.43442200E+00     2.85417890E+00     3.72651433E+07     9.62462792E+07     7.21962935E+07     5.20258743E-01     1.34373747E+00     1.00793898E+00
    4.80000000E+04     4.82475000E+03     6.31558316E-01     7.43442200E+00     2.85417890E+00     3.94865538E+07     1.00156710E+08     7.62211892E+07     5.39906073E-01     1.36950117E+00     1.04219133E+00
    4.80000000E+04     4.87475000E+03     6.38103300E-01     7.43442200E+00     2.85417890E+00     4.18111700E+07     1.04203590E+08     8.04102743E+07     5.60024403E-01     1.39575824E+00     1.07703282E+00
    4.80000000E+04     4.92475000E+03     6.44648286E-01     7.43442200E+00     2.85417890E+00     4.42423413E+07     1.08390264E+08     8.47679100E+07     5.80617000E-01     1.42250674E+00     1.11246380E+00
    4.80000000E+04     4.97475000E+03     6.51193270E-01     7.43442200E+00     2.85417890E+00     4.67833448E+07     1.12720005E+08     8.92982380E+07     6.01685366E-01     1.44974342E+00     1.14848104E+00
    4.80000000E+04     5.00000000E+03     6.54498490E-01     7.43442200E+00     2.85417890E+00     4.81045250E+07     1.14955730E+08     9.16454790E+07     6.12485820E-01     1.46366180E+00     1.16686650E+00
