    4.80000000E+04     5.00000000E-01     6.54498000E-05     1.43095460E+00     8.14135000E-05     0.00000000E+00     8.80000000E-09     0.00000000E+00     0.00000000E+00     1.12000000E-08     0.00000000E+00
    4.80000000E+04     1.00000000E+00     1.30899700E-04     1.43095460E+00     8.14135000E-05     0.00000000E+00     7.02000000E-08     0.00000000E+00     0.00000000E+00     2.23000000E-08     0.00000000E+00
    4.80000000E+04     1.50000000E+00     1.96349600E-04     1.43095460E+00     8.14135000E-05     0.00000000E+00     2.36900000E-07     0.00000000E+00     0.00000000E+00     3.35000000E-08     0.00000000E+00
    4.80000000E+04     2.00000000E+00     2.61799400E-04     1.43095460E+00     8.14135000E-05     0.00000000E+00     5.61400000E-07     0.00000000E+00     0.00000000E+00     4.47000000E-08     0.00000000E+00
    4.80000000E+04     2.50000000E+00     3.27249200E-04     1.43095460E+00     8.14135000E-05     0.00000000E+00     1.09660000E-06     0.00000000E+00     0.00000000E+00     5.58000000E-08     0.00000000E+00
    4.80000000E+04     3.00000000E+00     3.92699100E-04     1.43095460E+00     8.14135000E-05     0.00000000E+00     1.89490000E-06     0.00000000E+00     0.00000000E+00     6.70000000E-08     0.00000000E+00
    4.80000000E+04     3.50000000E+00     4.58148900E-04     1.43095460E+00     8.14135000E-05     0.00000000E+00     3.00900000E-06     0.00000000E+00     0.00000000E+00     7.82000000E-08     0.00000000E+00
    4.80000000E+04     4.00000000E+00     5.23598800E-04     1.43095460E+00     8.14135000E-05     0.00000000E+00     4.49160000E-06     0.00000000E+00     0.00000000E+00     8.94000000E-08     0.00000000E+00
    4.80000000E+04     4.50000000E+00     5.89048600E-04     1.43095460E+00     8.14135000E-05     0.00000000E+00     6.39530000E-06     0.00000000E+00     0.00000000E+00     1.00500000E-07     0.00000000E+00
    4.80000000E+04     5.00000000E+00     6.54498500E-04     1.43095460E+00     8.14135000E-05     0.00000000E+00     8.77260000E-06     0.00000000E+00     0.00000000E+00     1.11700000E-07     0.00000000E+00
    4.80000000E+04     5.50000000E+00     7.19948300E-04     1.43095460E+00     8.14135000E-05     0.00000000E+00     1.16764000E-05     0.00000000E+00     0.00000000E+00     1.22900000E-07     0.00000000E+00
    4.80000000E+04     6.00000000E+00     7.85398200E-04     1.43095460E+00     8.14135000E-05     0.00000000E+00     1.51591000E-05     0.00000000E+00     0.00000000E+00     1.34000000E-07     0.00000000E+00
    4.80000000E+04     6.50000000E+00     8.50848000E-04     1.43095460E+00     8.14135000E-05     0.00000000E+00     1.92735000E-05     0.00000000E+00     0.00000000E+00     1.45200000E-07     0.00000000E+00
    4.80000000E+04     7.00000000E+00     9.16297900E-04     1.43095460E+00     8.14135000E-05     0.00000000E+00     2.40722000E-05     0.00000000E+00     0.00000000E+00     1.56400000E-07     0.00000000E+00
    4.80000000E+04     7.50000000E+00     9.81747700E-04     1.43095460E+00     8.14135000E-05     0.00000000E+00     2.96077000E-05     0.00000000E+00     0.00000000E+00     1.67500000E-07     0.00000000E+00
    4.80000000E+04     8.00000000E+00     1.04719760E-03     1.43095460E+00     8.14135000E-05     0.00000000E+00     3.59328000E-05     1.00000000E-10     0.00000000E+00     1.78700000E-07     0.00000000E+00
    4.80000000E+04     8.50000000E+00     1.11264740E-03     1.43095460E+00     8.14135000E-05     1.00000000E-10     4.31001000E-05     1.00000000E-10     0.00000000E+00     1.89900000E-07     0.00000000E+00
    4.80000000E+04     9.00000000E+00     1.17809730E-03     1.43095460E+00     8.14135000E-05     1.00000000E-10     5.11622000E-05     1.00000000E-10     0.00000000E+00     2.01100000E-07     0.00000000E+00
    4.80000000E+04     9.50000000E+00     1.24354710E-03     1.43095460E+00     8.14135000E-05     1.00000000E-10     6.01717000E-05     2.00000000E-10     0.00000000E+00     2.12200000E-07     0.00000000E+00
    4.80000000E+04     1.00000000E+01     1.30899700E-03     1.43095460E+00     8.14135000E-05     2.00000000E-10     7.01813000E-05     2.00000000E-10     0.00000000E+00     2.23400000E-07     0.00000000E+00
    4.80000000E+04     1.05000000E+01     1.37444680E-03     1.43095460E+00     8.14135000E-05     2.00000000E-10     8.12437000E-05     3.00000000E-10     0.00000000E+00     2.34600000E-07     0.00000000E+00
    4.80000000E+04     1.10000000E+01     1.43989670E-03     1.43095460E+00     8.14135000E-05     3.00000000E-10     9.34115000E-05     4.00000000E-10     0.00000000E+00     2.45700000E-07     0.00000000E+00
    4.80000000E+04     1.15000000E+01     1.50534650E-03     1.43095460E+00     8.14135000E-05     4.00000000E-10     1.06737200E-04     6.00000000E-10     0.00000000E+00     2.56900000E-07     0.00000000E+00
    4.80000000E+04     1.20000000E+01     1.57079640E-03     1.43095460E+00     8.14135000E-05     5.00000000E-10     1.21273600E-04     7.00000000E-10     0.00000000E+00     2.68100000E-07     0.00000000E+00
    4.80000000E+04     1.25000000E+01     1.63624620E-03     1.43095460E+00     8.14135000E-05     6.00000000E-10     1.37073300E-04     9.00000000E-10     0.00000000E+00     2.79200000E-07     0.00000000E+00
    4.80000000E+04     1.30000000E+01     1.70169610E-03     1.43095460E+00     8.14135000E-05     8.00000000E-10     1.54188900E-04     1.20000000E-09     0.00000000E+00     2.90400000E-07     0.00000000E+00
    4.80000000E+04     1.35000000E+01     1.76714590E-03     1.43095460E+00     8.14135000E-05     1.00000000E-09     1.72673100E-04     1.50000000E-09     0.00000000E+00     3.01600000E-07     0.00000000E+00
    4.80000000E+04     1.40000000E+01     1.83259580E-03     1.43095460E+00     8.14135000E-05     1.20000000E-09     1.92578500E-04     1.90000000E-09     0.00000000E+00     3.12800000E-07     0.00000000E+00
    4.80000000E+04     1.45000000E+01     1.89804560E-03     1.43095460E+00     8.14135000E-05     1.50000000E-09     2.13957800E-04     2.30000000E-09     0.00000000E+00     3.23900000E-07     0.00000000E+00
    4.80000000E+04     1.50000000E+01     1.96349550E-03     1.43095460E+00     8.14135000E-05     1.90000000E-09     2.36863600E-04     2.80000000E-09     0.00000000E+00     3.35100000E-07     0.00000000E+00
    4.80000000E+04     1.55000000E+01     2.02894530E-03     1.43095460E+00     8.14135000E-05     2.30000000E-09     2.61348500E-04     3.40000000E-09     0.00000000E+00     3.46300000E-07     0.00000000E+00
    4.80000000E+04     1.60000000E+01     2.09439520E-03     1.43095460E+00     8.14135000E-05     2.80000000E-09     2.87465300E-04     4.10000000E-09     0.00000000E+00     3.57400000E-07     0.00000000E+00
    4.80000000E+04     1.65000000E+01     2.15984500E-03     1.43095460E+00     8.14135000E-05     3.30000000E-09     3.15266400E-04     5.00000000E-09     0.00000000E+00     3.68600000E-07     0.00000000E+00
    4.80000000E+04     1.70000000E+01     2.22529490E-03     1.43095460E+00     8.14135000E-05     4.00000000E-09     3.44804600E-04     6.00000000E-09     0.00000000E+00     3.79800000E-07     0.00000000E+00
    4.80000000E+04     1.75000000E+01     2.29074470E-03     1.43095460E+00     8.14135000E-05     4.70000000E-09     3.76132600E-04     7.10000000E-09     0.00000000E+00     3.90900000E-07     0.00000000E+00
    4.80000000E+04     1.80000000E+01     2.35619460E-03     1.43095460E+00     8.14135000E-05     5.60000000E-09     4.09303000E-04     8.40000000E-09     0.00000000E+00     4.02100000E-07     0.00000000E+00
    4.80000000E+04     1.85000000E+01     2.42164440E-03     1.43095460E+00     8.14135000E-05     6.60000000E-09     4.44368400E-04     9.90000000E-09     0.00000000E+00     4.13300000E-07     0.00000000E+00
    4.80000000E+04     1.90000000E+01     2.48709430E-03     1.43095460E+00     8.14135000E-05     7.80000000E-09     4.81381500E-04     1.16000000E-08     0.00000000E+00     4.24500000E-07     0.00000000E+00
    4.80000000E+04     1.95000000E+01     2.55254410E-03     1.43095460E+00     8.14135000E-05     9.10000000E-09     5.20394900E-04     1.36000000E-08     0.00000000E+00     4.35600000E-07     0.00000000E+00
    4.80000000E+04     2.00000000E+01     2.61799400E-03     1.43095460E+00     8.14135000E-05     1.05000000E-08     5.61461400E-04     1.58000000E-08     0.00000000E+00     4.46800000E-07     0.00000000E+00
    4.80000000E+04     2.05000000E+01     2.68344380E-03     1.43095460E+00     8.14135000E-05     1.22000000E-08     6.04633500E-04     1.83000000E-08     0.00000000E+00     4.58000000E-07     0.00000000E+00
    4.80000000E+04     2.10000000E+01     2.74889360E-03     1.43095460E+00     8.14135000E-05     1.41000000E-08     6.49963900E-04     2.12000000E-08     0.00000000E+00     4.69100000E-07     0.00000000E+00
    4.80000000E+04     2.15000000E+01     2.81434350E-03     1.43095460E+00     8.14135000E-05     1.63000000E-08     6.97505200E-04     2.44000000E-08     0.00000000E+00     4.80300000E-07     0.00000000E+00
    4.80000000E+04     2.20000000E+01     2.87979330E-03     1.43095460E+00     8.14135000E-05     1.87000000E-08     7.47310300E-04     2.80000000E-08     0.00000000E+00     4.91500000E-07     0.00000000E+00
    4.80000000E+04     2.25000000E+01     2.94524320E-03     1.43095460E+00     8.14135000E-05     2.14000000E-08     7.99431600E-04     3.21000000E-08     0.00000000E+00     5.02700000E-07     0.00000000E+00
    4.80000000E+04     2.30000000E+01     3.01069300E-03     1.43095460E+00     8.14135000E-05     2.44000000E-08     8.53921800E-04     3.66000000E-08     0.00000000E+00     5.13800000E-07     0.00000000E+00
    4.80000000E+04     2.35000000E+01     3.07614290E-03     1.43095460E+00     8.14135000E-05     2.78000000E-08     9.10833800E-04     4.16000000E-08     0.00000000E+00     5.25000000E-07     0.00000000E+00
    4.80000000E+04     2.40000000E+01     3.14159270E-03     1.43095460E+00     8.14135000E-05     3.15000000E-08     9.70219900E-04     4.72000000E-08     0.00000000E+00     5.36200000E-07     0.00000000E+00
    4.80000000E+04     2.45000000E+01     3.20704260E-03     1.43095460E+00     8.14135000E-05     3.56000000E-08     1.03213310E-03     5.35000000E-08     0.00000000E+00     5.47300000E-07     0.00000000E+00
    4.80000000E+04     2.50000000E+01     3.27249240E-03     1.43095460E+00     8.14135000E-05     4.02000000E-08     1.09662590E-03     6.03000000E-08     0.00000000E+00     5.58500000E-07     0.00000000E+00
    4.80000000E+04     2.55000000E+01     3.33794230E-03     1.43095460E+00     8.14135000E-05     4.53000000E-08     1.16375110E-03     6.80000000E-08     0.00000000E+00     5.69700000E-07     0.00000000E+00
    4.80000000E+04     2.60000000E+01     3.40339210E-03     1.43095460E+00     8.14135000E-05     5.09000000E-08     1.23356120E-03     7.64000000E-08     0.00000000E+00     5.80900000E-07     0.00000000E+00
    4.80000000E+04     2.65000000E+01     3.46884200E-03     1.43095460E+00     8.14135000E-05     5.71000000E-08     1.30610900E-03     8.56000000E-08     0.00000000E+00     5.92000000E-07     0.00000000E+00
    4.80000000E+04     2.70000000E+01     3.53429180E-03     1.43095460E+00     8.14135000E-05     6.38000000E-08     1.38144720E-03     9.58000000E-08     0.00000000E+00     6.03200000E-07     0.00000000E+00
    4.80000000E+04     2.75000000E+01     3.59974170E-03     1.43095460E+00     8.14135000E-05     7.13000000E-08     1.45962850E-03     1.06900000E-07     0.00000000E+00     6.14400000E-07     0.00000000E+00
    4.80000000E+04     2.80000000E+01     3.66519150E-03     1.43095460E+00     8.14135000E-05     7.94000000E-08     1.54070540E-03     1.19100000E-07     0.00000000E+00     6.25500000E-07     0.00000000E+00
    4.80000000E+04     2.85000000E+01     3.73064140E-03     1.43095460E+00     8.14135000E-05     8.83000000E-08     1.62473090E-03     1.32400000E-07     0.00000000E+00     6.36700000E-07     1.00000000E-10
    4.80000000E+04     2.90000000E+01     3.79609120E-03     1.43095460E+00     8.14135000E-05     9.80000000E-08     1.71175740E-03     1.47000000E-07     0.00000000E+00     6.47900000E-07     1.00000000E-10
    4.80000000E+04     2.95000000E+01     3.86154110E-03     1.43095460E+00     8.14135000E-05     1.08600000E-07     1.80183760E-03     1.62900000E-07     0.00000000E+00     6.59100000E-07     1.00000000E-10
    4.80000000E+04     3.00000000E+01     3.92699090E-03     1.43095460E+00     8.14135000E-05     1.20100000E-07     1.89502450E-03     1.80200000E-07     0.00000000E+00     6.70200000E-07     1.00000000E-10
    4.80000000E+04     3.05000000E+01     3.99244080E-03     1.43095460E+00     8.14135000E-05     1.32600000E-07     1.99137070E-03     1.99000000E-07     0.00000000E+00     6.81400000E-07     1.00000000E-10
    4.80000000E+04     3.10000000E+01     4.05789060E-03     1.43095460E+00     8.14135000E-05     1.46200000E-07     2.09092870E-03     2.19400000E-07     0.00000000E+00     6.92600000E-07     1.00000000E-10
    4.80000000E+04     3.15000000E+01     4.12334050E-03     1.43095460E+00     8.14135000E-05     1.61000000E-07     2.19375140E-03     2.41500000E-07     1.00000000E-10     7.03700000E-07     1.00000000E-10
    4.80000000E+04     3.20000000E+01     4.18879030E-03     1.43095460E+00     8.14135000E-05     1.76900000E-07     2.29989150E-03     2.65400000E-07     1.00000000E-10     7.14900000E-07     1.00000000E-10
    4.80000000E+04     3.25000000E+01     4.25424020E-03     1.43095460E+00     8.14135000E-05     1.94200000E-07     2.40940170E-03     2.91300000E-07     1.00000000E-10     7.26100000E-07     1.00000000E-10
    4.80000000E+04     3.30000000E+01     4.31969000E-03     1.43095460E+00     8.14135000E-05     2.12800000E-07     2.52233450E-03     3.19200000E-07     1.00000000E-10     7.37300000E-07     1.00000000E-10
    4.80000000E+04     3.35000000E+01     4.38513990E-03     1.43095460E+00     8.14135000E-05     2.32900000E-07     2.63874310E-03     3.49300000E-07     1.00000000E-10     7.48400000E-07     1.00000000E-10
    4.80000000E+04     3.40000000E+01     4.45058970E-03     1.43095460E+00     8.14135000E-05     2.54500000E-07     2.75867990E-03     3.81800000E-07     1.00000000E-10     7.59600000E-07     1.00000000E-10
    4.80000000E+04     3.45000000E+01     4.51603960E-03     1.43095460E+00     8.14135000E-05     2.77800000E-07     2.88219770E-03     4.16800000E-07     1.00000000E-10     7.70800000E-07     1.00000000E-10
    4.80000000E+04     3.50000000E+01     4.58148940E-03     1.43095460E+00     8.14135000E-05     3.02900000E-07     3.00934910E-03     4.54300000E-07     1.00000000E-10     7.82000000E-07     1.00000000E-10
    4.80000000E+04     3.55000000E+01     4.64693930E-03     1.43095460E+00     8.14135000E-05     3.29800000E-07     3.14018710E-03     4.94700000E-07     1.00000000E-10     7.93100000E-07     1.00000000E-10
    4.80000000E+04     3.60000000E+01     4.71238910E-03     1.43095460E+00     8.14135000E-05     3.58700000E-07     3.27476440E-03     5.38000000E-07     1.00000000E-10     8.04300000E-07     1.00000000E-10
    4.80000000E+04     3.65000000E+01     4.77783900E-03     1.43095460E+00     8.14135000E-05     3.89600000E-07     3.41313360E-03     5.84400000E-07     1.00000000E-10     8.15500000E-07     1.00000000E-10
    4.80000000E+04     3.70000000E+01     4.84328880E-03     1.43095460E+00     8.14135000E-05     4.22800000E-07     3.55534760E-03     6.34100000E-07     1.00000000E-10     8.26700000E-07     1.00000000E-10
    4.80000000E+04     3.75000000E+01     4.90873870E-03     1.43095460E+00     8.14135000E-05     4.58200000E-07     3.70145900E-03     6.87300000E-07     1.00000000E-10     8.37800000E-07     2.00000000E-10
    4.80000000E+04     3.80000000E+01     4.97418850E-03     1.43095460E+00     8.14135000E-05     4.96100000E-07     3.85152100E-03     7.44200000E-07     1.00000000E-10     8.49000000E-07     2.00000000E-10
    4.80000000E+04     3.85000000E+01     5.03963840E-03     1.43095460E+00     8.14135000E-05     5.36600000E-07     4.00558570E-03     8.04900000E-07     1.00000000E-10     8.60200000E-07     2.00000000E-10
    4.80000000E+04     3.90000000E+01     5.10508820E-03     1.43095460E+00     8.14135000E-05     5.79800000E-07     4.16370630E-03     8.69700000E-07     1.00000000E-10     8.71400000E-07     2.00000000E-10
    4.80000000E+04     3.95000000E+01     5.17053810E-03     1.43095460E+00     8.14135000E-05     6.25900000E-07     4.32593580E-03     9.38800000E-07     1.00000000E-10     8.82500000E-07     2.00000000E-10
    4.80000000E+04     4.00000000E+01     5.23598790E-03     1.43095460E+00     8.14135000E-05     6.74900000E-07     4.49232660E-03     1.01240000E-06     1.00000000E-10     8.93700000E-07     2.00000000E-10
    4.80000000E+04     4.05000000E+01     5.30143780E-03     1.43095460E+00     8.14135000E-05     7.27100000E-07     4.66293150E-03     1.09070000E-06     1.00000000E-10     9.04900000E-07     2.00000000E-10
    4.80000000E+04     4.10000000E+01     5.36688760E-03     1.43095460E+00     8.14135000E-05     7.82700000E-07     4.83780350E-03     1.17400000E-06     1.00000000E-10     9.16100000E-07     2.00000000E-10
    4.80000000E+04     4.15000000E+01     5.43233740E-03     1.43095460E+00     8.14135000E-05     8.41700000E-07     5.01699510E-03     1.26260000E-06     2.00000000E-10     9.27300000E-07     2.00000000E-10
    4.80000000E+04     4.20000000E+01     5.49778730E-03     1.43095460E+00     8.14135000E-05     9.04400000E-07     5.20055980E-03     1.35670000E-06     2.00000000E-10     9.38400000E-07     2.00000000E-10
    4.80000000E+04     4.25000000E+01     5.56323710E-03     1.43095460E+00     8.14135000E-05     9.71000000E-07     5.38854960E-03     1.45650000E-06     2.00000000E-10     9.49600000E-07     3.00000000E-10
    4.80000000E+04     4.30000000E+01     5.62868700E-03     1.43095460E+00     8.14135000E-05     1.04160000E-06     5.58101800E-03     1.56240000E-06     2.00000000E-10     9.60800000E-07     3.00000000E-10
    4.80000000E+04     4.35000000E+01     5.69413680E-03     1.43095460E+00     8.14135000E-05     1.11640000E-06     5.77801740E-03     1.67460000E-06     2.00000000E-10     9.72000000E-07     3.00000000E-10
    4.80000000E+04     4.40000000E+01     5.75958670E-03     1.43095460E+00     8.14135000E-05     1.19570000E-06     5.97960060E-03     1.79340000E-06     2.00000000E-10     9.83100000E-07     3.00000000E-10
    4.80000000E+04     4.45000000E+01     5.82503650E-03     1.43095460E+00     8.14135000E-05     1.27950000E-06     6.18582070E-03     1.91930000E-06     2.00000000E-10     9.94300000E-07     3.00000000E-10
    4.80000000E+04     4.50000000E+01     5.89048640E-03     1.43095460E+00     8.14135000E-05     1.36820000E-06     6.39673050E-03     2.05230000E-06     2.00000000E-10     1.00550000E-06     3.00000000E-10
    4.80000000E+04     4.55000000E+01     5.95593620E-03     1.43095460E+00     8.14135000E-05     1.46200000E-06     6.61238310E-03     2.19300000E-06     2.00000000E-10     1.01670000E-06     3.00000000E-10
    4.80000000E+04     4.60000000E+01     6.02138610E-03     1.43095460E+00     8.14135000E-05     1.56110000E-06     6.83283110E-03     2.34160000E-06     2.00000000E-10     1.02790000E-06     4.00000000E-10
    4.80000000E+04     4.65000000E+01     6.08683590E-03     1.43095460E+00     8.14135000E-05     1.66570000E-06     7.05812750E-03     2.49860000E-06     2.00000000E-10     1.03900000E-06     4.00000000E-10
    4.80000000E+04     4.70000000E+01     6.15228580E-03     1.43095460E+00     8.14135000E-05     1.77610000E-06     7.28832440E-03     2.66420000E-06     3.00000000E-10     1.05020000E-06     4.00000000E-10
    4.80000000E+04     4.75000000E+01     6.21773560E-03     1.43095460E+00     8.14135000E-05     1.89260000E-06     7.52347640E-03     2.83880000E-06     3.00000000E-10     1.06140000E-06     4.00000000E-10
    4.80000000E+04     4.80000000E+01     6.28318550E-03     1.43095460E+00     8.14135000E-05     2.01530000E-06     7.76363470E-03     3.02290000E-06     3.00000000E-10     1.07260000E-06     4.00000000E-10
    4.80000000E+04     4.85000000E+01     6.34863530E-03     1.43095460E+00     8.14135000E-05     2.14460000E-06     8.00885350E-03     3.21680000E-06     3.00000000E-10     1.08380000E-06     4.00000000E-10
    4.80000000E+04     4.90000000E+01     6.41408520E-03     1.43095460E+00     8.14135000E-05     2.28070000E-06     8.25918480E-03     3.42100000E-06     3.00000000E-10     1.09500000E-06     5.00000000E-10
    4.80000000E+04     4.95000000E+01     6.47953500E-03     1.43095460E+00     8.14135000E-05     2.42390000E-06     8.51468190E-03     3.63580000E-06     3.00000000E-10     1.10610000E-06     5.00000000E-10
    4.80000000E+04     5.10000000E+01     6.67588460E-03     1.43095460E+00     8.14135000E-05     2.90780000E-06     9.31807490E-03     4.36160000E-06     4.00000000E-10     1.13970000E-06     5.00000000E-10
    4.80000000E+04     5.35000000E+01     7.00313380E-03     1.43095460E+00     8.14135000E-05     3.87390000E-06     1.07566240E-02     5.81070000E-06     4.00000000E-10     1.19560000E-06     6.00000000E-10
    4.80000000E+04     5.60000000E+01     7.33038310E-03     1.43095460E+00     8.14135000E-05     5.09390000E-06     1.23362396E-02     7.64070000E-06     5.00000000E-10     1.25160000E-06     8.00000000E-10
    4.80000000E+04     5.85000000E+01     7.65763230E-03     1.43095460E+00     8.14135000E-05     6.61870000E-06     1.40635524E-02     9.92780000E-06     6.00000000E-10     1.30750000E-06     9.00000000E-10
    4.80000000E+04     6.10000000E+01     7.98488160E-03     1.43095460E+00     8.14135000E-05     8.50630000E-06     1.59452036E-02     1.27591000E-05     7.00000000E-10     1.36350000E-06     1.10000000E-09
    4.80000000E+04     6.35000000E+01     8.31213080E-03     1.43095460E+00     8.14135000E-05     1.08228000E-05     1.79878390E-02     1.62336000E-05     9.00000000E-10     1.41940000E-06     1.30000000E-09
    4.80000000E+04     6.60000000E+01     8.63938000E-03     1.43095460E+00     8.14135000E-05     1.36427000E-05     2.01981154E-02     2.04633000E-05     1.00000000E-09     1.47540000E-06     1.50000000E-09
    4.80000000E+04     6.85000000E+01     8.96662930E-03     1.43095460E+00     8.14135000E-05     1.70501000E-05     2.25826982E-02     2.55741000E-05     1.20000000E-09     1.53150000E-06     1.70000000E-09
    4.80000000E+04     7.10000000E+01     9.29387850E-03     1.43095460E+00     8.14135000E-05     2.11390000E-05     2.51482650E-02     3.17072000E-05     1.30000000E-09     1.58750000E-06     2.00000000E-09
    4.80000000E+04     7.35000000E+01     9.62112780E-03     1.43095460E+00     8.14135000E-05     2.60145000E-05     2.79015008E-02     3.90201000E-05     1.50000000E-09     1.64350000E-06     2.30000000E-09
    4.80000000E+04     7.60000000E+01     9.94837710E-03     1.43095460E+00     8.14135000E-05     3.17932000E-05     3.08491062E-02     4.76876000E-05     1.80000000E-09     1.69960000E-06     2.60000000E-09
    4.80000000E+04     7.85000000E+01     1.02756262E-02     1.43095460E+00     8.14135000E-05     3.86042000E-05     3.39977922E-02     5.79035000E-05     2.00000000E-09     1.75570000E-06     3.00000000E-09
    4.80000000E+04     8.10000000E+01     1.06028756E-02     1.43095460E+00     8.14135000E-05     4.65903000E-05     3.73542832E-02     6.98818000E-05     2.30000000E-09     1.81180000E-06     3.40000000E-09
    4.80000000E+04     8.35000000E+01     1.09301248E-02     1.43095460E+00     8.14135000E-05     5.59081000E-05     4.09253206E-02     8.38575000E-05     2.60000000E-09     1.86800000E-06     3.80000000E-09
    4.80000000E+04     8.60000000E+01     1.12573740E-02     1.43095460E+00     8.14135000E-05     6.67298000E-05     4.47176600E-02     1.00088800E-04     2.90000000E-09     1.92420000E-06     4.30000000E-09
    4.80000000E+04     8.85000000E+01     1.15846232E-02     1.43095460E+00     8.14135000E-05     7.92436000E-05     4.87380718E-02     1.18858100E-04     3.20000000E-09     1.98040000E-06     4.80000000E-09
    4.80000000E+04     9.10000000E+01     1.19118724E-02     1.43095460E+00     8.14135000E-05     9.36549000E-05     5.29933446E-02     1.40473200E-04     3.60000000E-09     2.03660000E-06     5.40000000E-09
    4.80000000E+04     9.35000000E+01     1.22391218E-02     1.43095460E+00     8.14135000E-05     1.10187200E-04     5.74902872E-02     1.65269400E-04     4.00000000E-09     2.09290000E-06     6.00000000E-09
    4.80000000E+04     9.60000000E+01     1.25663710E-02     1.43095460E+00     8.14135000E-05     1.29083200E-04     6.22357262E-02     1.93610700E-04     4.50000000E-09     2.14920000E-06     6.70000000E-09
    4.80000000E+04     9.85000000E+01     1.28936202E-02     1.43095460E+00     8.14135000E-05     1.50605900E-04     6.72365074E-02     2.25891600E-04     4.90000000E-09     2.20550000E-06     7.40000000E-09
    4.80000000E+04     1.01000000E+02     1.32208694E-02     1.43095460E+00     8.14135000E-05     1.75039700E-04     7.24995028E-02     2.62538400E-04     5.50000000E-09     2.26190000E-06     8.20000000E-09
    4.80000000E+04     1.03500000E+02     1.35481188E-02     1.43095460E+00     8.14135000E-05     2.02691400E-04     7.80316012E-02     3.04011300E-04     6.00000000E-09     2.31830000E-06     9.00000000E-09
    4.80000000E+04     1.06000000E+02     1.38753680E-02     1.43095460E+00     8.14135000E-05     2.33891400E-04     8.38397198E-02     3.50806000E-04     6.60000000E-09     2.37480000E-06     9.90000000E-09
    4.80000000E+04     1.08500000E+02     1.42026170E-02     1.43095460E+00     8.14135000E-05     2.68995100E-04     8.99308010E-02     4.03455100E-04     7.30000000E-09     2.43130000E-06     1.09000000E-08
    4.80000000E+04     1.11000000E+02     1.45298664E-02     1.43095460E+00     8.14135000E-05     3.08383700E-04     9.63118046E-02     4.62530700E-04     8.00000000E-09     2.48790000E-06     1.19000000E-08
    4.80000000E+04     1.13500000E+02     1.48571158E-02     1.43095460E+00     8.14135000E-05     3.52466100E-04     1.02989734E-01     5.28645400E-04     8.70000000E-09     2.54450000E-06     1.31000000E-08
    4.80000000E+04     1.16000000E+02     1.51843650E-02     1.43095460E+00     8.14135000E-05     4.01679200E-04     1.09971612E-01     6.02454900E-04     9.50000000E-09     2.60120000E-06     1.42000000E-08
    4.80000000E+04     1.18500000E+02     1.55116140E-02     1.43095460E+00     8.14135000E-05     4.56490200E-04     1.17264488E-01     6.84659500E-04     1.03000000E-08     2.65790000E-06     1.55000000E-08
    4.80000000E+04     1.21000000E+02     1.58388634E-02     1.43095460E+00     8.14135000E-05     5.17397400E-04     1.24875452E-01     7.76006500E-04     1.12000000E-08     2.71460000E-06     1.69000000E-08
    4.80000000E+04     1.23500000E+02     1.61661126E-02     1.43095460E+00     8.14135000E-05     5.84931300E-04     1.32811616E-01     8.77291500E-04     1.22000000E-08     2.77150000E-06     1.83000000E-08
    4.80000000E+04     1.26000000E+02     1.64933620E-02     1.43095460E+00     8.14135000E-05     6.59656900E-04     1.41080134E-01     9.89361400E-04     1.32000000E-08     2.82840000E-06     1.98000000E-08
    4.80000000E+04     1.28500000E+02     1.68206110E-02     1.43095460E+00     8.14135000E-05     7.42174000E-04     1.49688198E-01     1.11311610E-03     1.43000000E-08     2.88530000E-06     2.15000000E-08
    4.80000000E+04     1.31000000E+02     1.71478604E-02     1.43095460E+00     8.14135000E-05     8.33119600E-04     1.58643032E-01     1.24951040E-03     1.54000000E-08     2.94230000E-06     2.32000000E-08
    4.80000000E+04     1.33500000E+02     1.74751096E-02     1.43095460E+00     8.14135000E-05     9.33168800E-04     1.67951900E-01     1.39955660E-03     1.67000000E-08     2.99940000E-06     2.50000000E-08
    4.80000000E+04     1.36000000E+02     1.78023590E-02     1.43095460E+00     8.14135000E-05     1.04303640E-03     1.77622098E-01     1.56432650E-03     1.79000000E-08     3.05660000E-06     2.69000000E-08
    4.80000000E+04     1.38500000E+02     1.81296080E-02     1.43095460E+00     8.14135000E-05     1.16347880E-03     1.87660986E-01     1.74495420E-03     1.93000000E-08     3.11380000E-06     2.89000000E-08
    4.80000000E+04     1.41000000E+02     1.84568574E-02     1.43095460E+00     8.14135000E-05     1.29529470E-03     1.98075940E-01     1.94263750E-03     2.07000000E-08     3.17110000E-06     3.11000000E-08
    4.80000000E+04     1.43500000E+02     1.87841066E-02     1.43095460E+00     8.14135000E-05     1.43932790E-03     2.08874402E-01     2.15864130E-03     2.22000000E-08     3.22850000E-06     3.34000000E-08
    4.80000000E+04     1.46000000E+02     1.91113560E-02     1.43095460E+00     8.14135000E-05     1.59646790E-03     2.20063848E-01     2.39429930E-03     2.38000000E-08     3.28600000E-06     3.57000000E-08
    4.80000000E+04     1.48500000E+02     1.94386050E-02     1.43095460E+00     8.14135000E-05     1.76765190E-03     2.31651808E-01     2.65101690E-03     2.55000000E-08     3.34350000E-06     3.83000000E-08
    4.80000000E+04     1.51000000E+02     1.97658542E-02     1.43095460E+00     8.14135000E-05     1.95386670E-03     2.43645858E-01     2.93027320E-03     2.73000000E-08     3.40120000E-06     4.09000000E-08
    4.80000000E+04     1.53500000E+02     2.00931036E-02     1.43095460E+00     8.14135000E-05     2.15615000E-03     2.56053626E-01     3.23362430E-03     2.91000000E-08     3.45890000E-06     4.37000000E-08
    4.80000000E+04     1.56000000E+02     2.04203530E-02     1.43095460E+00     8.14135000E-05     2.37559280E-03     2.68882806E-01     3.56270550E-03     3.11000000E-08     3.51670000E-06     4.66000000E-08
    4.80000000E+04     1.58500000E+02     2.07476020E-02     1.43095460E+00     8.14135000E-05     2.61333990E-03     2.82141126E-01     3.91923350E-03     3.31000000E-08     3.57460000E-06     4.96000000E-08
    4.80000000E+04     1.61000000E+02     2.10748512E-02     1.43095460E+00     8.14135000E-05     2.87059310E-03     2.95836372E-01     4.30500970E-03     3.52000000E-08     3.63270000E-06     5.29000000E-08
    4.80000000E+04     1.63500000E+02     2.14021006E-02     1.43095460E+00     8.14135000E-05     3.14861240E-03     3.09976418E-01     4.72192330E-03     3.75000000E-08     3.69080000E-06     5.62000000E-08
    4.80000000E+04     1.66000000E+02     2.17293498E-02     1.43095460E+00     8.14135000E-05     3.44871750E-03     3.24569162E-01     5.17195250E-03     3.98000000E-08     3.74900000E-06     5.97000000E-08
    4.80000000E+04     1.68500000E+02     2.20565990E-02     1.43095460E+00     8.14135000E-05     3.77229060E-03     3.39622594E-01     5.65716940E-03     4.23000000E-08     3.80740000E-06     6.34000000E-08
    4.80000000E+04     1.71000000E+02     2.23838482E-02     1.43095460E+00     8.14135000E-05     4.12077720E-03     3.55144744E-01     6.17974100E-03     4.49000000E-08     3.86580000E-06     6.73000000E-08
    4.80000000E+04     1.73500000E+02     2.27110976E-02     1.43095460E+00     8.14135000E-05     4.49568870E-03     3.71143712E-01     6.74193290E-03     4.75000000E-08     3.92440000E-06     7.13000000E-08
    4.80000000E+04     1.76000000E+02     2.30383468E-02     1.43095460E+00     8.14135000E-05     4.89860480E-03     3.87627684E-01     7.34611300E-03     5.03000000E-08     3.98310000E-06     7.55000000E-08
    4.80000000E+04     1.78500000E+02     2.33655960E-02     1.43095460E+00     8.14135000E-05     5.33117470E-03     4.04604924E-01     7.99475360E-03     5.33000000E-08     4.04190000E-06     7.99000000E-08
    4.80000000E+04     1.81000000E+02     2.36928452E-02     1.43095460E+00     8.14135000E-05     5.79511860E-03     4.22083710E-01     8.69043300E-03     5.63000000E-08     4.10080000E-06     8.44000000E-08
    4.80000000E+04     1.83500000E+02     2.40200944E-02     1.43095460E+00     8.14135000E-05     6.29223140E-03     4.40072456E-01     9.43584200E-03     5.95000000E-08     4.15990000E-06     8.92000000E-08
    4.80000000E+04     1.86000000E+02     2.43473438E-02     1.43095460E+00     8.14135000E-05     6.82438380E-03     4.58579618E-01     1.02337840E-02     6.28000000E-08     4.21910000E-06     9.41000000E-08
    4.80000000E+04     1.88500000E+02     2.46745930E-02     1.43095460E+00     8.14135000E-05     7.39352460E-03     4.77613766E-01     1.10871808E-02     6.62000000E-08     4.27840000E-06     9.93000000E-08
    4.80000000E+04     1.91000000E+02     2.50018422E-02     1.43095460E+00     8.14135000E-05     8.00168230E-03     4.97183502E-01     1.19990720E-02     6.98000000E-08     4.33790000E-06     1.04700000E-07
    4.80000000E+04     1.93500000E+02     2.53290914E-02     1.43095460E+00     8.14135000E-05     8.65096910E-03     5.17297578E-01     1.29726238E-02     7.35000000E-08     4.39750000E-06     1.10300000E-07
    4.80000000E+04     1.96000000E+02     2.56563408E-02     1.43095460E+00     8.14135000E-05     9.34357890E-03     5.37964728E-01     1.40111244E-02     7.74000000E-08     4.45730000E-06     1.16100000E-07
    4.80000000E+04     1.98500000E+02     2.59835900E-02     1.43095460E+00     8.14135000E-05     1.00817950E-02     5.59193868E-01     1.51179960E-02     8.14000000E-08     4.51730000E-06     1.22100000E-07
    4.80000000E+04     2.01000000E+02     2.63108392E-02     1.43095460E+00     8.14135000E-05     1.08679894E-02     5.80993978E-01     1.62967928E-02     8.56000000E-08     4.57730000E-06     1.28400000E-07
    4.80000000E+04     2.03500000E+02     2.66380884E-02     1.43095460E+00     8.14135000E-05     1.17046252E-02     6.03374132E-01     1.75512068E-02     9.00000000E-08     4.63760000E-06     1.34900000E-07
    4.80000000E+04     2.06000000E+02     2.69653378E-02     1.43095460E+00     8.14135000E-05     1.25942568E-02     6.26343436E-01     1.88850662E-02     9.45000000E-08     4.69800000E-06     1.41600000E-07
    4.80000000E+04     2.08500000E+02     2.72925870E-02     1.43095460E+00     8.14135000E-05     1.35395384E-02     6.49911194E-01     2.03023488E-02     9.91000000E-08     4.75860000E-06     1.48600000E-07
    4.80000000E+04     2.11000000E+02     2.76198360E-02     1.43095460E+00     8.14135000E-05     1.45432198E-02     6.74086730E-01     2.18071744E-02     1.04000000E-07     4.81930000E-06     1.55900000E-07
    4.80000000E+04     2.13500000E+02     2.79470854E-02     1.43095460E+00     8.14135000E-05     1.56081530E-02     6.98879520E-01     2.34038180E-02     1.09000000E-07     4.88020000E-06     1.63400000E-07
    4.80000000E+04     2.16000000E+02     2.82743348E-02     1.43095460E+00     8.14135000E-05     1.67372934E-02     7.24299130E-01     2.50967076E-02     1.14200000E-07     4.94140000E-06     1.71200000E-07
    4.80000000E+04     2.18500000E+02     2.86015840E-02     1.43095460E+00     8.14135000E-05     1.79336984E-02     7.50355172E-01     2.68904254E-02     1.19600000E-07     5.00260000E-06     1.79300000E-07
    4.80000000E+04     2.21000000E+02     2.89288330E-02     1.43095460E+00     8.14135000E-05     1.92005406E-02     7.77057504E-01     2.87897240E-02     1.25100000E-07     5.06410000E-06     1.87600000E-07
    4.80000000E+04     2.23500000E+02     2.92560824E-02     1.43095460E+00     8.14135000E-05     2.05410962E-02     8.04415950E-01     3.07995134E-02     1.30900000E-07     5.12580000E-06     1.96200000E-07
    4.80000000E+04     2.26000000E+02     2.95833316E-02     1.43095460E+00     8.14135000E-05     2.19587574E-02     8.32440510E-01     3.29248762E-02     1.36800000E-07     5.18770000E-06     2.05200000E-07
    4.80000000E+04     2.28500000E+02     2.99105810E-02     1.43095460E+00     8.14135000E-05     2.34570324E-02     8.61141314E-01     3.51710694E-02     1.43000000E-07     5.24980000E-06     2.14400000E-07
    4.80000000E+04     2.31000000E+02     3.02378300E-02     1.43095460E+00     8.14135000E-05     2.50395482E-02     8.90528594E-01     3.75435264E-02     1.49400000E-07     5.31200000E-06     2.23900000E-07
    4.80000000E+04     2.33500000E+02     3.05650794E-02     1.43095460E+00     8.14135000E-05     2.67100546E-02     9.20612750E-01     4.00478648E-02     1.55900000E-07     5.37450000E-06     2.33800000E-07
    4.80000000E+04     2.36000000E+02     3.08923286E-02     1.43095460E+00     8.14135000E-05     2.84724168E-02     9.51404180E-01     4.26898780E-02     1.62700000E-07     5.43720000E-06     2.44000000E-07
    4.80000000E+04     2.38500000E+02     3.12195780E-02     1.43095460E+00     8.14135000E-05     3.03306366E-02     9.82913542E-01     4.54755582E-02     1.69700000E-07     5.50020000E-06     2.54500000E-07
    4.80000000E+04     2.41000000E+02     3.15468270E-02     1.43095460E+00     8.14135000E-05     3.22888380E-02     1.01515154E+00     4.84110864E-02     1.76900000E-07     5.56330000E-06     2.65300000E-07
    4.80000000E+04     2.43500000E+02     3.18740764E-02     1.43095460E+00     8.14135000E-05     3.43512806E-02     1.04812912E+00     5.15028426E-02     1.84400000E-07     5.62670000E-06     2.76500000E-07
    4.80000000E+04     2.46000000E+02     3.22013256E-02     1.43095460E+00     8.14135000E-05     3.65223566E-02     1.08185716E+00     5.47574064E-02     1.92100000E-07     5.69030000E-06     2.88000000E-07
    4.80000000E+04     2.48500000E+02     3.25285750E-02     1.43095460E+00     8.14135000E-05     3.88065982E-02     1.11634692E+00     5.81815672E-02     2.00000000E-07     5.75420000E-06     2.99900000E-07
    4.80000000E+04     2.52250000E+02     3.30194486E-02     1.43095460E+00     8.14135000E-05     4.24710343E-02     1.16963316E+00     6.36745940E-02     2.12400000E-07     5.85050000E-06     3.18400000E-07
    4.80000000E+04     2.57250000E+02     3.36739473E-02     1.43095460E+00     8.14135000E-05     4.77782479E-02     1.24332509E+00     7.16299819E-02     2.29700000E-07     5.97970000E-06     3.44400000E-07
    4.80000000E+04     2.62250000E+02     3.43284456E-02     1.43095460E+00     8.14135000E-05     5.36270003E-02     1.32027168E+00     8.03968874E-02     2.48100000E-07     6.11000000E-06     3.72000000E-07
    4.80000000E+04     2.67250000E+02     3.49829442E-02     1.43095460E+00     8.14135000E-05     6.00606246E-02     1.40056915E+00     9.00402124E-02     2.67600000E-07     6.24130000E-06     4.01200000E-07
    4.80000000E+04     2.72250000E+02     3.56374426E-02     1.43095460E+00     8.14135000E-05     6.71250031E-02     1.48431634E+00     1.00628674E-01     2.88200000E-07     6.37380000E-06     4.32000000E-07
    4.80000000E+04     2.77250000E+02     3.62919412E-02     1.43095460E+00     8.14135000E-05     7.48686713E-02     1.57161476E+00     1.12234959E-01     3.10000000E-07     6.50750000E-06     4.64700000E-07
    4.80000000E+04     2.82250000E+02     3.69464396E-02     1.43095460E+00     8.14135000E-05     8.33429101E-02     1.66256866E+00     1.24935860E-01     3.32900000E-07     6.64240000E-06     4.99100000E-07
    4.80000000E+04     2.87250000E+02     3.76009381E-02     1.43095460E+00     8.14135000E-05     9.26018480E-02     1.75728509E+00     1.38812429E-01     3.57200000E-07     6.77850000E-06     5.35400000E-07
    4.80000000E+04     2.92250000E+02     3.82554366E-02     1.43095460E+00     8.14135000E-05     1.02702572E-01     1.85587416E+00     1.53950142E-01     3.82700000E-07     6.91600000E-06     5.73600000E-07
    4.80000000E+04     2.97250000E+02     3.89099351E-02     1.43095460E+00     8.14135000E-05     1.13705228E-01     1.95844904E+00     1.70439054E-01     4.09500000E-07     7.05480000E-06     6.13900000E-07
    4.80000000E+04     3.02250000E+02     3.95644336E-02     1.43095460E+00     8.14135000E-05     1.25673133E-01     2.06512612E+00     1.88373962E-01     4.37800000E-07     7.19500000E-06     6.56200000E-07
    4.80000000E+04     3.07250000E+02     4.02189321E-02     1.43095460E+00     8.14135000E-05     1.38672864E-01     2.17602483E+00     2.07854523E-01     4.67500000E-07     7.33670000E-06     7.00700000E-07
    4.80000000E+04     3.12250000E+02     4.08734305E-02     1.43095460E+00     8.14135000E-05     1.52774410E-01     2.29126833E+00     2.28985512E-01     4.98700000E-07     7.47980000E-06     7.47400000E-07
    4.80000000E+04     3.17250000E+02     4.15279291E-02     1.43095460E+00     8.14135000E-05     1.68051246E-01     2.41098317E+00     2.51876905E-01     5.31400000E-07     7.62450000E-06     7.96400000E-07
    4.80000000E+04     3.22250000E+02     4.21824275E-02     1.43095460E+00     8.14135000E-05     1.84580462E-01     2.53529947E+00     2.76644090E-01     5.65700000E-07     7.77080000E-06     8.47800000E-07
    4.80000000E+04     3.27250000E+02     4.28369260E-02     1.43095460E+00     8.14135000E-05     2.02442887E-01     2.66435117E+00     3.03408027E-01     6.01600000E-07     7.91870000E-06     9.01700000E-07
    4.80000000E+04     3.32250000E+02     4.34914245E-02     1.43095460E+00     8.14135000E-05     2.21723184E-01     2.79827594E+00     3.32295425E-01     6.39200000E-07     8.06830000E-06     9.58000000E-07
    4.80000000E+04     3.37250000E+02     4.41459230E-02     1.43095460E+00     8.14135000E-05     2.42510021E-01     2.93721566E+00     3.63438965E-01     6.78600000E-07     8.21970000E-06     1.01700000E-06
    4.80000000E+04     3.42250000E+02     4.48004215E-02     1.43095460E+00     8.14135000E-05     2.64896116E-01     3.08131613E+00     3.96977376E-01     7.19700000E-07     8.37280000E-06     1.07860000E-06
    4.80000000E+04     3.47250000E+02     4.54549200E-02     1.43095460E+00     8.14135000E-05     2.88978444E-01     3.23072743E+00     4.33055748E-01     7.62700000E-07     8.52790000E-06     1.14300000E-06
    4.80000000E+04     3.52250000E+02     4.61094185E-02     1.43095460E+00     8.14135000E-05     3.14858304E-01     3.38560416E+00     4.71825641E-01     8.07600000E-07     8.68480000E-06     1.21020000E-06
    4.80000000E+04     3.57250000E+02     4.67639169E-02     1.43095460E+00     8.14135000E-05     3.42641463E-01     3.54610510E+00     5.13445267E-01     8.54400000E-07     8.84370000E-06     1.28040000E-06
    4.80000000E+04     3.62250000E+02     4.74184155E-02     1.43095460E+00     8.14135000E-05     3.72438317E-01     3.71239400E+00     5.58079768E-01     9.03300000E-07     9.00460000E-06     1.35350000E-06
    4.80000000E+04     3.67250000E+02     4.80729139E-02     1.43095460E+00     8.14135000E-05     4.04363925E-01     3.88463889E+00     6.05901236E-01     9.54200000E-07     9.16750000E-06     1.42980000E-06
    4.80000000E+04     3.72250000E+02     4.87274124E-02     1.43095460E+00     8.14135000E-05     4.38538324E-01     4.06301327E+00     6.57089195E-01     1.00720000E-06     9.33270000E-06     1.50920000E-06
    4.80000000E+04     3.77250000E+02     4.93819109E-02     1.43095460E+00     8.14135000E-05     4.75086431E-01     4.24769509E+00     7.11830462E-01     1.06240000E-06     9.50000000E-06     1.59190000E-06
    4.80000000E+04     3.82250000E+02     5.00364094E-02     1.43095460E+00     8.14135000E-05     5.14138367E-01     4.43886774E+00     7.70319607E-01     1.11990000E-06     9.66950000E-06     1.67790000E-06
    4.80000000E+04     3.87250000E+02     5.06909078E-02     1.43095460E+00     8.14135000E-05     5.55829560E-01     4.63672005E+00     8.32759137E-01     1.17970000E-06     9.84140000E-06     1.76740000E-06
    4.80000000E+04     3.92250000E+02     5.13454064E-02     1.43095460E+00     8.14135000E-05     6.00300790E-01     4.84144602E+00     8.99359523E-01     1.24180000E-06     1.00156000E-05     1.86040000E-06
    4.80000000E+04     3.97250000E+02     5.19999048E-02     1.43095460E+00     8.14135000E-05     6.47698456E-01     5.05324544E+00     9.70339629E-01     1.30630000E-06     1.01923000E-05     1.95700000E-06
    4.80000000E+04     4.02250000E+02     5.26544034E-02     1.43095460E+00     8.14135000E-05     6.98174604E-01     5.27232354E+00     1.04592674E+00     1.37330000E-06     1.03714000E-05     2.05740000E-06
    4.80000000E+04     4.07250000E+02     5.33089018E-02     1.43095460E+00     8.14135000E-05     7.51887168E-01     5.49889160E+00     1.12635692E+00     1.44290000E-06     1.05532000E-05     2.16150000E-06
    4.80000000E+04     4.12250000E+02     5.39634004E-02     1.43095460E+00     8.14135000E-05     8.09000064E-01     5.73316690E+00     1.21187517E+00     1.51510000E-06     1.07375000E-05     2.26950000E-06
    4.80000000E+04     4.17250000E+02     5.46178987E-02     1.43095460E+00     8.14135000E-05     8.69683399E-01     5.97537298E+00     1.30273569E+00     1.58990000E-06     1.09245000E-05     2.38160000E-06
    4.80000000E+04     4.22250000E+02     5.52723974E-02     1.43095460E+00     8.14135000E-05     9.34113542E-01     6.22573963E+00     1.39920202E+00     1.66750000E-06     1.11143000E-05     2.49770000E-06
    4.80000000E+04     4.27250000E+02     5.59268957E-02     1.43095460E+00     8.14135000E-05     1.00247329E+00     6.48450284E+00     1.50154731E+00     1.74790000E-06     1.13069000E-05     2.61810000E-06
    4.80000000E+04     4.32250000E+02     5.65813943E-02     1.43095460E+00     8.14135000E-05     1.07495219E+00     6.75190586E+00     1.61005475E+00     1.83120000E-06     1.15024000E-05     2.74270000E-06
    4.80000000E+04     4.37250000E+02     5.72358927E-02     1.43095460E+00     8.14135000E-05     1.15174631E+00     7.02819788E+00     1.72501723E+00     1.91740000E-06     1.17008000E-05     2.87170000E-06
    4.80000000E+04     4.42250000E+02     5.78903913E-02     1.43095460E+00     8.14135000E-05     1.23305897E+00     7.31363613E+00     1.84673846E+00     2.00660000E-06     1.19023000E-05     3.00520000E-06
    4.80000000E+04     4.47250000E+02     5.85448896E-02     1.43095460E+00     8.14135000E-05     1.31910026E+00     7.60848380E+00     1.97553226E+00     2.09890000E-06     1.21068000E-05     3.14340000E-06
    4.80000000E+04     4.52250000E+02     5.91993883E-02     1.43095460E+00     8.14135000E-05     1.41008772E+00     7.91301200E+00     2.11172349E+00     2.19430000E-06     1.23145000E-05     3.28620000E-06
    4.80000000E+04     4.57250000E+02     5.98538866E-02     1.43095460E+00     8.14135000E-05     1.50624629E+00     8.22749934E+00     2.25564806E+00     2.29300000E-06     1.25254000E-05     3.43380000E-06
    4.80000000E+04     4.62250000E+02     6.05083853E-02     1.43095460E+00     8.14135000E-05     1.60780837E+00     8.55223148E+00     2.40765296E+00     2.39490000E-06     1.27397000E-05     3.58630000E-06
    4.80000000E+04     4.67250000E+02     6.11628836E-02     1.43095460E+00     8.14135000E-05     1.71501438E+00     8.88750289E+00     2.56809719E+00     2.50020000E-06     1.29573000E-05     3.74390000E-06
    4.80000000E+04     4.72250000E+02     6.18173822E-02     1.43095460E+00     8.14135000E-05     1.82811231E+00     9.23361475E+00     2.73735093E+00     2.60900000E-06     1.31784000E-05     3.90660000E-06
    4.80000000E+04     4.77250000E+02     6.24718806E-02     1.43095460E+00     8.14135000E-05     1.94735855E+00     9.59087720E+00     2.91579690E+00     2.72130000E-06     1.34029000E-05     4.07460000E-06
    4.80000000E+04     4.82250000E+02     6.31263792E-02     1.43095460E+00     8.14135000E-05     2.07301743E+00     9.95960794E+00     3.10382964E+00     2.83710000E-06     1.36311000E-05     4.24780000E-06
    4.80000000E+04     4.87250000E+02     6.37808776E-02     1.43095460E+00     8.14135000E-05     2.20536223E+00     1.03401342E+01     3.30185694E+00     2.95660000E-06     1.38630000E-05     4.42660000E-06
    4.80000000E+04     4.92250000E+02     6.44353761E-02     1.43095460E+00     8.14135000E-05     2.34467440E+00     1.07327909E+01     3.51029881E+00     3.07980000E-06     1.40986000E-05     4.61090000E-06
    4.80000000E+04     4.97250000E+02     6.50898746E-02     1.43095460E+00     8.14135000E-05     2.49124434E+00     1.11379226E+01     3.72958861E+00     3.20690000E-06     1.43380000E-05     4.80100000E-06
    4.80000000E+04     5.12250000E+02     6.70533701E-02     1.43095460E+00     8.14135000E-05     2.98605391E+00     1.24456864E+01     4.46980083E+00     3.61580000E-06     1.50842000E-05     5.41250000E-06
    4.80000000E+04     5.37250000E+02     7.03258625E-02     1.43095460E+00     8.14135000E-05     3.97328506E+00     1.48884120E+01     5.94634901E+00     4.37460000E-06     1.64053000E-05     6.54700000E-06
    4.80000000E+04     5.62250000E+02     7.35983549E-02     1.43095460E+00     8.14135000E-05     5.21877621E+00     1.77319245E+01     7.80863647E+00     5.24710000E-06     1.78405000E-05     7.85100000E-06
    4.80000000E+04     5.87250000E+02     7.68708474E-02     1.43095460E+00     8.14135000E-05     6.77397472E+00     2.10344162E+01     1.01333180E+01     6.24390000E-06     1.94004000E-05     9.34040000E-06
    4.80000000E+04     6.12250000E+02     8.01433398E-02     1.43095460E+00     8.14135000E-05     8.69766165E+00     2.48614286E+01     1.30079212E+01     7.37650000E-06     2.10965000E-05     1.10321000E-05
    4.80000000E+04     6.37250000E+02     8.34158323E-02     1.43095460E+00     8.14135000E-05     1.10566177E+01     2.92865182E+01     1.65318206E+01     8.65670000E-06     2.29406000E-05     1.29435000E-05
    4.80000000E+04     6.62250000E+02     8.66883247E-02     1.43095460E+00     8.14135000E-05     1.39263181E+01     3.43919534E+01     2.08172527E+01     1.00967000E-05     2.49450000E-05     1.50927000E-05
    4.80000000E+04     6.87250000E+02     8.99608171E-02     1.43095460E+00     8.14135000E-05     1.73916583E+01     4.02694398E+01     2.59903734E+01     1.17093000E-05     2.71224000E-05     1.74986000E-05
    4.80000000E+04     7.12250000E+02     9.32333096E-02     1.43095460E+00     8.14135000E-05     2.15477053E+01     4.70208727E+01     3.21923503E+01     1.35078000E-05     2.94862000E-05     2.01808000E-05
    4.80000000E+04     7.37250000E+02     9.65058020E-02     1.43095460E+00     8.14135000E-05     2.65004813E+01     5.47591212E+01     3.95804987E+01     1.55060000E-05     3.20502000E-05     2.31595000E-05
    4.80000000E+04     7.62250000E+02     9.97782956E-02     1.43095460E+00     8.14135000E-05     3.23677762E+01     6.36088419E+01     4.83294573E+01     1.77181000E-05     3.48287000E-05     2.64556000E-05
    4.80000000E+04     7.87250000E+02     1.03050786E-01     1.43095460E+00     8.14135000E-05     3.92799846E+01     7.37073136E+01     5.86323937E+01     2.01590000E-05     3.78363000E-05     3.00909000E-05
    4.80000000E+04     8.12250000E+02     1.06323279E-01     1.43095460E+00     8.14135000E-05     4.73809784E+01     8.52053173E+01     7.07022618E+01     2.28437000E-05     4.10885000E-05     3.40876000E-05
    4.80000000E+04     8.37250000E+02     1.09595772E-01     1.43095460E+00     8.14135000E-05     5.68290031E+01     9.82680252E+01     8.47730864E+01     2.57881000E-05     4.46008000E-05     3.84688000E-05
    4.80000000E+04     8.62250000E+02     1.12868265E-01     1.43095460E+00     8.14135000E-05     6.77976091E+01     1.13075940E+02     1.01101294E+02     2.90084000E-05     4.83897000E-05     4.32581000E-05
    4.80000000E+04     8.87250000E+02     1.16140756E-01     1.43095460E+00     8.14135000E-05     8.04766003E+01     1.29825835E+02     1.19967067E+02     3.25214000E-05     5.24718000E-05     4.84800000E-05
    4.80000000E+04     9.12250000E+02     1.19413249E-01     1.43095460E+00     8.14135000E-05     9.50730293E+01     1.48731762E+02     1.41675755E+02     3.63442000E-05     5.68644000E-05     5.41594000E-05
    4.80000000E+04     9.37250000E+02     1.22685742E-01     1.43095460E+00     8.14135000E-05     1.11812203E+02     1.70026047E+02     1.66559306E+02     4.04946000E-05     6.15851000E-05     6.03222000E-05
    4.80000000E+04     9.62250000E+02     1.25958235E-01     1.43095460E+00     8.14135000E-05     1.30938733E+02     1.93960346E+02     1.94977734E+02     4.49907000E-05     6.66523000E-05     6.69947000E-05
    4.80000000E+04     9.87250000E+02     1.29230725E-01     1.43095460E+00     8.14135000E-05     1.52717607E+02     2.20806717E+02     2.27320648E+02     4.98513000E-05     7.20845000E-05     7.42039000E-05
    4.80000000E+04     1.01225000E+03     1.32503218E-01     1.43095460E+00     8.14135000E-05     1.77435280E+02     2.50858702E+02     2.64008761E+02     5.50955000E-05     7.79011000E-05     8.19776000E-05
    4.80000000E+04     1.03725000E+03     1.35775712E-01     1.43095460E+00     8.14135000E-05     2.05400821E+02     2.84432515E+02     3.05495503E+02     6.07430000E-05     8.41217000E-05     9.03441000E-05
    4.80000000E+04     1.06225000E+03     1.39048205E-01     1.43095460E+00     8.14135000E-05     2.36947065E+02     3.21868123E+02     3.52268625E+02     6.68140000E-05     9.07665000E-05     9.93324000E-05
    4.80000000E+04     1.08725000E+03     1.42320695E-01     1.43095460E+00     8.14135000E-05     2.72431795E+02     3.63530479E+02     4.04851823E+02     7.33292000E-05     9.78563000E-05     1.08972300E-04
    4.80000000E+04     1.11225000E+03     1.45593188E-01     1.43095460E+00     8.14135000E-05     3.12238977E+02     4.09810778E+02     4.63806457E+02     8.03097000E-05     1.05412000E-04     1.19293900E-04
    4.80000000E+04     1.13725000E+03     1.48865681E-01     1.43095460E+00     8.14135000E-05     3.56779979E+02     4.61127611E+02     5.29733226E+02     8.77771000E-05     1.13455500E-04     1.30328300E-04
    4.80000000E+04     1.16225000E+03     1.52138175E-01     1.43095460E+00     8.14135000E-05     4.06494870E+02     5.17928301E+02     6.03273931E+02     9.57537000E-05     1.22008900E-04     1.42107100E-04
    4.80000000E+04     1.18725000E+03     1.55410665E-01     1.43095460E+00     8.14135000E-05     4.61853714E+02     5.80690230E+02     6.85113258E+02     1.04262000E-04     1.31094800E-04     1.54662300E-04
    4.80000000E+04     1.21225000E+03     1.58683158E-01     1.43095460E+00     8.14135000E-05     5.23357919E+02     6.49922110E+02     7.75980594E+02     1.13325100E-04     1.40736400E-04     1.68026900E-04
    4.80000000E+04     1.23725000E+03     1.61955651E-01     1.43095460E+00     8.14135000E-05     5.91541563E+02     7.26165374E+02     8.76651823E+02     1.22966700E-04     1.50957300E-04     1.82234300E-04
    4.80000000E+04     1.26225000E+03     1.65228144E-01     1.43095460E+00     8.14135000E-05     6.66972825E+02     8.09995624E+02     9.87951256E+02     1.33210900E-04     1.61781600E-04     1.97318500E-04
    4.80000000E+04     1.28725000E+03     1.68500635E-01     1.43095460E+00     8.14135000E-05     7.50255395E+02     9.02023931E+02     1.11075349E+03     1.44082300E-04     1.73234000E-04     2.13314300E-04
    4.80000000E+04     1.31225000E+03     1.71773127E-01     1.43095460E+00     8.14135000E-05     8.42029854E+02     1.00289838E+03     1.24598528E+03     1.55606000E-04     1.85339600E-04     2.30256800E-04
    4.80000000E+04     1.33725000E+03     1.75045621E-01     1.43095460E+00     8.14135000E-05     9.42975302E+02     1.11330552E+03     1.39462768E+03     1.67807500E-04     1.98123900E-04     2.48181900E-04
    4.80000000E+04     1.36225000E+03     1.78318114E-01     1.43095460E+00     8.14135000E-05     1.05381072E+03     1.23397187E+03     1.55771784E+03     1.80713000E-04     2.11613200E-04     2.67126100E-04
    4.80000000E+04     1.38725000E+03     1.81590605E-01     1.43095460E+00     8.14135000E-05     1.17529658E+03     1.36566545E+03     1.73635112E+03     1.94349000E-04     2.25833800E-04     2.87126400E-04
    4.80000000E+04     1.41225000E+03     1.84863097E-01     1.43095460E+00     8.14135000E-05     1.30823634E+03     1.50919733E+03     1.93168299E+03     2.08742600E-04     2.40813000E-04     3.08220500E-04
    4.80000000E+04     1.43725000E+03     1.88135590E-01     1.43095460E+00     8.14135000E-05     1.45347815E+03     1.66542333E+03     2.14493136E+03     2.23921300E-04     2.56578300E-04     3.30446500E-04
    4.80000000E+04     1.46225000E+03     1.91408084E-01     1.43095460E+00     8.14135000E-05     1.61191636E+03     1.83524540E+03     2.37737836E+03     2.39913200E-04     2.73157700E-04     3.53843100E-04
    4.80000000E+04     1.48725000E+03     1.94680575E-01     1.43095460E+00     8.14135000E-05     1.78449329E+03     2.01961360E+03     2.63037277E+03     2.56746800E-04     2.90579900E-04     3.78449700E-04
    4.80000000E+04     1.51225000E+03     1.97953067E-01     1.43095460E+00     8.14135000E-05     1.97220073E+03     2.21952748E+03     2.90533183E+03     2.74451200E-04     3.08873800E-04     4.04306200E-04
    4.80000000E+04     1.53725000E+03     2.01225560E-01     1.43095460E+00     8.14135000E-05     2.17608176E+03     2.43603788E+03     3.20374353E+03     2.93055700E-04     3.28068900E-04     4.31453000E-04
    4.80000000E+04     1.56225000E+03     2.04498053E-01     1.43095460E+00     8.14135000E-05     2.39723260E+03     2.67024886E+03     3.52716907E+03     3.12590600E-04     3.48195400E-04     4.59931000E-04
    4.80000000E+04     1.58725000E+03     2.07770545E-01     1.43095460E+00     8.14135000E-05     2.63680414E+03     2.92331912E+03     3.87724463E+03     3.33086100E-04     3.69283700E-04     4.89781700E-04
    4.80000000E+04     1.61225000E+03     2.11043037E-01     1.43095460E+00     8.14135000E-05     2.89600390E+03     3.19646415E+03     4.25568386E+03     3.54573400E-04     3.91364800E-04     5.21047300E-04
    4.80000000E+04     1.63725000E+03     2.14315530E-01     1.43095460E+00     8.14135000E-05     3.17609766E+03     3.49095769E+03     4.66427990E+03     3.77084000E-04     4.14470200E-04     5.53770100E-04
    4.80000000E+04     1.66225000E+03     2.17588023E-01     1.43095460E+00     8.14135000E-05     3.47841160E+03     3.80813387E+03     5.10490798E+03     4.00649600E-04     4.38631900E-04     5.87993400E-04
    4.80000000E+04     1.68725000E+03     2.20860515E-01     1.43095460E+00     8.14135000E-05     3.80433403E+03     4.14938907E+03     5.57952760E+03     4.25303000E-04     4.63882300E-04     6.23760600E-04
    4.80000000E+04     1.71225000E+03     2.24133006E-01     1.43095460E+00     8.14135000E-05     4.15531717E+03     4.51618352E+03     6.09018456E+03     4.51076800E-04     4.90254500E-04     6.61115800E-04
    4.80000000E+04     1.73725000E+03     2.27405499E-01     1.43095460E+00     8.14135000E-05     4.53287918E+03     4.91004346E+03     6.63901349E+03     4.78004700E-04     5.17781800E-04     7.00103600E-04
    4.80000000E+04     1.76225000E+03     2.30677993E-01     1.43095460E+00     8.14135000E-05     4.93860619E+03     5.33256338E+03     7.22824023E+03     5.06120500E-04     5.46498200E-04     7.40769100E-04
    4.80000000E+04     1.78725000E+03     2.33950485E-01     1.43095460E+00     8.14135000E-05     5.37415437E+03     5.78540748E+03     7.86018431E+03     5.35458600E-04     5.76438200E-04     7.83157700E-04
    4.80000000E+04     1.81225000E+03     2.37222976E-01     1.43095460E+00     8.14135000E-05     5.84125163E+03     6.27031196E+03     8.53726094E+03     5.66054000E-04     6.07636500E-04     8.27315600E-04
    4.80000000E+04     1.83725000E+03     2.40495469E-01     1.43095460E+00     8.14135000E-05     6.34169990E+03     6.78908712E+03     9.26198362E+03     5.97941900E-04     6.40128700E-04     8.73289100E-04
    4.80000000E+04     1.86225000E+03     2.43767962E-01     1.43095460E+00     8.14135000E-05     6.87737710E+03     7.34361893E+03     1.00369664E+04     6.31158300E-04     6.73950600E-04     9.21125200E-04
    4.80000000E+04     1.88725000E+03     2.47040455E-01     1.43095460E+00     8.14135000E-05     7.45023940E+03     7.93587234E+03     1.08649267E+04     6.65739500E-04     7.09138500E-04     9.70871200E-04
    4.80000000E+04     1.91225000E+03     2.50312946E-01     1.43095460E+00     8.14135000E-05     8.06232304E+03     8.56789194E+03     1.17486869E+04     7.01722400E-04     7.45729400E-04     1.02257500E-03
    4.80000000E+04     1.93725000E+03     2.53585439E-01     1.43095460E+00     8.14135000E-05     8.71574698E+03     9.24180472E+03     1.26911778E+04     7.39144200E-04     7.83760500E-04     1.07628480E-03
    4.80000000E+04     1.96225000E+03     2.56857932E-01     1.43095460E+00     8.14135000E-05     9.41271456E+03     9.95982364E+03     1.36954405E+04     7.78042800E-04     8.23269700E-04     1.13204920E-03
    4.80000000E+04     1.98725000E+03     2.60130425E-01     1.43095460E+00     8.14135000E-05     1.01555159E+04     1.07242460E+04     1.47646284E+04     8.18456400E-04     8.64295300E-04     1.18991740E-03
    4.80000000E+04     2.01225000E+03     2.63402915E-01     1.43095460E+00     8.14135000E-05     1.09465303E+04     1.15374605E+04     1.59020107E+04     8.60423900E-04     9.06876000E-04     1.24993880E-03
    4.80000000E+04     2.03725000E+03     2.66675408E-01     1.43095460E+00     8.14135000E-05     1.17882285E+04     1.24019470E+04     1.71109742E+04     9.03984500E-04     9.51051200E-04     1.31216330E-03
    4.80000000E+04     2.06225000E+03     2.69947902E-01     1.43095460E+00     8.14135000E-05     1.26831742E+04     1.33202770E+04     1.83950252E+04     9.49177900E-04     9.96860500E-04     1.37664120E-03
    4.80000000E+04     2.08725000E+03     2.73220395E-01     1.43095460E+00     8.14135000E-05     1.36340280E+04     1.42951204E+04     1.97577938E+04     9.96044300E-04     1.04434430E-03     1.44342310E-03
    4.80000000E+04     2.11225000E+03     2.76492885E-01     1.43095460E+00     8.14135000E-05     1.46435476E+04     1.53292429E+04     2.12030337E+04     1.04462440E-03     1.09354310E-03     1.51255990E-03
    4.80000000E+04     2.13725000E+03     2.79765378E-01     1.43095460E+00     8.14135000E-05     1.57145925E+04     1.64255146E+04     2.27346279E+04     1.09495950E-03     1.14449830E-03     1.58410330E-03
    4.80000000E+04     2.16225000E+03     2.83037871E-01     1.43095460E+00     8.14135000E-05     1.68501245E+04     1.75869048E+04     2.43565886E+04     1.14709110E-03     1.19725150E-03     1.65810480E-03
    4.80000000E+04     2.18725000E+03     2.86310365E-01     1.43095460E+00     8.14135000E-05     1.80532110E+04     1.88164907E+04     2.60730600E+04     1.20106140E-03     1.25184480E-03     1.73461640E-03
    4.80000000E+04     2.21225000E+03     2.89582855E-01     1.43095460E+00     8.14135000E-05     1.93270269E+04     2.01174559E+04     2.78883218E+04     1.25691290E-03     1.30832080E-03     1.81369070E-03
    4.80000000E+04     2.23725000E+03     2.92855348E-01     1.43095460E+00     8.14135000E-05     2.06748581E+04     2.14930947E+04     2.98067912E+04     1.31468880E-03     1.36672270E-03     1.89538040E-03
    4.80000000E+04     2.26225000E+03     2.96127841E-01     1.43095460E+00     8.14135000E-05     2.21001036E+04     2.29468164E+04     3.18330267E+04     1.37443270E-03     1.42709390E-03     1.97973850E-03
    4.80000000E+04     2.28725000E+03     2.99400334E-01     1.43095460E+00     8.14135000E-05     2.36062761E+04     2.44821421E+04     3.39717254E+04     1.43618850E-03     1.48947860E-03     2.06681820E-03
    4.80000000E+04     2.31225000E+03     3.02672825E-01     1.43095460E+00     8.14135000E-05     2.51970086E+04     2.61027150E+04     3.62277343E+04     1.50000070E-03     1.55392130E-03     2.15667340E-03
    4.80000000E+04     2.33725000E+03     3.05945317E-01     1.43095460E+00     8.14135000E-05     2.68760526E+04     2.78122949E+04     3.86060435E+04     1.56591440E-03     1.62046700E-03     2.24935790E-03
    4.80000000E+04     2.36225000E+03     3.09217811E-01     1.43095460E+00     8.14135000E-05     2.86472840E+04     2.96147672E+04     4.11117954E+04     1.63397500E-03     1.68916100E-03     2.34492580E-03
    4.80000000E+04     2.38725000E+03     3.12490304E-01     1.43095460E+00     8.14135000E-05     3.05147035E+04     3.15141421E+04     4.37502838E+04     1.70422830E-03     1.76004930E-03     2.44343170E-03
    4.80000000E+04     2.41225000E+03     3.15762795E-01     1.43095460E+00     8.14135000E-05     3.24824401E+04     3.35145586E+04     4.65269561E+04     1.77672070E-03     1.83317840E-03     2.54493030E-03
    4.80000000E+04     2.43725000E+03     3.19035287E-01     1.43095460E+00     8.14135000E-05     3.45547550E+04     3.56202878E+04     4.94474191E+04     1.85149920E-03     1.90859510E-03     2.64947650E-03
    4.80000000E+04     2.46225000E+03     3.22307780E-01     1.43095460E+00     8.14135000E-05     3.67360419E+04     3.78357313E+04     5.25174371E+04     1.92861100E-03     1.98634660E-03     2.75712540E-03
    4.80000000E+04     2.48725000E+03     3.25580274E-01     1.43095460E+00     8.14135000E-05     3.90308321E+04     4.01654326E+04     5.57429380E+04     2.00810380E-03     2.06648090E-03     2.86793260E-03
    4.80000000E+04     2.52475000E+03     3.30489011E-01     1.43095460E+00     8.14135000E-05     4.27117675E+04     4.39002628E+04     6.09074634E+04     2.13222610E-03     2.19156850E-03     3.04059870E-03
    4.80000000E+04     2.57475000E+03     3.37033997E-01     1.43095460E+00     8.14135000E-05     4.80420936E+04     4.93050491E+04     6.83690860E+04     2.30610550E-03     2.36674070E-03     3.28185900E-03
    4.80000000E+04     2.62475000E+03     3.43578981E-01     1.43095460E+00     8.14135000E-05     5.39152588E+04     5.52558630E+04     7.65678494E+04     2.49039270E-03     2.55232720E-03     3.53675910E-03
    4.80000000E+04     2.67475000E+03     3.50123966E-01     1.43095460E+00     8.14135000E-05     6.03745333E+04     6.17960546E+04     8.55593404E+04     2.68549160E-03     2.74873230E-03     3.80575070E-03
    4.80000000E+04     2.72475000E+03     3.56668951E-01     1.43095460E+00     8.14135000E-05     6.74657092E+04     6.89714967E+04     9.54020153E+04     2.89181370E-03     2.95636740E-03     4.08928780E-03
    4.80000000E+04     2.77475000E+03     3.63213936E-01     1.43095460E+00     8.14135000E-05     7.52371910E+04     7.68306786E+04     1.06157268E+05     3.10977750E-03     3.17565140E-03     4.38782580E-03
    4.80000000E+04     2.82475000E+03     3.69758920E-01     1.43095460E+00     8.14135000E-05     8.37400918E+04     8.54247920E+04     1.17889499E+05     3.33980860E-03     3.40700970E-03     4.70182190E-03
    4.80000000E+04     2.87475000E+03     3.76303906E-01     1.43095460E+00     8.14135000E-05     9.30283275E+04     9.48078392E+04     1.30666184E+05     3.58233960E-03     3.65087510E-03     5.03173380E-03
    4.80000000E+04     2.92475000E+03     3.82848890E-01     1.43095460E+00     8.14135000E-05     1.03158715E+05     1.05036722E+05     1.44557938E+05     3.83781010E-03     3.90768730E-03     5.37801990E-03
    4.80000000E+04     2.97475000E+03     3.89393875E-01     1.43095460E+00     8.14135000E-05     1.14191070E+05     1.16171343E+05     1.59638579E+05     4.10666640E-03     4.17789280E-03     5.74113890E-03
    4.80000000E+04     3.02475000E+03     3.95938860E-01     1.43095460E+00     8.14135000E-05     1.26188300E+05     1.28274694E+05     1.75985178E+05     4.38936180E-03     4.46194480E-03     6.12154840E-03
    4.80000000E+04     3.07475000E+03     4.02483845E-01     1.43095460E+00     8.14135000E-05     1.39216518E+05     1.41412979E+05     1.93678138E+05     4.68635600E-03     4.76030340E-03     6.51970630E-03
    4.80000000E+04     3.12475000E+03     4.09028830E-01     1.43095460E+00     8.14135000E-05     1.53345131E+05     1.55655693E+05     2.12801227E+05     4.99811580E-03     5.07343520E-03     6.93606840E-03
    4.80000000E+04     3.17475000E+03     4.15573815E-01     1.43095460E+00     8.14135000E-05     1.68646941E+05     1.71075731E+05     2.33441636E+05     5.32511380E-03     5.40181310E-03     7.37108910E-03
    4.80000000E+04     3.22475000E+03     4.22118800E-01     1.43095460E+00     8.14135000E-05     1.85198255E+05     1.87749481E+05     2.55690025E+05     5.66782940E-03     5.74591630E-03     7.82522060E-03
    4.80000000E+04     3.27475000E+03     4.28663784E-01     1.43095460E+00     8.14135000E-05     2.03078987E+05     2.05756964E+05     2.79640581E+05     6.02674820E-03     6.10623090E-03     8.29891240E-03
    4.80000000E+04     3.32475000E+03     4.35208770E-01     1.43095460E+00     8.14135000E-05     2.22372758E+05     2.25181880E+05     3.05391036E+05     6.40236200E-03     6.48324840E-03     8.79261100E-03
    4.80000000E+04     3.37475000E+03     4.41753754E-01     1.43095460E+00     8.14135000E-05     2.43167004E+05     2.46111768E+05     3.33042726E+05     6.79516870E-03     6.87746700E-03     9.30675940E-03
    4.80000000E+04     3.42475000E+03     4.48298739E-01     1.43095460E+00     8.14135000E-05     2.65553068E+05     2.68638066E+05     3.62700592E+05     7.20567160E-03     7.28939010E-03     9.84179570E-03
    4.80000000E+04     3.47475000E+03     4.54843724E-01     1.43095460E+00     8.14135000E-05     2.89626321E+05     2.92856231E+05     3.94473239E+05     7.63438010E-03     7.71952700E-03     1.03981539E-02
    4.80000000E+04     3.52475000E+03     4.61388709E-01     1.43095460E+00     8.14135000E-05     3.15486269E+05     3.18865883E+05     4.28472952E+05     8.08180960E-03     8.16839330E-03     1.09762631E-02
    4.80000000E+04     3.57475000E+03     4.67933693E-01     1.43095460E+00     8.14135000E-05     3.43236642E+05     3.46770840E+05     4.64815698E+05     8.54848020E-03     8.63650930E-03     1.15765461E-02
    4.80000000E+04     3.62475000E+03     4.74478679E-01     1.43095460E+00     8.14135000E-05     3.72985502E+05     3.76679266E+05     5.03621149E+05     9.03491780E-03     9.12440070E-03     1.21994196E-02
    4.80000000E+04     3.67475000E+03     4.81023663E-01     1.43095460E+00     8.14135000E-05     4.04845356E+05     4.08703766E+05     5.45012681E+05     9.54165310E-03     9.63259840E-03     1.28452933E-02
    4.80000000E+04     3.72475000E+03     4.87568649E-01     1.43095460E+00     8.14135000E-05     4.38933272E+05     4.42961509E+05     5.89117410E+05     1.00692220E-02     1.01616384E-02     1.35145700E-02
    4.80000000E+04     3.77475000E+03     4.94113633E-01     1.43095460E+00     8.14135000E-05     4.75370942E+05     4.79574308E+05     6.36066118E+05     1.06181650E-02     1.07120616E-02     1.42076440E-02
    4.80000000E+04     3.82475000E+03     5.00658619E-01     1.43095460E+00     8.14135000E-05     5.14284836E+05     5.18668704E+05     6.85993316E+05     1.11890273E-02     1.12844124E-02     1.49249013E-02
    4.80000000E+04     3.87475000E+03     5.07203602E-01     1.43095460E+00     8.14135000E-05     5.55806269E+05     5.60376145E+05     7.39037179E+05     1.17823583E-02     1.18792410E-02     1.56667187E-02
    4.80000000E+04     3.92475000E+03     5.13748589E-01     1.43095460E+00     8.14135000E-05     6.00071509E+05     6.04832974E+05     7.95339522E+05     1.23987114E-02     1.24971004E-02     1.64334628E-02
    4.80000000E+04     3.97475000E+03     5.20293572E-01     1.43095460E+00     8.14135000E-05     6.47221909E+05     6.52180682E+05     8.55045820E+05     1.30386445E-02     1.31385491E-02     1.72254909E-02
    4.80000000E+04     4.02475000E+03     5.26838559E-01     1.43095460E+00     8.14135000E-05     6.97403963E+05     7.02565859E+05     9.18305100E+05     1.37027189E-02     1.38041479E-02     1.80431484E-02
    4.80000000E+04     4.07475000E+03     5.33383542E-01     1.43095460E+00     8.14135000E-05     7.50769413E+05     7.56140358E+05     9.85269910E+05     1.43914988E-02     1.44944615E-02     1.88867690E-02
    4.80000000E+04     4.12475000E+03     5.39928528E-01     1.43095460E+00     8.14135000E-05     8.07475394E+05     8.13061397E+05     1.05609633E+06     1.51055526E-02     1.52100578E-02     1.97566749E-02
    4.80000000E+04     4.17475000E+03     5.46473512E-01     1.43095460E+00     8.14135000E-05     8.67684443E+05     8.73491690E+05     1.13094379E+06     1.58454507E-02     1.59515083E-02     2.06531744E-02
    4.80000000E+04     4.22475000E+03     5.53018498E-01     1.43095460E+00     8.14135000E-05     9.31564706E+05     9.37599388E+05     1.20997516E+06     1.66117674E-02     1.67193854E-02     2.15765636E-02
    4.80000000E+04     4.27475000E+03     5.59563481E-01     1.43095460E+00     8.14135000E-05     9.99289885E+05     1.00555844E+06     1.29335645E+06     1.74050777E-02     1.75142667E-02     2.25271227E-02
    4.80000000E+04     4.32475000E+03     5.66108468E-01     1.43095460E+00     8.14135000E-05     1.07103950E+06     1.07754836E+06     1.38125699E+06     1.82259605E-02     1.83367290E-02     2.35051186E-02
    4.80000000E+04     4.37475000E+03     5.72653451E-01     1.43095460E+00     8.14135000E-05     1.14699878E+06     1.15375455E+06     1.47384904E+06     1.90749948E-02     1.91873523E-02     2.45108010E-02
    4.80000000E+04     4.42475000E+03     5.79198437E-01     1.43095460E+00     8.14135000E-05     1.22735895E+06     1.23436835E+06     1.57130798E+06     1.99527629E-02     2.00667188E-02     2.55444052E-02
    4.80000000E+04     4.47475000E+03     5.85743421E-01     1.43095460E+00     8.14135000E-05     1.31231716E+06     1.31958698E+06     1.67381192E+06     2.08598467E-02     2.09754100E-02     2.66061478E-02
    4.80000000E+04     4.52475000E+03     5.92288407E-01     1.43095460E+00     8.14135000E-05     1.40207664E+06     1.40961387E+06     1.78154180E+06     2.17968302E-02     2.19140111E-02     2.76962294E-02
    4.80000000E+04     4.57475000E+03     5.98833391E-01     1.43095460E+00     8.14135000E-05     1.49684673E+06     1.50465841E+06     1.89468104E+06     2.27642967E-02     2.28831047E-02     2.88148305E-02
    4.80000000E+04     4.62475000E+03     6.05378377E-01     1.43095460E+00     8.14135000E-05     1.59684295E+06     1.60493623E+06     2.01341555E+06     2.37628307E-02     2.38832742E-02     2.99621136E-02
    4.80000000E+04     4.67475000E+03     6.11923361E-01     1.43095460E+00     8.14135000E-05     1.70228718E+06     1.71066937E+06     2.13793356E+06     2.47930160E-02     2.49151048E-02     3.11382214E-02
    4.80000000E+04     4.72475000E+03     6.18468346E-01     1.43095460E+00     8.14135000E-05     1.81340756E+06     1.82208610E+06     2.26842535E+06     2.58554359E-02     2.59791801E-02     3.23432761E-02
    4.80000000E+04     4.77475000E+03     6.25013331E-01     1.43095460E+00     8.14135000E-05     1.93043861E+06     1.93942098E+06     2.40508311E+06     2.69506724E-02     2.70760804E-02     3.35773780E-02
    4.80000000E+04     4.82475000E+03     6.31558316E-01     1.43095460E+00     8.14135000E-05     2.05362138E+06     2.06291532E+06     2.54810083E+06     2.80793066E-02     2.82063893E-02     3.48406060E-02
    4.80000000E+04     4.87475000E+03     6.38103300E-01     1.43095460E+00     8.14135000E-05     2.18320334E+06     2.19281660E+06     2.69767395E+06     2.92419177E-02     2.93706840E-02     3.61330164E-02
    4.80000000E+04     4.92475000E+03     6.44648286E-01     1.43095460E+00     8.14135000E-05     2.31943859E+06     2.32937902E+06     2.85399931E+06     3.04390829E-02     3.05695419E-02     3.74546425E-02
    4.80000000E+04     4.97475000E+03     6.51193270E-01     1.43095460E+00     8.14135000E-05     2.46258770E+06     2.47286338E+06     3.01727470E+06     3.16713761E-02     3.18035377E-02     3.88054921E-02
    4.80000000E+04     5.00000000E+03     6.54498490E-01     1.43095460E+00     8.14135000E-05     2.53728490E+06     2.54773250E+06     3.10213070E+06     3.23057130E-02     3.24387370E-02     3.94975530E-02
