    8.60000000E+03     5.00000000E-01     3.65301500E-04     1.09000600E+00     9.53121000E-05     0.00000000E+00     7.04000000E-08     0.00000000E+00     0.00000000E+00     8.96000000E-08     0.00000000E+00
    8.60000000E+03     1.00000000E+00     7.30603000E-04     1.09000600E+00     9.53121000E-05     0.00000000E+00     5.63100000E-07     0.00000000E+00     0.00000000E+00     1.79200000E-07     0.00000000E+00
    8.60000000E+03     1.50000000E+00     1.09590440E-03     1.09000600E+00     9.53121000E-05     0.00000000E+00     1.90030000E-06     0.00000000E+00     0.00000000E+00     2.68800000E-07     0.00000000E+00
    8.60000000E+03     2.00000000E+00     1.46120590E-03     1.09000600E+00     9.53121000E-05     0.00000000E+00     4.50450000E-06     0.00000000E+00     0.00000000E+00     3.58500000E-07     0.00000000E+00
    8.60000000E+03     2.50000000E+00     1.82650740E-03     1.09000600E+00     9.53121000E-05     0.00000000E+00     8.79780000E-06     0.00000000E+00     0.00000000E+00     4.48100000E-07     0.00000000E+00
    8.60000000E+03     3.00000000E+00     2.19180890E-03     1.09000600E+00     9.53121000E-05     0.00000000E+00     1.52025000E-05     0.00000000E+00     0.00000000E+00     5.37700000E-07     0.00000000E+00
    8.60000000E+03     3.50000000E+00     2.55711040E-03     1.09000600E+00     9.53121000E-05     0.00000000E+00     2.41411000E-05     0.00000000E+00     0.00000000E+00     6.27300000E-07     0.00000000E+00
    8.60000000E+03     4.00000000E+00     2.92241190E-03     1.09000600E+00     9.53121000E-05     0.00000000E+00     3.60357000E-05     1.00000000E-10     0.00000000E+00     7.16900000E-07     0.00000000E+00
    8.60000000E+03     4.50000000E+00     3.28771330E-03     1.09000600E+00     9.53121000E-05     1.00000000E-10     5.13087000E-05     1.00000000E-10     0.00000000E+00     8.06500000E-07     0.00000000E+00
    8.60000000E+03     5.00000000E+00     3.65301480E-03     1.09000600E+00     9.53121000E-05     1.00000000E-10     7.03823000E-05     2.00000000E-10     0.00000000E+00     8.96100000E-07     0.00000000E+00
    8.60000000E+03     5.50000000E+00     4.01831630E-03     1.09000600E+00     9.53121000E-05     2.00000000E-10     9.36789000E-05     3.00000000E-10     0.00000000E+00     9.85700000E-07     0.00000000E+00
    8.60000000E+03     6.00000000E+00     4.38361780E-03     1.09000600E+00     9.53121000E-05     4.00000000E-10     1.21620900E-04     6.00000000E-10     0.00000000E+00     1.07540000E-06     0.00000000E+00
    8.60000000E+03     6.50000000E+00     4.74891930E-03     1.09000600E+00     9.53121000E-05     6.00000000E-10     1.54630400E-04     9.00000000E-10     0.00000000E+00     1.16500000E-06     0.00000000E+00
    8.60000000E+03     7.00000000E+00     5.11422070E-03     1.09000600E+00     9.53121000E-05     1.00000000E-09     1.93129900E-04     1.50000000E-09     0.00000000E+00     1.25460000E-06     0.00000000E+00
    8.60000000E+03     7.50000000E+00     5.47952220E-03     1.09000600E+00     9.53121000E-05     1.50000000E-09     2.37541700E-04     2.20000000E-09     0.00000000E+00     1.34420000E-06     0.00000000E+00
    8.60000000E+03     8.00000000E+00     5.84482370E-03     1.09000600E+00     9.53121000E-05     2.20000000E-09     2.88288200E-04     3.30000000E-09     0.00000000E+00     1.43380000E-06     0.00000000E+00
    8.60000000E+03     8.50000000E+00     6.21012520E-03     1.09000600E+00     9.53121000E-05     3.10000000E-09     3.45791700E-04     4.70000000E-09     0.00000000E+00     1.52340000E-06     0.00000000E+00
    8.60000000E+03     9.00000000E+00     6.57542670E-03     1.09000600E+00     9.53121000E-05     4.40000000E-09     4.10474500E-04     6.60000000E-09     0.00000000E+00     1.61310000E-06     0.00000000E+00
    8.60000000E+03     9.50000000E+00     6.94072810E-03     1.09000600E+00     9.53121000E-05     6.10000000E-09     4.82759200E-04     9.20000000E-09     0.00000000E+00     1.70270000E-06     0.00000000E+00
    8.60000000E+03     1.00000000E+01     7.30602960E-03     1.09000600E+00     9.53121000E-05     8.30000000E-09     5.63068000E-04     1.25000000E-08     0.00000000E+00     1.79230000E-06     0.00000000E+00
    8.60000000E+03     1.05000000E+01     7.67133110E-03     1.09000600E+00     9.53121000E-05     1.11000000E-08     6.51823500E-04     1.67000000E-08     0.00000000E+00     1.88190000E-06     0.00000000E+00
    8.60000000E+03     1.10000000E+01     8.03663260E-03     1.09000600E+00     9.53121000E-05     1.47000000E-08     7.49448100E-04     2.21000000E-08     0.00000000E+00     1.97150000E-06     1.00000000E-10
    8.60000000E+03     1.15000000E+01     8.40193410E-03     1.09000600E+00     9.53121000E-05     1.92000000E-08     8.56364300E-04     2.88000000E-08     0.00000000E+00     2.06120000E-06     1.00000000E-10
    8.60000000E+03     1.20000000E+01     8.76723560E-03     1.09000600E+00     9.53121000E-05     2.48000000E-08     9.72994400E-04     3.72000000E-08     1.00000000E-10     2.15080000E-06     1.00000000E-10
    8.60000000E+03     1.25000000E+01     9.13253700E-03     1.09000600E+00     9.53121000E-05     3.17000000E-08     1.09976120E-03     4.75000000E-08     1.00000000E-10     2.24040000E-06     1.00000000E-10
    8.60000000E+03     1.30000000E+01     9.49783850E-03     1.09000600E+00     9.53121000E-05     4.01000000E-08     1.23708710E-03     6.02000000E-08     1.00000000E-10     2.33000000E-06     1.00000000E-10
    8.60000000E+03     1.35000000E+01     9.86314000E-03     1.09000600E+00     9.53121000E-05     5.03000000E-08     1.38539480E-03     7.55000000E-08     1.00000000E-10     2.41970000E-06     1.00000000E-10
    8.60000000E+03     1.40000000E+01     1.02284410E-02     1.09000600E+00     9.53121000E-05     6.26000000E-08     1.54510680E-03     9.39000000E-08     1.00000000E-10     2.50930000E-06     2.00000000E-10
    8.60000000E+03     1.45000000E+01     1.05937430E-02     1.09000600E+00     9.53121000E-05     7.72000000E-08     1.71664580E-03     1.15800000E-07     1.00000000E-10     2.59890000E-06     2.00000000E-10
    8.60000000E+03     1.50000000E+01     1.09590440E-02     1.09000600E+00     9.53121000E-05     9.47000000E-08     1.90043460E-03     1.42000000E-07     1.00000000E-10     2.68860000E-06     2.00000000E-10
    8.60000000E+03     1.55000000E+01     1.13243460E-02     1.09000600E+00     9.53121000E-05     1.15200000E-07     2.09689580E-03     1.72800000E-07     2.00000000E-10     2.77820000E-06     2.00000000E-10
    8.60000000E+03     1.60000000E+01     1.16896470E-02     1.09000600E+00     9.53121000E-05     1.39400000E-07     2.30645240E-03     2.09100000E-07     2.00000000E-10     2.86780000E-06     3.00000000E-10
    8.60000000E+03     1.65000000E+01     1.20549490E-02     1.09000600E+00     9.53121000E-05     1.67700000E-07     2.52952680E-03     2.51500000E-07     2.00000000E-10     2.95750000E-06     3.00000000E-10
    8.60000000E+03     1.70000000E+01     1.24202500E-02     1.09000600E+00     9.53121000E-05     2.00600000E-07     2.76654250E-03     3.00900000E-07     2.00000000E-10     3.04710000E-06     3.00000000E-10
    8.60000000E+03     1.75000000E+01     1.27855520E-02     1.09000600E+00     9.53121000E-05     2.38700000E-07     3.01792200E-03     3.58000000E-07     2.00000000E-10     3.13680000E-06     4.00000000E-10
    8.60000000E+03     1.80000000E+01     1.31508530E-02     1.09000600E+00     9.53121000E-05     2.82600000E-07     3.28408810E-03     4.23900000E-07     3.00000000E-10     3.22640000E-06     4.00000000E-10
    8.60000000E+03     1.85000000E+01     1.35161550E-02     1.09000600E+00     9.53121000E-05     3.33100000E-07     3.56546480E-03     4.99700000E-07     3.00000000E-10     3.31610000E-06     5.00000000E-10
    8.60000000E+03     1.90000000E+01     1.38814560E-02     1.09000600E+00     9.53121000E-05     3.90900000E-07     3.86247410E-03     5.86400000E-07     3.00000000E-10     3.40570000E-06     5.00000000E-10
    8.60000000E+03     1.95000000E+01     1.42467580E-02     1.09000600E+00     9.53121000E-05     4.56900000E-07     4.17554000E-03     6.85300000E-07     4.00000000E-10     3.49540000E-06     6.00000000E-10
    8.60000000E+03     2.00000000E+01     1.46120590E-02     1.09000600E+00     9.53121000E-05     5.31800000E-07     4.50508530E-03     7.97700000E-07     4.00000000E-10     3.58500000E-06     6.00000000E-10
    8.60000000E+03     2.05000000E+01     1.49773610E-02     1.09000600E+00     9.53121000E-05     6.16700000E-07     4.85153390E-03     9.25000000E-07     5.00000000E-10     3.67470000E-06     7.00000000E-10
    8.60000000E+03     2.10000000E+01     1.53426620E-02     1.09000600E+00     9.53121000E-05     7.12700000E-07     5.21530850E-03     1.06890000E-06     5.00000000E-10     3.76440000E-06     8.00000000E-10
    8.60000000E+03     2.15000000E+01     1.57079640E-02     1.09000600E+00     9.53121000E-05     8.20800000E-07     5.59683310E-03     1.23100000E-06     6.00000000E-10     3.85400000E-06     8.00000000E-10
    8.60000000E+03     2.20000000E+01     1.60732650E-02     1.09000600E+00     9.53121000E-05     9.42100000E-07     5.99653130E-03     1.41310000E-06     6.00000000E-10     3.94370000E-06     9.00000000E-10
    8.60000000E+03     2.25000000E+01     1.64385670E-02     1.09000600E+00     9.53121000E-05     1.07810000E-06     6.41482640E-03     1.61700000E-06     7.00000000E-10     4.03340000E-06     1.00000000E-09
    8.60000000E+03     2.30000000E+01     1.68038680E-02     1.09000600E+00     9.53121000E-05     1.23010000E-06     6.85214270E-03     1.84500000E-06     7.00000000E-10     4.12310000E-06     1.10000000E-09
    8.60000000E+03     2.35000000E+01     1.71691700E-02     1.09000600E+00     9.53121000E-05     1.39950000E-06     7.30890390E-03     2.09900000E-06     8.00000000E-10     4.21280000E-06     1.20000000E-09
    8.60000000E+03     2.40000000E+01     1.75344710E-02     1.09000600E+00     9.53121000E-05     1.58800000E-06     7.78553330E-03     2.38170000E-06     9.00000000E-10     4.30250000E-06     1.30000000E-09
    8.60000000E+03     2.45000000E+01     1.78997730E-02     1.09000600E+00     9.53121000E-05     1.79710000E-06     8.28245630E-03     2.69530000E-06     1.00000000E-09     4.39210000E-06     1.40000000E-09
    8.60000000E+03     2.50000000E+01     1.82650740E-02     1.09000600E+00     9.53121000E-05     2.02870000E-06     8.80009600E-03     3.04260000E-06     1.00000000E-09     4.48190000E-06     1.50000000E-09
    8.60000000E+03     2.55000000E+01     1.86303760E-02     1.09000600E+00     9.53121000E-05     2.28460000E-06     9.33887740E-03     3.42640000E-06     1.10000000E-09     4.57160000E-06     1.70000000E-09
    8.60000000E+03     2.60000000E+01     1.89956770E-02     1.09000600E+00     9.53121000E-05     2.56690000E-06     9.89922450E-03     3.84980000E-06     1.20000000E-09     4.66130000E-06     1.80000000E-09
    8.60000000E+03     2.65000000E+01     1.93609790E-02     1.09000600E+00     9.53121000E-05     2.87770000E-06     1.04815620E-02     4.31580000E-06     1.30000000E-09     4.75100000E-06     2.00000000E-09
    8.60000000E+03     2.70000000E+01     1.97262800E-02     1.09000600E+00     9.53121000E-05     3.21920000E-06     1.10863140E-02     4.82800000E-06     1.40000000E-09     4.84070000E-06     2.10000000E-09
    8.60000000E+03     2.75000000E+01     2.00915810E-02     1.09000600E+00     9.53121000E-05     3.59380000E-06     1.17139080E-02     5.38990000E-06     1.50000000E-09     4.93040000E-06     2.30000000E-09
    8.60000000E+03     2.80000000E+01     2.04568830E-02     1.09000600E+00     9.53121000E-05     4.00410000E-06     1.23647650E-02     6.00520000E-06     1.60000000E-09     5.02020000E-06     2.40000000E-09
    8.60000000E+03     2.85000000E+01     2.08221840E-02     1.09000600E+00     9.53121000E-05     4.45270000E-06     1.30393140E-02     6.67790000E-06     1.70000000E-09     5.10990000E-06     2.60000000E-09
    8.60000000E+03     2.90000000E+01     2.11874860E-02     1.09000600E+00     9.53121000E-05     4.94250000E-06     1.37379770E-02     7.41230000E-06     1.90000000E-09     5.19970000E-06     2.80000000E-09
    8.60000000E+03     2.95000000E+01     2.15527870E-02     1.09000600E+00     9.53121000E-05     5.47630000E-06     1.44611810E-02     8.21290000E-06     2.00000000E-09     5.28940000E-06     3.00000000E-09
    8.60000000E+03     3.00000000E+01     2.19180890E-02     1.09000600E+00     9.53121000E-05     6.05730000E-06     1.52093520E-02     9.08420000E-06     2.10000000E-09     5.37920000E-06     3.20000000E-09
    8.60000000E+03     3.05000000E+01     2.22833900E-02     1.09000600E+00     9.53121000E-05     6.68880000E-06     1.59829150E-02     1.00312000E-05     2.30000000E-09     5.46900000E-06     3.40000000E-09
    8.60000000E+03     3.10000000E+01     2.26486920E-02     1.09000600E+00     9.53121000E-05     7.37420000E-06     1.67822970E-02     1.10590000E-05     2.40000000E-09     5.55880000E-06     3.70000000E-09
    8.60000000E+03     3.15000000E+01     2.30139930E-02     1.09000600E+00     9.53121000E-05     8.11720000E-06     1.76079220E-02     1.21732000E-05     2.60000000E-09     5.64860000E-06     3.90000000E-09
    8.60000000E+03     3.20000000E+01     2.33792950E-02     1.09000600E+00     9.53121000E-05     8.92160000E-06     1.84602190E-02     1.33794000E-05     2.80000000E-09     5.73830000E-06     4.20000000E-09
    8.60000000E+03     3.25000000E+01     2.37445960E-02     1.09000600E+00     9.53121000E-05     9.79130000E-06     1.93396120E-02     1.46836000E-05     3.00000000E-09     5.82820000E-06     4.40000000E-09
    8.60000000E+03     3.30000000E+01     2.41098980E-02     1.09000600E+00     9.53121000E-05     1.07306000E-05     2.02465290E-02     1.60920000E-05     3.10000000E-09     5.91800000E-06     4.70000000E-09
    8.60000000E+03     3.35000000E+01     2.44751990E-02     1.09000600E+00     9.53121000E-05     1.17437000E-05     2.11813980E-02     1.76112000E-05     3.30000000E-09     6.00780000E-06     5.00000000E-09
    8.60000000E+03     3.40000000E+01     2.48405010E-02     1.09000600E+00     9.53121000E-05     1.28353000E-05     2.21446450E-02     1.92481000E-05     3.50000000E-09     6.09760000E-06     5.30000000E-09
    8.60000000E+03     3.45000000E+01     2.52058020E-02     1.09000600E+00     9.53121000E-05     1.40103000E-05     2.31366980E-02     2.10099000E-05     3.70000000E-09     6.18750000E-06     5.60000000E-09
    8.60000000E+03     3.50000000E+01     2.55711040E-02     1.09000600E+00     9.53121000E-05     1.52734000E-05     2.41579810E-02     2.29040000E-05     4.00000000E-09     6.27730000E-06     6.00000000E-09
    8.60000000E+03     3.55000000E+01     2.59364050E-02     1.09000600E+00     9.53121000E-05     1.66302000E-05     2.52089280E-02     2.49384000E-05     4.20000000E-09     6.36720000E-06     6.30000000E-09
    8.60000000E+03     3.60000000E+01     2.63017070E-02     1.09000600E+00     9.53121000E-05     1.80858000E-05     2.62899610E-02     2.71211000E-05     4.40000000E-09     6.45710000E-06     6.70000000E-09
    8.60000000E+03     3.65000000E+01     2.66670080E-02     1.09000600E+00     9.53121000E-05     1.96462000E-05     2.74015130E-02     2.94607000E-05     4.70000000E-09     6.54690000E-06     7.00000000E-09
    8.60000000E+03     3.70000000E+01     2.70323100E-02     1.09000600E+00     9.53121000E-05     2.13171000E-05     2.85440110E-02     3.19661000E-05     5.00000000E-09     6.63680000E-06     7.40000000E-09
    8.60000000E+03     3.75000000E+01     2.73976110E-02     1.09000600E+00     9.53121000E-05     2.31049000E-05     2.97178810E-02     3.46466000E-05     5.20000000E-09     6.72680000E-06     7.80000000E-09
    8.60000000E+03     3.80000000E+01     2.77629130E-02     1.09000600E+00     9.53121000E-05     2.50158000E-05     3.09235580E-02     3.75119000E-05     5.50000000E-09     6.81670000E-06     8.30000000E-09
    8.60000000E+03     3.85000000E+01     2.81282140E-02     1.09000600E+00     9.53121000E-05     2.70567000E-05     3.21614630E-02     4.05719000E-05     5.80000000E-09     6.90660000E-06     8.70000000E-09
    8.60000000E+03     3.90000000E+01     2.84935160E-02     1.09000600E+00     9.53121000E-05     2.92345000E-05     3.34320360E-02     4.38371000E-05     6.10000000E-09     6.99650000E-06     9.20000000E-09
    8.60000000E+03     3.95000000E+01     2.88588170E-02     1.09000600E+00     9.53121000E-05     3.15564000E-05     3.47356970E-02     4.73185000E-05     6.40000000E-09     7.08650000E-06     9.70000000E-09
    8.60000000E+03     4.00000000E+01     2.92241190E-02     1.09000600E+00     9.53121000E-05     3.40300000E-05     3.60728810E-02     5.10272000E-05     6.80000000E-09     7.17650000E-06     1.02000000E-08
    8.60000000E+03     4.05000000E+01     2.95894200E-02     1.09000600E+00     9.53121000E-05     3.66631000E-05     3.74440220E-02     5.49750000E-05     7.10000000E-09     7.26650000E-06     1.07000000E-08
    8.60000000E+03     4.10000000E+01     2.99547210E-02     1.09000600E+00     9.53121000E-05     3.94639000E-05     3.88495420E-02     5.91740000E-05     7.50000000E-09     7.35650000E-06     1.12000000E-08
    8.60000000E+03     4.15000000E+01     3.03200230E-02     1.09000600E+00     9.53121000E-05     4.24407000E-05     4.02898790E-02     6.36370000E-05     7.80000000E-09     7.44650000E-06     1.18000000E-08
    8.60000000E+03     4.20000000E+01     3.06853240E-02     1.09000600E+00     9.53121000E-05     4.56023000E-05     4.17654640E-02     6.83770000E-05     8.20000000E-09     7.53650000E-06     1.23000000E-08
    8.60000000E+03     4.25000000E+01     3.10506260E-02     1.09000600E+00     9.53121000E-05     4.89577000E-05     4.32767210E-02     7.34075000E-05     8.60000000E-09     7.62650000E-06     1.29000000E-08
    8.60000000E+03     4.30000000E+01     3.14159270E-02     1.09000600E+00     9.53121000E-05     5.25165000E-05     4.48240950E-02     7.87428000E-05     9.00000000E-09     7.71660000E-06     1.36000000E-08
    8.60000000E+03     4.35000000E+01     3.17812290E-02     1.09000600E+00     9.53121000E-05     5.62882000E-05     4.64080090E-02     8.43973000E-05     9.50000000E-09     7.80660000E-06     1.42000000E-08
    8.60000000E+03     4.40000000E+01     3.21465300E-02     1.09000600E+00     9.53121000E-05     6.02830000E-05     4.80288990E-02     9.03861000E-05     9.90000000E-09     7.89670000E-06     1.49000000E-08
    8.60000000E+03     4.45000000E+01     3.25118320E-02     1.09000600E+00     9.53121000E-05     6.45112000E-05     4.96871970E-02     9.67249000E-05     1.04000000E-08     7.98680000E-06     1.55000000E-08
    8.60000000E+03     4.50000000E+01     3.28771330E-02     1.09000600E+00     9.53121000E-05     6.89838000E-05     5.13833380E-02     1.03429900E-04     1.08000000E-08     8.07700000E-06     1.63000000E-08
    8.60000000E+03     4.55000000E+01     3.32424350E-02     1.09000600E+00     9.53121000E-05     7.37119000E-05     5.31177550E-02     1.10517700E-04     1.13000000E-08     8.16710000E-06     1.70000000E-08
    8.60000000E+03     4.60000000E+01     3.36077360E-02     1.09000600E+00     9.53121000E-05     7.87069000E-05     5.48908810E-02     1.18005600E-04     1.18000000E-08     8.25720000E-06     1.78000000E-08
    8.60000000E+03     4.65000000E+01     3.39730380E-02     1.09000600E+00     9.53121000E-05     8.39808000E-05     5.67031510E-02     1.25911600E-04     1.24000000E-08     8.34740000E-06     1.85000000E-08
    8.60000000E+03     4.70000000E+01     3.43383390E-02     1.09000600E+00     9.53121000E-05     8.95460000E-05     5.85550050E-02     1.34254100E-04     1.29000000E-08     8.43760000E-06     1.93000000E-08
    8.60000000E+03     4.75000000E+01     3.47036410E-02     1.09000600E+00     9.53121000E-05     9.54152000E-05     6.04468730E-02     1.43052100E-04     1.35000000E-08     8.52780000E-06     2.02000000E-08
    8.60000000E+03     4.80000000E+01     3.50689420E-02     1.09000600E+00     9.53121000E-05     1.01601400E-04     6.23791930E-02     1.52325300E-04     1.40000000E-08     8.61800000E-06     2.10000000E-08
    8.60000000E+03     4.85000000E+01     3.54342440E-02     1.09000600E+00     9.53121000E-05     1.08118300E-04     6.43524000E-02     1.62094000E-04     1.46000000E-08     8.70830000E-06     2.19000000E-08
    8.60000000E+03     4.90000000E+01     3.57995450E-02     1.09000600E+00     9.53121000E-05     1.14979900E-04     6.63669350E-02     1.72379200E-04     1.52000000E-08     8.79850000E-06     2.29000000E-08
    8.60000000E+03     4.95000000E+01     3.61648470E-02     1.09000600E+00     9.53121000E-05     1.22200600E-04     6.84232320E-02     1.83202500E-04     1.59000000E-08     8.88880000E-06     2.38000000E-08
    8.60000000E+03     5.10000000E+01     3.72607512E-02     1.09000600E+00     9.53121000E-05     1.46589500E-04     7.48905868E-02     2.19758700E-04     1.79000000E-08     9.15980000E-06     2.68000000E-08
    8.60000000E+03     5.35000000E+01     3.90872586E-02     1.09000600E+00     9.53121000E-05     1.95286400E-04     8.64753884E-02     2.92745600E-04     2.17000000E-08     9.61180000E-06     3.25000000E-08
    8.60000000E+03     5.60000000E+01     4.09137658E-02     1.09000600E+00     9.53121000E-05     2.56778600E-04     9.92032208E-02     3.84902900E-04     2.60000000E-08     1.00645000E-05     3.90000000E-08
    8.60000000E+03     5.85000000E+01     4.27402732E-02     1.09000600E+00     9.53121000E-05     3.33625200E-04     1.13129514E-01     5.00062200E-04     3.10000000E-08     1.05177000E-05     4.65000000E-08
    8.60000000E+03     6.10000000E+01     4.45667808E-02     1.09000600E+00     9.53121000E-05     4.28751100E-04     1.28310088E-01     6.42601800E-04     3.66000000E-08     1.09717000E-05     5.49000000E-08
    8.60000000E+03     6.35000000E+01     4.63932882E-02     1.09000600E+00     9.53121000E-05     5.45480300E-04     1.44801150E-01     8.17497000E-04     4.30000000E-08     1.14265000E-05     6.45000000E-08
    8.60000000E+03     6.60000000E+01     4.82197958E-02     1.09000600E+00     9.53121000E-05     6.87570800E-04     1.62659358E-01     1.03037120E-03     5.02000000E-08     1.18820000E-05     7.52000000E-08
    8.60000000E+03     6.85000000E+01     5.00463028E-02     1.09000600E+00     9.53121000E-05     8.59250700E-04     1.81941862E-01     1.28755030E-03     5.82000000E-08     1.23385000E-05     8.73000000E-08
    8.60000000E+03     7.10000000E+01     5.18728102E-02     1.09000600E+00     9.53121000E-05     1.06525570E-03     2.02706306E-01     1.59611800E-03     6.72000000E-08     1.27959000E-05     1.00700000E-07
    8.60000000E+03     7.35000000E+01     5.36993178E-02     1.09000600E+00     9.53121000E-05     1.31086830E-03     2.25010902E-01     1.96397430E-03     7.72000000E-08     1.32543000E-05     1.15600000E-07
    8.60000000E+03     7.60000000E+01     5.55258252E-02     1.09000600E+00     9.53121000E-05     1.60195800E-03     2.48914464E-01     2.39989520E-03     8.82000000E-08     1.37138000E-05     1.32200000E-07
    8.60000000E+03     7.85000000E+01     5.73523328E-02     1.09000600E+00     9.53121000E-05     1.94502330E-03     2.74476444E-01     2.91359530E-03     1.00400000E-07     1.41745000E-05     1.50400000E-07
    8.60000000E+03     8.10000000E+01     5.91788400E-02     1.09000600E+00     9.53121000E-05     2.34723540E-03     3.01756974E-01     3.51579140E-03     1.13800000E-07     1.46365000E-05     1.70500000E-07
    8.60000000E+03     8.35000000E+01     6.10053472E-02     1.09000600E+00     9.53121000E-05     2.81648200E-03     3.30816914E-01     4.21826920E-03     1.28500000E-07     1.50998000E-05     1.92500000E-07
    8.60000000E+03     8.60000000E+01     6.28318548E-02     1.09000600E+00     9.53121000E-05     3.36141440E-03     3.61717900E-01     5.03395160E-03     1.44600000E-07     1.55644000E-05     2.16500000E-07
    8.60000000E+03     8.85000000E+01     6.46583622E-02     1.09000600E+00     9.53121000E-05     3.99149430E-03     3.94522378E-01     5.97696850E-03     1.62100000E-07     1.60306000E-05     2.42800000E-07
    8.60000000E+03     9.10000000E+01     6.64848698E-02     1.09000600E+00     9.53121000E-05     4.71704400E-03     4.29293720E-01     7.06273090E-03     1.81200000E-07     1.64984000E-05     2.71300000E-07
    8.60000000E+03     9.35000000E+01     6.83113772E-02     1.09000600E+00     9.53121000E-05     5.54929490E-03     4.66096144E-01     8.30800260E-03     2.01900000E-07     1.69678000E-05     3.02300000E-07
    8.60000000E+03     9.60000000E+01     7.01378842E-02     1.09000600E+00     9.53121000E-05     6.50044090E-03     5.04994890E-01     9.73097870E-03     2.24400000E-07     1.74390000E-05     3.35900000E-07
    8.60000000E+03     9.85000000E+01     7.19643918E-02     1.09000600E+00     9.53121000E-05     7.58369080E-03     5.46056224E-01     1.13513634E-02     2.48700000E-07     1.79121000E-05     3.72200000E-07
    8.60000000E+03     1.01000000E+02     7.37908992E-02     1.09000600E+00     9.53121000E-05     8.81332350E-03     5.89347484E-01     1.31904508E-02     2.74900000E-07     1.83871000E-05     4.11400000E-07
    8.60000000E+03     1.03500000E+02     7.56174068E-02     1.09000600E+00     9.53121000E-05     1.02047435E-02     6.34937158E-01     1.52712062E-02     3.03100000E-07     1.88642000E-05     4.53600000E-07
    8.60000000E+03     1.06000000E+02     7.74439142E-02     1.09000600E+00     9.53121000E-05     1.17745384E-02     6.82894910E-01     1.76183506E-02     3.33400000E-07     1.93434000E-05     4.98900000E-07
    8.60000000E+03     1.08500000E+02     7.92704214E-02     1.09000600E+00     9.53121000E-05     1.35405376E-02     7.33291714E-01     2.02584494E-02     3.66000000E-07     1.98249000E-05     5.47600000E-07
    8.60000000E+03     1.11000000E+02     8.10969288E-02     1.09000600E+00     9.53121000E-05     1.55218738E-02     7.86199806E-01     2.32199974E-02     4.00900000E-07     2.03087000E-05     5.99700000E-07
    8.60000000E+03     1.13500000E+02     8.29234362E-02     1.09000600E+00     9.53121000E-05     1.77390406E-02     8.41692796E-01     2.65335090E-02     4.38200000E-07     2.07950000E-05     6.55400000E-07
    8.60000000E+03     1.16000000E+02     8.47499438E-02     1.09000600E+00     9.53121000E-05     2.02139622E-02     8.99845810E-01     3.02316154E-02     4.78000000E-07     2.12839000E-05     7.14900000E-07
    8.60000000E+03     1.18500000E+02     8.65764512E-02     1.09000600E+00     9.53121000E-05     2.29700496E-02     9.60735372E-01     3.43491490E-02     5.20500000E-07     2.17755000E-05     7.78400000E-07
    8.60000000E+03     1.21000000E+02     8.84029586E-02     1.09000600E+00     9.53121000E-05     2.60322744E-02     1.02443969E+00     3.89232522E-02     5.65800000E-07     2.22699000E-05     8.46000000E-07
    8.60000000E+03     1.23500000E+02     9.02294658E-02     1.09000600E+00     9.53121000E-05     2.94272296E-02     1.09103856E+00     4.39934624E-02     6.14000000E-07     2.27673000E-05     9.17900000E-07
    8.60000000E+03     1.26000000E+02     9.20559732E-02     1.09000600E+00     9.53121000E-05     3.31832012E-02     1.16061350E+00     4.96018196E-02     6.65100000E-07     2.32677000E-05     9.94200000E-07
    8.60000000E+03     1.28500000E+02     9.38824808E-02     1.09000600E+00     9.53121000E-05     3.73302372E-02     1.23324774E+00     5.57929648E-02     7.19400000E-07     2.37713000E-05     1.07520000E-06
    8.60000000E+03     1.31000000E+02     9.57089882E-02     1.09000600E+00     9.53121000E-05     4.19002174E-02     1.30902642E+00     6.26142426E-02     7.77000000E-07     2.42781000E-05     1.16110000E-06
    8.60000000E+03     1.33500000E+02     9.75354958E-02     1.09000600E+00     9.53121000E-05     4.69269334E-02     1.38803674E+00     7.01158180E-02     8.37900000E-07     2.47885000E-05     1.25200000E-06
    8.60000000E+03     1.36000000E+02     9.93620036E-02     1.09000600E+00     9.53121000E-05     5.24461460E-02     1.47036764E+00     7.83507550E-02     9.02400000E-07     2.53023000E-05     1.34810000E-06
    8.60000000E+03     1.38500000E+02     1.01188510E-01     1.09000600E+00     9.53121000E-05     5.84956788E-02     1.55611022E+00     8.73751562E-02     9.70400000E-07     2.58199000E-05     1.44960000E-06
    8.60000000E+03     1.41000000E+02     1.03015018E-01     1.09000600E+00     9.53121000E-05     6.51154858E-02     1.64535788E+00     9.72482614E-02     1.04230000E-06     2.63413000E-05     1.55670000E-06
    8.60000000E+03     1.43500000E+02     1.04841526E-01     1.09000600E+00     9.53121000E-05     7.23477282E-02     1.73820612E+00     1.08032554E-01     1.11810000E-06     2.68666000E-05     1.66960000E-06
    8.60000000E+03     1.46000000E+02     1.06668032E-01     1.09000600E+00     9.53121000E-05     8.02368610E-02     1.83475276E+00     1.19793886E-01     1.19790000E-06     2.73961000E-05     1.78850000E-06
    8.60000000E+03     1.48500000E+02     1.08494540E-01     1.09000600E+00     9.53121000E-05     8.88296942E-02     1.93509792E+00     1.32601570E-01     1.28190000E-06     2.79298000E-05     1.91360000E-06
    8.60000000E+03     1.51000000E+02     1.10321048E-01     1.09000600E+00     9.53121000E-05     9.81755104E-02     2.03934440E+00     1.46528552E-01     1.37030000E-06     2.84679000E-05     2.04520000E-06
    8.60000000E+03     1.53500000E+02     1.12147554E-01     1.09000600E+00     9.53121000E-05     1.08326110E-01     2.14759746E+00     1.61651454E-01     1.46310000E-06     2.90105000E-05     2.18340000E-06
    8.60000000E+03     1.56000000E+02     1.13974062E-01     1.09000600E+00     9.53121000E-05     1.19335910E-01     2.25996480E+00     1.78050750E-01     1.56060000E-06     2.95579000E-05     2.32840000E-06
    8.60000000E+03     1.58500000E+02     1.15800570E-01     1.09000600E+00     9.53121000E-05     1.31262050E-01     2.37655728E+00     1.95810882E-01     1.66290000E-06     3.01100000E-05     2.48060000E-06
    8.60000000E+03     1.61000000E+02     1.17627078E-01     1.09000600E+00     9.53121000E-05     1.44164444E-01     2.49748812E+00     2.15020358E-01     1.77000000E-06     3.06672000E-05     2.64000000E-06
    8.60000000E+03     1.63500000E+02     1.19453584E-01     1.09000600E+00     9.53121000E-05     1.58105886E-01     2.62287368E+00     2.35771898E-01     1.88230000E-06     3.12295000E-05     2.80690000E-06
    8.60000000E+03     1.66000000E+02     1.21280090E-01     1.09000600E+00     9.53121000E-05     1.73152158E-01     2.75283338E+00     2.58162580E-01     1.99980000E-06     3.17971000E-05     2.98160000E-06
    8.60000000E+03     1.68500000E+02     1.23106600E-01     1.09000600E+00     9.53121000E-05     1.89372108E-01     2.88748972E+00     2.82293954E-01     2.12270000E-06     3.23702000E-05     3.16430000E-06
    8.60000000E+03     1.71000000E+02     1.24933108E-01     1.09000600E+00     9.53121000E-05     2.06837666E-01     3.02696786E+00     3.08272060E-01     2.25120000E-06     3.29489000E-05     3.35530000E-06
    8.60000000E+03     1.73500000E+02     1.26759614E-01     1.09000600E+00     9.53121000E-05     2.25624120E-01     3.17139706E+00     3.36207840E-01     2.38550000E-06     3.35334000E-05     3.55460000E-06
    8.60000000E+03     1.76000000E+02     1.28586120E-01     1.09000600E+00     9.53121000E-05     2.45810028E-01     3.32090950E+00     3.66216980E-01     2.52560000E-06     3.41238000E-05     3.76270000E-06
    8.60000000E+03     1.78500000E+02     1.30412630E-01     1.09000600E+00     9.53121000E-05     2.67477390E-01     3.47564080E+00     3.98420172E-01     2.67180000E-06     3.47204000E-05     3.97970000E-06
    8.60000000E+03     1.81000000E+02     1.32239136E-01     1.09000600E+00     9.53121000E-05     2.90711740E-01     3.63572998E+00     4.32943258E-01     2.82420000E-06     3.53233000E-05     4.20600000E-06
    8.60000000E+03     1.83500000E+02     1.34065644E-01     1.09000600E+00     9.53121000E-05     3.15602292E-01     3.80132008E+00     4.69917388E-01     2.98300000E-06     3.59327000E-05     4.44160000E-06
    8.60000000E+03     1.86000000E+02     1.35892150E-01     1.09000600E+00     9.53121000E-05     3.42241942E-01     3.97255788E+00     5.09479068E-01     3.14850000E-06     3.65487000E-05     4.68700000E-06
    8.60000000E+03     1.88500000E+02     1.37718660E-01     1.09000600E+00     9.53121000E-05     3.70727428E-01     4.14959386E+00     5.51770384E-01     3.32070000E-06     3.71716000E-05     4.94230000E-06
    8.60000000E+03     1.91000000E+02     1.39545166E-01     1.09000600E+00     9.53121000E-05     4.01159456E-01     4.33258228E+00     5.96939126E-01     3.49980000E-06     3.78015000E-05     5.20790000E-06
    8.60000000E+03     1.93500000E+02     1.41371672E-01     1.09000600E+00     9.53121000E-05     4.33642752E-01     4.52168216E+00     6.45138908E-01     3.68610000E-06     3.84386000E-05     5.48390000E-06
    8.60000000E+03     1.96000000E+02     1.43198180E-01     1.09000600E+00     9.53121000E-05     4.68286172E-01     4.71705560E+00     6.96529320E-01     3.87970000E-06     3.90831000E-05     5.77070000E-06
    8.60000000E+03     1.98500000E+02     1.45024690E-01     1.09000600E+00     9.53121000E-05     5.05202858E-01     4.91887002E+00     7.51276128E-01     4.08080000E-06     3.97351000E-05     6.06850000E-06
    8.60000000E+03     2.01000000E+02     1.46851196E-01     1.09000600E+00     9.53121000E-05     5.44510288E-01     5.12729692E+00     8.09551334E-01     4.28960000E-06     4.03949000E-05     6.37760000E-06
    8.60000000E+03     2.03500000E+02     1.48677702E-01     1.09000600E+00     9.53121000E-05     5.86330420E-01     5.34251170E+00     8.71533400E-01     4.50630000E-06     4.10627000E-05     6.69820000E-06
    8.60000000E+03     2.06000000E+02     1.50504210E-01     1.09000600E+00     9.53121000E-05     6.30789742E-01     5.56469510E+00     9.37407292E-01     4.73100000E-06     4.17386000E-05     7.03070000E-06
    8.60000000E+03     2.08500000E+02     1.52330718E-01     1.09000600E+00     9.53121000E-05     6.78019556E-01     5.79403274E+00     1.00736490E+00     4.96400000E-06     4.24229000E-05     7.37530000E-06
    8.60000000E+03     2.11000000E+02     1.54157226E-01     1.09000600E+00     9.53121000E-05     7.28155792E-01     6.03071384E+00     1.08160472E+00     5.20550000E-06     4.31157000E-05     7.73230000E-06
    8.60000000E+03     2.13500000E+02     1.55983732E-01     1.09000600E+00     9.53121000E-05     7.81339434E-01     6.27493386E+00     1.16033256E+00     5.45570000E-06     4.38173000E-05     8.10200000E-06
    8.60000000E+03     2.16000000E+02     1.57810240E-01     1.09000600E+00     9.53121000E-05     8.37716404E-01     6.52689286E+00     1.24376122E+00     5.71480000E-06     4.45278000E-05     8.48470000E-06
    8.60000000E+03     2.18500000E+02     1.59636748E-01     1.09000600E+00     9.53121000E-05     8.97437828E-01     6.78679572E+00     1.33211098E+00     5.98290000E-06     4.52475000E-05     8.88070000E-06
    8.60000000E+03     2.21000000E+02     1.61463254E-01     1.09000600E+00     9.53121000E-05     9.60660070E-01     7.05485320E+00     1.42560960E+00     6.26030000E-06     4.59766000E-05     9.29020000E-06
    8.60000000E+03     2.23500000E+02     1.63289762E-01     1.09000600E+00     9.53121000E-05     1.02754486E+00     7.33128106E+00     1.52449246E+00     6.54720000E-06     4.67152000E-05     9.71360000E-06
    8.60000000E+03     2.26000000E+02     1.65116270E-01     1.09000600E+00     9.53121000E-05     1.09825946E+00     7.61630120E+00     1.62900286E+00     6.84380000E-06     4.74636000E-05     1.01512000E-05
    8.60000000E+03     2.28500000E+02     1.66942778E-01     1.09000600E+00     9.53121000E-05     1.17297668E+00     7.91014006E+00     1.73939200E+00     7.15040000E-06     4.82221000E-05     1.06032000E-05
    8.60000000E+03     2.31000000E+02     1.68769284E-01     1.09000600E+00     9.53121000E-05     1.25187508E+00     8.21303002E+00     1.85591922E+00     7.46710000E-06     4.89907000E-05     1.10700000E-05
    8.60000000E+03     2.33500000E+02     1.70595790E-01     1.09000600E+00     9.53121000E-05     1.33513928E+00     8.52521190E+00     1.97885244E+00     7.79410000E-06     4.97698000E-05     1.15519000E-05
    8.60000000E+03     2.36000000E+02     1.72422300E-01     1.09000600E+00     9.53121000E-05     1.42295956E+00     8.84692774E+00     2.10846760E+00     8.13170000E-06     5.05595000E-05     1.20492000E-05
    8.60000000E+03     2.38500000E+02     1.74248808E-01     1.09000600E+00     9.53121000E-05     1.51553252E+00     9.17843076E+00     2.24504980E+00     8.48020000E-06     5.13602000E-05     1.25622000E-05
    8.60000000E+03     2.41000000E+02     1.76075314E-01     1.09000600E+00     9.53121000E-05     1.61306100E+00     9.51997690E+00     2.38889268E+00     8.83960000E-06     5.21719000E-05     1.30912000E-05
    8.60000000E+03     2.43500000E+02     1.77901820E-01     1.09000600E+00     9.53121000E-05     1.71575404E+00     9.87182968E+00     2.54029858E+00     9.21030000E-06     5.29950000E-05     1.36365000E-05
    8.60000000E+03     2.46000000E+02     1.79728330E-01     1.09000600E+00     9.53121000E-05     1.82382732E+00     1.02342592E+01     2.69957960E+00     9.59250000E-06     5.38297000E-05     1.41986000E-05
    8.60000000E+03     2.48500000E+02     1.81554836E-01     1.09000600E+00     9.53121000E-05     1.93750318E+00     1.06075434E+01     2.86705688E+00     9.98640000E-06     5.46761000E-05     1.47775000E-05
    8.60000000E+03     2.52250000E+02     1.84294597E-01     1.09000600E+00     9.53121000E-05     2.11979785E+00     1.11898883E+01     3.13549634E+00     1.06012000E-05     5.59700000E-05     1.56808000E-05
    8.60000000E+03     2.57250000E+02     1.87947613E-01     1.09000600E+00     9.53121000E-05     2.38369308E+00     1.20051888E+01     3.52385319E+00     1.14622000E-05     5.77366000E-05     1.69448000E-05
    8.60000000E+03     2.62250000E+02     1.91600626E-01     1.09000600E+00     9.53121000E-05     2.67435147E+00     1.28692385E+01     3.95126976E+00     1.23743000E-05     5.95548000E-05     1.82827000E-05
    8.60000000E+03     2.67250000E+02     1.95253643E-01     1.09000600E+00     9.53121000E-05     2.99389178E+00     1.37845947E+01     4.42079256E+00     1.33395000E-05     6.14263000E-05     1.96971000E-05
    8.60000000E+03     2.72250000E+02     1.98906656E-01     1.09000600E+00     9.53121000E-05     3.34455444E+00     1.47539355E+01     4.93563742E+00     1.43597000E-05     6.33533000E-05     2.11909000E-05
    8.60000000E+03     2.77250000E+02     2.02559672E-01     1.09000600E+00     9.53121000E-05     3.72870624E+00     1.57800670E+01     5.49919592E+00     1.54369000E-05     6.53378000E-05     2.27668000E-05
    8.60000000E+03     2.82250000E+02     2.06212686E-01     1.09000600E+00     9.53121000E-05     4.14884477E+00     1.68659251E+01     6.11504065E+00     1.65733000E-05     6.73817000E-05     2.44277000E-05
    8.60000000E+03     2.87250000E+02     2.09865701E-01     1.09000600E+00     9.53121000E-05     4.60760314E+00     1.80145833E+01     6.78693133E+00     1.77708000E-05     6.94872000E-05     2.61762000E-05
    8.60000000E+03     2.92250000E+02     2.13518716E-01     1.09000600E+00     9.53121000E-05     5.10775454E+00     1.92292534E+01     7.51882051E+00     1.90317000E-05     7.16565000E-05     2.80155000E-05
    8.60000000E+03     2.97250000E+02     2.17171731E-01     1.09000600E+00     9.53121000E-05     5.65221656E+00     2.05132958E+01     8.31485877E+00     2.03580000E-05     7.38915000E-05     2.99482000E-05
    8.60000000E+03     3.02250000E+02     2.20824745E-01     1.09000600E+00     9.53121000E-05     6.24405709E+00     2.18702172E+01     9.17940239E+00     2.17519000E-05     7.61946000E-05     3.19775000E-05
    8.60000000E+03     3.07250000E+02     2.24477761E-01     1.09000600E+00     9.53121000E-05     6.88649718E+00     2.33036820E+01     1.01170159E+01     2.32156000E-05     7.85680000E-05     3.41063000E-05
    8.60000000E+03     3.12250000E+02     2.28130775E-01     1.09000600E+00     9.53121000E-05     7.58291743E+00     2.48175177E+01     1.11324811E+01     2.47514000E-05     8.10138000E-05     3.63376000E-05
    8.60000000E+03     3.17250000E+02     2.31783790E-01     1.09000600E+00     9.53121000E-05     8.33686307E+00     2.64157049E+01     1.22308023E+01     2.63615000E-05     8.35344000E-05     3.86744000E-05
    8.60000000E+03     3.22250000E+02     2.35436805E-01     1.09000600E+00     9.53121000E-05     9.15204725E+00     2.81024055E+01     1.34172099E+01     2.80482000E-05     8.61321000E-05     4.11197000E-05
    8.60000000E+03     3.27250000E+02     2.39089819E-01     1.09000600E+00     9.53121000E-05     1.00323583E+01     2.98819542E+01     1.46971698E+01     2.98139000E-05     8.88092000E-05     4.36768000E-05
    8.60000000E+03     3.32250000E+02     2.42742835E-01     1.09000600E+00     9.53121000E-05     1.09818621E+01     3.17588563E+01     1.60763856E+01     3.16609000E-05     9.15680000E-05     4.63486000E-05
    8.60000000E+03     3.37250000E+02     2.46395849E-01     1.09000600E+00     9.53121000E-05     1.20048104E+01     3.37378141E+01     1.75608088E+01     3.35916000E-05     9.44110000E-05     4.91384000E-05
    8.60000000E+03     3.42250000E+02     2.50048864E-01     1.09000600E+00     9.53121000E-05     1.31056427E+01     3.58237116E+01     1.91566395E+01     3.56085000E-05     9.73406000E-05     5.20493000E-05
    8.60000000E+03     3.47250000E+02     2.53701879E-01     1.09000600E+00     9.53121000E-05     1.42889940E+01     3.80216297E+01     2.08703371E+01     3.77139000E-05     1.00359200E-04     5.50845000E-05
    8.60000000E+03     3.52250000E+02     2.57354894E-01     1.09000600E+00     9.53121000E-05     1.55597000E+01     4.03368550E+01     2.27086253E+01     3.99103000E-05     1.03469400E-04     5.82472000E-05
    8.60000000E+03     3.57250000E+02     2.61007908E-01     1.09000600E+00     9.53121000E-05     1.69227989E+01     4.27748718E+01     2.46784923E+01     4.22003000E-05     1.06673600E-04     6.15407000E-05
    8.60000000E+03     3.62250000E+02     2.64660924E-01     1.09000600E+00     9.53121000E-05     1.83835424E+01     4.53413842E+01     2.67872072E+01     4.45863000E-05     1.09974300E-04     6.49682000E-05
    8.60000000E+03     3.67250000E+02     2.68313937E-01     1.09000600E+00     9.53121000E-05     1.99473960E+01     4.80423014E+01     2.90423144E+01     4.70710000E-05     1.13374100E-04     6.85329000E-05
    8.60000000E+03     3.72250000E+02     2.71966954E-01     1.09000600E+00     9.53121000E-05     2.16200478E+01     5.08837661E+01     3.14516491E+01     4.96569000E-05     1.16875700E-04     7.22383000E-05
    8.60000000E+03     3.77250000E+02     2.75619967E-01     1.09000600E+00     9.53121000E-05     2.34074111E+01     5.38721442E+01     3.40233347E+01     5.23467000E-05     1.20481600E-04     7.60875000E-05
    8.60000000E+03     3.82250000E+02     2.79272983E-01     1.09000600E+00     9.53121000E-05     2.53156337E+01     5.70140286E+01     3.67657971E+01     5.51429000E-05     1.24194500E-04     8.00839000E-05
    8.60000000E+03     3.87250000E+02     2.82925997E-01     1.09000600E+00     9.53121000E-05     2.73511001E+01     6.03162655E+01     3.96877626E+01     5.80482000E-05     1.28017000E-04     8.42309000E-05
    8.60000000E+03     3.92250000E+02     2.86579013E-01     1.09000600E+00     9.53121000E-05     2.95204376E+01     6.37859337E+01     4.27982670E+01     6.10654000E-05     1.31951900E-04     8.85318000E-05
    8.60000000E+03     3.97250000E+02     2.90232026E-01     1.09000600E+00     9.53121000E-05     3.18305247E+01     6.74303591E+01     4.61066640E+01     6.41971000E-05     1.36001900E-04     9.29900000E-05
    8.60000000E+03     4.02250000E+02     2.93885043E-01     1.09000600E+00     9.53121000E-05     3.42884929E+01     7.12571338E+01     4.96226252E+01     6.74462000E-05     1.40169600E-04     9.76089000E-05
    8.60000000E+03     4.07250000E+02     2.97538056E-01     1.09000600E+00     9.53121000E-05     3.69017329E+01     7.52740956E+01     5.33561463E+01     7.08152000E-05     1.44458000E-04     1.02391800E-04
    8.60000000E+03     4.12250000E+02     3.01191072E-01     1.09000600E+00     9.53121000E-05     3.96779052E+01     7.94893674E+01     5.73175604E+01     7.43072000E-05     1.48869700E-04     1.07342200E-04
    8.60000000E+03     4.17250000E+02     3.04844086E-01     1.09000600E+00     9.53121000E-05     4.26249406E+01     8.39113560E+01     6.15175330E+01     7.79248000E-05     1.53407700E-04     1.12463500E-04
    8.60000000E+03     4.22250000E+02     3.08497101E-01     1.09000600E+00     9.53121000E-05     4.57510466E+01     8.85486789E+01     6.59670732E+01     8.16709000E-05     1.58074700E-04     1.17759000E-04
    8.60000000E+03     4.27250000E+02     3.12150116E-01     1.09000600E+00     9.53121000E-05     4.90647141E+01     9.34103331E+01     7.06775346E+01     8.55484000E-05     1.62873700E-04     1.23232300E-04
    8.60000000E+03     4.32250000E+02     3.15803131E-01     1.09000600E+00     9.53121000E-05     5.25747253E+01     9.85055296E+01     7.56606283E+01     8.95601000E-05     1.67807400E-04     1.28886800E-04
    8.60000000E+03     4.37250000E+02     3.19456145E-01     1.09000600E+00     9.53121000E-05     5.62901573E+01     1.03843837E+02     8.09284209E+01     9.37090000E-05     1.72879000E-04     1.34725800E-04
    8.60000000E+03     4.42250000E+02     3.23109161E-01     1.09000600E+00     9.53121000E-05     6.02203860E+01     1.09435050E+02     8.64933403E+01     9.79980000E-05     1.78091100E-04     1.40752900E-04
    8.60000000E+03     4.47250000E+02     3.26762175E-01     1.09000600E+00     9.53121000E-05     6.43750939E+01     1.15289331E+02     9.23681791E+01     1.02430100E-04     1.83446900E-04     1.46971400E-04
    8.60000000E+03     4.52250000E+02     3.30415190E-01     1.09000600E+00     9.53121000E-05     6.87642822E+01     1.21417155E+02     9.85661125E+01     1.07008200E-04     1.88949300E-04     1.53384900E-04
    8.60000000E+03     4.57250000E+02     3.34068205E-01     1.09000600E+00     9.53121000E-05     7.33982649E+01     1.27829288E+02     1.05100684E+02     1.11735300E-04     1.94601300E-04     1.59996700E-04
    8.60000000E+03     4.62250000E+02     3.37721219E-01     1.09000600E+00     9.53121000E-05     7.82876827E+01     1.34536830E+02     1.11985820E+02     1.16614500E-04     2.00405900E-04     1.66810300E-04
    8.60000000E+03     4.67250000E+02     3.41374235E-01     1.09000600E+00     9.53121000E-05     8.34435056E+01     1.41551214E+02     1.19235831E+02     1.21648800E-04     2.06366200E-04     1.73829200E-04
    8.60000000E+03     4.72250000E+02     3.45027249E-01     1.09000600E+00     9.53121000E-05     8.88770422E+01     1.48884233E+02     1.26865427E+02     1.26841200E-04     2.12485200E-04     1.81056800E-04
    8.60000000E+03     4.77250000E+02     3.48680264E-01     1.09000600E+00     9.53121000E-05     9.45999451E+01     1.56547989E+02     1.34889706E+02     1.32194800E-04     2.18766100E-04     1.88496400E-04
    8.60000000E+03     4.82250000E+02     3.52333279E-01     1.09000600E+00     9.53121000E-05     1.00624206E+02     1.64554951E+02     1.43324158E+02     1.37712700E-04     2.25211800E-04     1.96151600E-04
    8.60000000E+03     4.87250000E+02     3.55986294E-01     1.09000600E+00     9.53121000E-05     1.06962189E+02     1.72917917E+02     1.52184695E+02     1.43398100E-04     2.31825600E-04     2.04025700E-04
    8.60000000E+03     4.92250000E+02     3.59639308E-01     1.09000600E+00     9.53121000E-05     1.13626608E+02     1.81650087E+02     1.61487626E+02     1.49254000E-04     2.38610500E-04     2.12122200E-04
    8.60000000E+03     4.97250000E+02     3.63292324E-01     1.09000600E+00     9.53121000E-05     1.20630533E+02     1.90765030E+02     1.71249658E+02     1.55283700E-04     2.45569800E-04     2.20444400E-04
    8.60000000E+03     5.12250000E+02     3.74251368E-01     1.09000600E+00     9.53121000E-05     1.44211518E+02     2.20988351E+02     2.03994084E+02     1.74633200E-04     2.67712600E-04     2.47038600E-04
    8.60000000E+03     5.37250000E+02     3.92516442E-01     1.09000600E+00     9.53121000E-05     1.91054600E+02     2.79737964E+02     2.68647139E+02     2.10361200E-04     3.08107500E-04     2.95808700E-04
    8.60000000E+03     5.62250000E+02     4.10781516E-01     1.09000600E+00     9.53121000E-05     2.49797719E+02     3.51575025E+02     3.49048779E+02     2.51160700E-04     3.53589800E-04     3.50970100E-04
    8.60000000E+03     5.87250000E+02     4.29046590E-01     1.09000600E+00     9.53121000E-05     3.22687065E+02     4.38805432E+02     4.47936414E+02     2.97448200E-04     4.04576400E-04     4.12920900E-04
    8.60000000E+03     6.12250000E+02     4.47311664E-01     1.09000600E+00     9.53121000E-05     4.12253568E+02     5.44020244E+02     5.68327786E+02     3.49646900E-04     4.61491000E-04     4.82042200E-04
    8.60000000E+03     6.37250000E+02     4.65576738E-01     1.09000600E+00     9.53121000E-05     5.21330871E+02     6.70113700E+02     7.13523414E+02     4.08186200E-04     5.24763000E-04     5.58694100E-04
    8.60000000E+03     6.62250000E+02     4.83841812E-01     1.09000600E+00     9.53121000E-05     6.53072792E+02     8.20300593E+02     8.87105803E+02     4.73499300E-04     5.94825900E-04     6.43212100E-04
    8.60000000E+03     6.87250000E+02     5.02106886E-01     1.09000600E+00     9.53121000E-05     8.10970143E+02     9.98133208E+02     1.09293515E+03     5.46022000E-04     6.72115700E-04     7.35903500E-04
    8.60000000E+03     7.12250000E+02     5.20371960E-01     1.09000600E+00     9.53121000E-05     9.98866596E+02     1.20751692E+03     1.33514117E+03     6.26191400E-04     7.57069400E-04     8.37043500E-04
    8.60000000E+03     7.37250000E+02     5.38637034E-01     1.09000600E+00     9.53121000E-05     1.22097401E+03     1.45272599E+03     1.61811146E+03     7.14443800E-04     8.50123700E-04     9.46872500E-04
    8.60000000E+03     7.62250000E+02     5.56902108E-01     1.09000600E+00     9.53121000E-05     1.48188619E+03     1.73841658E+03     1.94647523E+03     8.11213900E-04     9.51713000E-04     1.06559190E-03
    8.60000000E+03     7.87250000E+02     5.75167183E-01     1.09000600E+00     9.53121000E-05     1.78659176E+03     2.06964019E+03     2.32508304E+03     9.16932300E-04     1.06226800E-03     1.19336160E-03
    8.60000000E+03     8.12250000E+02     5.93432257E-01     1.09000600E+00     9.53121000E-05     2.14048588E+03     2.45185509E+03     2.75898266E+03     1.03202470E-03     1.18221440E-03     1.33029670E-03
    8.60000000E+03     8.37250000E+02     6.11697331E-01     1.09000600E+00     9.53121000E-05     2.54937999E+03     2.89093582E+03     3.25338969E+03     1.15691000E-03     1.31197060E-03     1.47646460E-03
    8.60000000E+03     8.62250000E+02     6.29962405E-01     1.09000600E+00     9.53121000E-05     3.01951061E+03     3.39318318E+03     3.81365468E+03     1.29199870E-03     1.45194730E-03     1.63188290E-03
    8.60000000E+03     8.87250000E+02     6.48227479E-01     1.09000600E+00     9.53121000E-05     3.55754599E+03     3.96532907E+03     4.44522518E+03     1.43769140E-03     1.60254480E-03     1.79651630E-03
    8.60000000E+03     9.12250000E+02     6.66492553E-01     1.09000600E+00     9.53121000E-05     4.17059117E+03     4.61454194E+03     5.15360372E+03     1.59437700E-03     1.76415150E-03     1.97027500E-03
    8.60000000E+03     9.37250000E+02     6.84757627E-01     1.09000600E+00     9.53121000E-05     4.86619158E+03     5.34843207E+03     5.94430222E+03     1.76243190E-03     1.93714380E-03     2.15301290E-03
    8.60000000E+03     9.62250000E+02     7.03022701E-01     1.09000600E+00     9.53121000E-05     5.65233414E+03     6.17504891E+03     6.82279145E+03     1.94221780E-03     2.12188250E-03     2.34452560E-03
    8.60000000E+03     9.87250000E+02     7.21287775E-01     1.09000600E+00     9.53121000E-05     6.53744680E+03     7.10288638E+03     7.79444735E+03     2.13408070E-03     2.31871380E-03     2.54454990E-03
    8.60000000E+03     1.01225000E+03     7.39552849E-01     1.09000600E+00     9.53121000E-05     7.53039573E+03     8.14087478E+03     8.86449339E+03     2.33834940E-03     2.52796590E-03     2.75276210E-03
    8.60000000E+03     1.03725000E+03     7.57817923E-01     1.09000600E+00     9.53121000E-05     8.64048061E+03     9.29837630E+03     1.00379398E+04     2.55533390E-03     2.74994810E-03     2.96877800E-03
    8.60000000E+03     1.06225000E+03     7.76082997E-01     1.09000600E+00     9.53121000E-05     9.87742788E+03     1.05851824E+04     1.13195206E+04     2.78532490E-03     2.98495060E-03     3.19215240E-03
    8.60000000E+03     1.08725000E+03     7.94348072E-01     1.09000600E+00     9.53121000E-05     1.12513828E+04     1.20115026E+04     1.27136281E+04     3.02859190E-03     3.23324270E-03     3.42237960E-03
    8.60000000E+03     1.11225000E+03     8.12613146E-01     1.09000600E+00     9.53121000E-05     1.27728968E+04     1.35879517E+04     1.42242431E+04     3.28538250E-03     3.49507110E-03     3.65889340E-03
    8.60000000E+03     1.13725000E+03     8.30878220E-01     1.09000600E+00     9.53121000E-05     1.44529164E+04     1.53255386E+04     1.58548689E+04     3.55592130E-03     3.77065960E-03     3.90106880E-03
    8.60000000E+03     1.16225000E+03     8.49143294E-01     1.09000600E+00     9.53121000E-05     1.63027670E+04     1.72356556E+04     1.76084583E+04     3.84040890E-03     4.06020920E-03     4.14822250E-03
    8.60000000E+03     1.18725000E+03     8.67408368E-01     1.09000600E+00     9.53121000E-05     1.83341368E+04     1.93300489E+04     1.94873447E+04     4.13902140E-03     4.36389380E-03     4.39961520E-03
    8.60000000E+03     1.21225000E+03     8.85673442E-01     1.09000600E+00     9.53121000E-05     2.05590586E+04     2.16208177E+04     2.14931728E+04     4.45190930E-03     4.68186450E-03     4.65445380E-03
    8.60000000E+03     1.23725000E+03     9.03938516E-01     1.09000600E+00     9.53121000E-05     2.29898886E+04     2.41203816E+04     2.36268279E+04     4.77919740E-03     5.01424540E-03     4.91189320E-03
    8.60000000E+03     1.26225000E+03     9.22203590E-01     1.09000600E+00     9.53121000E-05     2.56392868E+04     2.68414565E+04     2.58883729E+04     5.12098420E-03     5.36113310E-03     5.17104070E-03
    8.60000000E+03     1.28725000E+03     9.40468664E-01     1.09000600E+00     9.53121000E-05     2.85201908E+04     2.97970509E+04     2.82769788E+04     5.47734140E-03     5.72260030E-03     5.43095760E-03
    8.60000000E+03     1.31225000E+03     9.58733738E-01     1.09000600E+00     9.53121000E-05     3.16457937E+04     3.30004157E+04     3.07908681E+04     5.84831380E-03     6.09869040E-03     5.69066420E-03
    8.60000000E+03     1.33725000E+03     9.76998812E-01     1.09000600E+00     9.53121000E-05     3.50295196E+04     3.64650314E+04     3.34272573E+04     6.23391950E-03     6.48942010E-03     5.94914360E-03
    8.60000000E+03     1.36225000E+03     9.95263895E-01     1.09000600E+00     9.53121000E-05     3.86849977E+04     4.02045955E+04     3.61823059E+04     6.63415040E-03     6.89478190E-03     6.20534650E-03
    8.60000000E+03     1.38725000E+03     1.01352895E+00     1.09000600E+00     9.53121000E-05     4.26260322E+04     4.42329650E+04     3.90510676E+04     7.04897120E-03     7.31473850E-03     6.45819530E-03
    8.60000000E+03     1.41225000E+03     1.03179405E+00     1.09000600E+00     9.53121000E-05     4.68665807E+04     4.85641662E+04     4.20274548E+04     7.47832120E-03     7.74922990E-03     6.70659000E-03
    8.60000000E+03     1.43725000E+03     1.05005911E+00     1.09000600E+00     9.53121000E-05     5.14207247E+04     5.32123398E+04     4.51042062E+04     7.92211400E-03     8.19816920E-03     6.94941380E-03
    8.60000000E+03     1.46225000E+03     1.06832418E+00     1.09000600E+00     9.53121000E-05     5.63026449E+04     5.81917145E+04     4.82728635E+04     8.38023910E-03     8.66144310E-03     7.18553870E-03
    8.60000000E+03     1.48725000E+03     1.08658925E+00     1.09000600E+00     9.53121000E-05     6.15265947E+04     6.35166171E+04     5.15237566E+04     8.85256170E-03     9.13891880E-03     7.41383150E-03
    8.60000000E+03     1.51225000E+03     1.10485434E+00     1.09000600E+00     9.53121000E-05     6.71068771E+04     6.92014067E+04     5.48460015E+04     9.33892510E-03     9.63043840E-03     7.63316070E-03
    8.60000000E+03     1.53725000E+03     1.12311941E+00     1.09000600E+00     9.53121000E-05     7.30578185E+04     7.52604606E+04     5.82275025E+04     9.83915050E-03     1.01358215E-02     7.84240240E-03
    8.60000000E+03     1.56225000E+03     1.14138447E+00     1.09000600E+00     9.53121000E-05     7.93937545E+04     8.17081797E+04     6.16549775E+04     1.03530403E-02     1.06548707E-02     8.04044840E-03
    8.60000000E+03     1.58725000E+03     1.15964955E+00     1.09000600E+00     9.53121000E-05     8.61289961E+04     8.85589408E+04     6.51139724E+04     1.08803766E-02     1.11873691E-02     8.22621060E-03
    8.60000000E+03     1.61225000E+03     1.17791464E+00     1.09000600E+00     9.53121000E-05     9.32778305E+04     9.58270749E+04     6.85889198E+04     1.14209267E-02     1.17330811E-02     8.39863120E-03
    8.60000000E+03     1.63725000E+03     1.19617970E+00     1.09000600E+00     9.53121000E-05     1.00854490E+05     1.03526886E+05     7.20631780E+04     1.19744413E-02     1.22917593E-02     8.55668720E-03
    8.60000000E+03     1.66225000E+03     1.21444477E+00     1.09000600E+00     9.53121000E-05     1.08873154E+05     1.11672595E+05     7.55191116E+04     1.25406596E-02     1.28631399E-02     8.69939940E-03
    8.60000000E+03     1.68725000E+03     1.23270985E+00     1.09000600E+00     9.53121000E-05     1.17347930E+05     1.20278402E+05     7.89381553E+04     1.31193087E-02     1.34469541E-02     8.82583770E-03
    8.60000000E+03     1.71225000E+03     1.25097493E+00     1.09000600E+00     9.53121000E-05     1.26292854E+05     1.29358371E+05     8.23009218E+04     1.37101072E-02     1.40429165E-02     8.93513000E-03
    8.60000000E+03     1.73725000E+03     1.26924000E+00     1.09000600E+00     9.53121000E-05     1.35721886E+05     1.38926538E+05     8.55872938E+04     1.43127671E-02     1.46507409E-02     9.02646710E-03
    8.60000000E+03     1.76225000E+03     1.28750506E+00     1.09000600E+00     9.53121000E-05     1.45648922E+05     1.48996851E+05     8.87765648E+04     1.49269969E-02     1.52701348E-02     9.09911210E-03
    8.60000000E+03     1.78725000E+03     1.30577015E+00     1.09000600E+00     9.53121000E-05     1.56087788E+05     1.59583187E+05     9.18475456E+04     1.55525027E-02     1.59008034E-02     9.15240390E-03
    8.60000000E+03     1.81225000E+03     1.32403523E+00     1.09000600E+00     9.53121000E-05     1.67052255E+05     1.70699423E+05     9.47787228E+04     1.61889911E-02     1.65424575E-02     9.18576520E-03
    8.60000000E+03     1.83725000E+03     1.34230029E+00     1.09000600E+00     9.53121000E-05     1.78556062E+05     1.82359299E+05     9.75484170E+04     1.68361720E-02     1.71948016E-02     9.19870840E-03
    8.60000000E+03     1.86225000E+03     1.36056536E+00     1.09000600E+00     9.53121000E-05     1.90612936E+05     1.94576652E+05     1.00134949E+05     1.74937616E-02     1.78575565E-02     9.19084100E-03
    8.60000000E+03     1.88725000E+03     1.37883045E+00     1.09000600E+00     9.53121000E-05     2.03236605E+05     2.07365257E+05     1.02516812E+05     1.81614840E-02     1.85304443E-02     9.16187020E-03
    8.60000000E+03     1.91225000E+03     1.39709552E+00     1.09000600E+00     9.53121000E-05     2.16440840E+05     2.20738950E+05     1.04672863E+05     1.88390734E-02     1.92132004E-02     9.11160790E-03
    8.60000000E+03     1.93725000E+03     1.41536059E+00     1.09000600E+00     9.53121000E-05     2.30239493E+05     2.34711656E+05     1.06582531E+05     1.95262788E-02     1.99055743E-02     9.03997610E-03
    8.60000000E+03     1.96225000E+03     1.43362565E+00     1.09000600E+00     9.53121000E-05     2.44646517E+05     2.49297377E+05     1.08225994E+05     2.02228632E-02     2.06073278E-02     8.94700800E-03
    8.60000000E+03     1.98725000E+03     1.45189075E+00     1.09000600E+00     9.53121000E-05     2.59676031E+05     2.64510307E+05     1.09584417E+05     2.09286086E-02     2.13182441E-02     8.83285350E-03
    8.60000000E+03     2.01225000E+03     1.47015582E+00     1.09000600E+00     9.53121000E-05     2.75342359E+05     2.80364860E+05     1.10640143E+05     2.16433170E-02     2.20381279E-02     8.69778000E-03
    8.60000000E+03     2.03725000E+03     1.48842088E+00     1.09000600E+00     9.53121000E-05     2.91660078E+05     2.96875691E+05     1.11376927E+05     2.23668132E-02     2.27668039E-02     8.54217520E-03
    8.60000000E+03     2.06225000E+03     1.50668595E+00     1.09000600E+00     9.53121000E-05     3.08644083E+05     3.14057726E+05     1.11780142E+05     2.30989463E-02     2.35041192E-02     8.36654740E-03
    8.60000000E+03     2.08725000E+03     1.52495105E+00     1.09000600E+00     9.53121000E-05     3.26309625E+05     3.31926286E+05     1.11836987E+05     2.38395906E-02     2.42499489E-02     8.17152530E-03
    8.60000000E+03     2.11225000E+03     1.54321611E+00     1.09000600E+00     9.53121000E-05     3.44672412E+05     3.50497214E+05     1.11536732E+05     2.45886509E-02     2.50042024E-02     7.95786000E-03
    8.60000000E+03     2.13725000E+03     1.56148118E+00     1.09000600E+00     9.53121000E-05     3.63748628E+05     3.69786727E+05     1.10870890E+05     2.53460594E-02     2.57668096E-02     7.72642050E-03
    8.60000000E+03     2.16225000E+03     1.57974625E+00     1.09000600E+00     9.53121000E-05     3.83555030E+05     3.89811653E+05     1.09833447E+05     2.61117805E-02     2.65377350E-02     7.47819440E-03
    8.60000000E+03     2.18725000E+03     1.59801134E+00     1.09000600E+00     9.53121000E-05     4.04109005E+05     4.10589478E+05     1.08421037E+05     2.68858103E-02     2.73169771E-02     7.21428350E-03
    8.60000000E+03     2.21225000E+03     1.61627641E+00     1.09000600E+00     9.53121000E-05     4.25428620E+05     4.32138349E+05     1.06633124E+05     2.76681771E-02     2.81045648E-02     6.93590030E-03
    8.60000000E+03     2.23725000E+03     1.63454147E+00     1.09000600E+00     9.53121000E-05     4.47532729E+05     4.54477206E+05     1.04472194E+05     2.84589440E-02     2.89005618E-02     6.64436530E-03
    8.60000000E+03     2.26225000E+03     1.65280655E+00     1.09000600E+00     9.53121000E-05     4.70441018E+05     4.77625793E+05     1.01943878E+05     2.92582082E-02     2.97050648E-02     6.34109960E-03
    8.60000000E+03     2.28725000E+03     1.67107164E+00     1.09000600E+00     9.53121000E-05     4.94174049E+05     5.01604796E+05     9.90571010E+04     3.00660995E-02     3.05182072E-02     6.02762010E-03
    8.60000000E+03     2.31225000E+03     1.68933670E+00     1.09000600E+00     9.53121000E-05     5.18753361E+05     5.26435779E+05     9.58241965E+04     3.08827833E-02     3.13401507E-02     5.70553240E-03
    8.60000000E+03     2.33725000E+03     1.70760177E+00     1.09000600E+00     9.53121000E-05     5.44201527E+05     5.52141423E+05     9.22610088E+04     3.17084586E-02     3.21710970E-02     5.37652440E-03
    8.60000000E+03     2.36225000E+03     1.72586685E+00     1.09000600E+00     9.53121000E-05     5.70542159E+05     5.78745510E+05     8.83869409E+04     3.25433559E-02     3.30112815E-02     5.04235600E-03
    8.60000000E+03     2.38725000E+03     1.74413193E+00     1.09000600E+00     9.53121000E-05     5.97800051E+05     6.06272810E+05     8.42250222E+04     3.33877397E-02     3.38609638E-02     4.70485250E-03
    8.60000000E+03     2.41225000E+03     1.76239700E+00     1.09000600E+00     9.53121000E-05     6.26001151E+05     6.34749413E+05     7.98019186E+04     3.42419050E-02     3.47204413E-02     4.36589390E-03
    8.60000000E+03     2.43725000E+03     1.78066206E+00     1.09000600E+00     9.53121000E-05     6.55172627E+05     6.64202555E+05     7.51479070E+04     3.51061752E-02     3.55900380E-02     4.02740460E-03
    8.60000000E+03     2.46225000E+03     1.79892715E+00     1.09000600E+00     9.53121000E-05     6.85342915E+05     6.94660784E+05     7.02968562E+04     3.59809025E-02     3.64701073E-02     3.69134400E-03
    8.60000000E+03     2.48725000E+03     1.81719223E+00     1.09000600E+00     9.53121000E-05     7.16541721E+05     7.26153842E+05     6.52861304E+04     3.68664640E-02     3.73610240E-02     3.35969370E-03
    8.60000000E+03     2.52475000E+03     1.84458982E+00     1.09000600E+00     9.53121000E-05     7.65475194E+05     7.75541699E+05     5.75542533E+04     3.82174888E-02     3.87201174E-02     2.87602370E-03
    8.60000000E+03     2.57475000E+03     1.88111999E+00     1.09000600E+00     9.53121000E-05     8.34444233E+05     8.45138542E+05     4.71147458E+04     4.00588227E-02     4.05722624E-02     2.26406280E-03
    8.60000000E+03     2.62475000E+03     1.91765012E+00     1.09000600E+00     9.53121000E-05     9.08129169E+05     9.19478266E+05     3.68719721E+04     4.19513219E-02     4.24756387E-02     1.70523440E-03
    8.60000000E+03     2.67475000E+03     1.95418028E+00     1.09000600E+00     9.53121000E-05     9.86830170E+05     9.98861730E+05     2.72646511E+04     4.38987947E-02     4.44340555E-02     1.21443740E-03
    8.60000000E+03     2.72475000E+03     1.99071042E+00     1.09000600E+00     9.53121000E-05     1.07086667E+06     1.08360899E+06     1.87613460E+04     4.59051151E-02     4.64513840E-02     8.05469600E-04
    8.60000000E+03     2.77475000E+03     2.02724058E+00     1.09000600E+00     9.53121000E-05     1.16057552E+06     1.17405762E+06     1.18485748E+04     4.79741101E-02     4.85314525E-02     4.90636300E-04
    8.60000000E+03     2.82475000E+03     2.06377071E+00     1.09000600E+00     9.53121000E-05     1.25630847E+06     1.27055987E+06     7.01711086E+03     5.01094422E-02     5.06779168E-02     2.80379600E-04
    8.60000000E+03     2.87475000E+03     2.10030087E+00     1.09000600E+00     9.53121000E-05     1.35842906E+06     1.37347983E+06     4.74676493E+03     5.23144963E-02     5.28941566E-02     1.82938300E-04
    8.60000000E+03     2.92475000E+03     2.13683101E+00     1.09000600E+00     9.53121000E-05     1.46730889E+06     1.48318965E+06     5.49002123E+03     5.45922666E-02     5.51831607E-02     2.04052200E-04
    8.60000000E+03     2.97475000E+03     2.17336117E+00     1.09000600E+00     9.53121000E-05     1.58332355E+06     1.60006533E+06     9.65498344E+03     5.69452544E-02     5.75474226E-02     3.46717800E-04
    8.60000000E+03     3.02475000E+03     2.20989131E+00     1.09000600E+00     9.53121000E-05     1.70684817E+06     1.72448237E+06     1.75881646E+04     5.93753794E-02     5.99888516E-02     6.11008000E-04
    8.60000000E+03     3.07475000E+03     2.24642146E+00     1.09000600E+00     9.53121000E-05     1.83825279E+06     1.85681126E+06     2.95577022E+04     6.18839043E-02     6.25087053E-02     9.93962800E-04
    8.60000000E+03     3.12475000E+03     2.28295161E+00     1.09000600E+00     9.53121000E-05     1.97789779E+06     1.99741264E+06     4.57376298E+04     6.44713784E-02     6.51075221E-02     1.48955680E-03
    8.60000000E+03     3.17475000E+03     2.31948176E+00     1.09000600E+00     9.53121000E-05     2.12612938E+06     2.14663287E+06     6.61938671E+04     6.71376037E-02     6.77850891E-02     2.08875080E-03
    8.60000000E+03     3.22475000E+03     2.35601190E+00     1.09000600E+00     9.53121000E-05     2.28327571E+06     2.30480051E+06     9.08725739E+04     6.98816243E-02     7.05404476E-02     2.77962740E-03
    8.60000000E+03     3.27475000E+03     2.39254205E+00     1.09000600E+00     9.53121000E-05     2.44964327E+06     2.47222205E+06     1.19591468E+05     7.27017380E-02     7.33718804E-02     3.54761130E-03
    8.60000000E+03     3.32475000E+03     2.42907220E+00     1.09000600E+00     9.53121000E-05     2.62551424E+06     2.64917993E+06     1.52034760E+05     7.55955343E-02     7.62769702E-02     4.37577370E-03
    8.60000000E+03     3.37475000E+03     2.46560235E+00     1.09000600E+00     9.53121000E-05     2.81114463E+06     2.83593040E+06     1.87752062E+05     7.85599543E-02     7.92526526E-02     5.24521200E-03
    8.60000000E+03     3.42475000E+03     2.50213250E+00     1.09000600E+00     9.53121000E-05     3.00676348E+06     3.03270254E+06     2.26161779E+05     8.15913740E-02     8.22952917E-02     6.13549960E-03
    8.60000000E+03     3.47475000E+03     2.53866264E+00     1.09000600E+00     9.53121000E-05     3.21257344E+06     3.23969914E+06     2.66559145E+05     8.46857110E-02     8.54008003E-02     7.02519340E-03
    8.60000000E+03     3.52475000E+03     2.57519280E+00     1.09000600E+00     9.53121000E-05     3.42875182E+06     3.45709785E+06     3.08129009E+05     8.78385327E-02     8.85647437E-02     7.89238680E-03
    8.60000000E+03     3.57475000E+03     2.61172294E+00     1.09000600E+00     9.53121000E-05     3.65545366E+06     3.68505391E+06     3.49963276E+05     9.10451958E-02     9.17824748E-02     8.71529210E-03
    8.60000000E+03     3.62475000E+03     2.64825309E+00     1.09000600E+00     9.53121000E-05     3.89281538E+06     3.92370400E+06     3.91082877E+05     9.43009806E-02     9.50492724E-02     9.47284010E-03
    8.60000000E+03     3.67475000E+03     2.68478323E+00     1.09000600E+00     9.53121000E-05     4.14095945E+06     4.17317090E+06     4.30463507E+05     9.76012299E-02     9.83604783E-02     1.01452697E-02
    8.60000000E+03     3.72475000E+03     2.72131339E+00     1.09000600E+00     9.53121000E-05     4.40000015E+06     4.43356934E+06     4.67064924E+05     1.00941487E-01     1.01711639E-01     1.07147021E-02
    8.60000000E+03     3.77475000E+03     2.75784353E+00     1.09000600E+00     9.53121000E-05     4.67004972E+06     4.70501215E+06     4.99862740E+05     1.04317628E-01     1.05098636E-01     1.11656724E-02
    8.60000000E+03     3.82475000E+03     2.79437369E+00     1.09000600E+00     9.53121000E-05     4.95122514E+06     4.98761681E+06     5.27881880E+05     1.07725975E-01     1.08517796E-01     1.14856054E-02
    8.60000000E+03     3.87475000E+03     2.83090382E+00     1.09000600E+00     9.53121000E-05     5.24365483E+06     5.28151241E+06     5.50230767E+05     1.11163399E-01     1.11965996E-01     1.16652217E-02
    8.60000000E+03     3.92475000E+03     2.86743399E+00     1.09000600E+00     9.53121000E-05     5.54748545E+06     5.58684630E+06     5.66134879E+05     1.14627403E-01     1.15440744E-01     1.16988544E-02
    8.60000000E+03     3.97475000E+03     2.90396412E+00     1.09000600E+00     9.53121000E-05     5.86288807E+06     5.90379038E+06     5.74968890E+05     1.18116175E-01     1.18940239E-01     1.15846752E-02
    8.60000000E+03     4.02475000E+03     2.94049428E+00     1.09000600E+00     9.53121000E-05     6.19006414E+06     6.23254691E+06     5.76285892E+05     1.21628629E-01     1.22463401E-01     1.13248118E-02
    8.60000000E+03     4.07475000E+03     2.97702442E+00     1.09000600E+00     9.53121000E-05     6.52924989E+06     6.57335308E+06     5.69842654E+05     1.25164408E-01     1.26009884E-01     1.09253562E-02
    8.60000000E+03     4.12475000E+03     3.01355458E+00     1.09000600E+00     9.53121000E-05     6.88072024E+06     6.92648489E+06     5.55619988E+05     1.28723872E-01     1.29580058E-01     1.03962612E-02
    8.60000000E+03     4.17475000E+03     3.05008471E+00     1.09000600E+00     9.53121000E-05     7.24479110E+06     7.29225896E+06     5.33837082E+05     1.32308053E-01     1.33174961E-01     9.75112620E-03
    8.60000000E+03     4.22475000E+03     3.08661487E+00     1.09000600E+00     9.53121000E-05     7.62182043E+06     7.67103432E+06     5.04959060E+05     1.35918599E-01     1.36796247E-01     9.00687450E-03
    8.60000000E+03     4.27475000E+03     3.12314501E+00     1.09000600E+00     9.53121000E-05     8.01220798E+06     8.06321164E+06     4.69697115E+05     1.39557690E-01     1.40446103E-01     8.18333270E-03
    8.60000000E+03     4.32475000E+03     3.15967517E+00     1.09000600E+00     9.53121000E-05     8.41639326E+06     8.46923163E+06     4.29000788E+05     1.43227940E-01     1.44127153E-01     7.30272050E-03
    8.60000000E+03     4.37475000E+03     3.19620531E+00     1.09000600E+00     9.53121000E-05     8.83485252E+06     8.88957130E+06     3.84042188E+05     1.46932294E-01     1.47842344E-01     6.38906440E-03
    8.60000000E+03     4.42475000E+03     3.23273546E+00     1.09000600E+00     9.53121000E-05     9.26809432E+06     9.32473990E+06     3.36192147E+05     1.50673906E-01     1.51594832E-01     5.46755070E-03
    8.60000000E+03     4.47475000E+03     3.26926561E+00     1.09000600E+00     9.53121000E-05     9.71665409E+06     9.77527413E+06     2.86988773E+05     1.54456032E-01     1.55387879E-01     4.56383670E-03
    8.60000000E+03     4.52475000E+03     3.30579576E+00     1.09000600E+00     9.53121000E-05     1.01810875E+07     1.02417300E+07     2.38098801E+05     1.58281895E-01     1.59224706E-01     3.70333690E-03
    8.60000000E+03     4.57475000E+03     3.34232590E+00     1.09000600E+00     9.53121000E-05     1.06619639E+07     1.07246777E+07     1.91272714E+05     1.62154594E-01     1.63108411E-01     2.91050530E-03
    8.60000000E+03     4.62475000E+03     3.37885605E+00     1.09000600E+00     9.53121000E-05     1.11598587E+07     1.12246934E+07     1.48294812E+05     1.66076987E-01     1.67041854E-01     2.20813620E-03
    8.60000000E+03     4.67475000E+03     3.41538620E+00     1.09000600E+00     9.53121000E-05     1.16753466E+07     1.17423516E+07     1.10929340E+05     1.70051616E-01     1.71027566E-01     1.61670030E-03
    8.60000000E+03     4.72475000E+03     3.45191635E+00     1.09000600E+00     9.53121000E-05     1.22089941E+07     1.22782198E+07     8.08644808E+04     1.74080623E-01     1.75067692E-01     1.15373950E-03
    8.60000000E+03     4.77475000E+03     3.48844650E+00     1.09000600E+00     9.53121000E-05     1.27613531E+07     1.28328504E+07     5.96558093E+04     1.78165701E-01     1.79163920E-01     8.33337500E-04
    8.60000000E+03     4.82475000E+03     3.52497664E+00     1.09000600E+00     9.53121000E-05     1.33329556E+07     1.34067750E+07     4.86710395E+04     1.82308061E-01     1.83317451E-01     6.65683000E-04
    8.60000000E+03     4.87475000E+03     3.56150680E+00     1.09000600E+00     9.53121000E-05     1.39243083E+07     1.40005013E+07     4.90379384E+04     1.86508406E-01     1.87528988E-01     6.56739600E-04
    8.60000000E+03     4.92475000E+03     3.59803694E+00     1.09000600E+00     9.53121000E-05     1.45358902E+07     1.46145078E+07     6.15973177E+04     1.90766946E-01     1.91798732E-01     8.08034500E-04
    8.60000000E+03     4.97475000E+03     3.63456709E+00     1.09000600E+00     9.53121000E-05     1.51681495E+07     1.52492432E+07     8.68628816E+04     1.95083409E-01     1.96126407E-01     1.11657340E-03
    8.60000000E+03     5.00000000E+03     3.65301480E+00     1.09000600E+00     9.53121000E-05     1.54945450E+07     1.55769070E+07     1.03979500E+05     1.97282660E-01     1.98331330E-01     1.32390810E-03
