    8.60000000E+03     5.00000000E-01     3.65301500E-04     1.22026000E+00     2.24443800E-04     0.00000000E+00     1.54900000E-07     0.00000000E+00     0.00000000E+00     1.97200000E-07     0.00000000E+00
    8.60000000E+03     1.00000000E+00     7.30603000E-04     1.22026000E+00     2.24443800E-04     0.00000000E+00     1.23930000E-06     0.00000000E+00     0.00000000E+00     3.94500000E-07     0.00000000E+00
    8.60000000E+03     1.50000000E+00     1.09590440E-03     1.22026000E+00     2.24443800E-04     0.00000000E+00     4.18280000E-06     0.00000000E+00     0.00000000E+00     5.91700000E-07     0.00000000E+00
    8.60000000E+03     2.00000000E+00     1.46120590E-03     1.22026000E+00     2.24443800E-04     0.00000000E+00     9.91480000E-06     0.00000000E+00     0.00000000E+00     7.89000000E-07     0.00000000E+00
    8.60000000E+03     2.50000000E+00     1.82650740E-03     1.22026000E+00     2.24443800E-04     0.00000000E+00     1.93648000E-05     0.00000000E+00     0.00000000E+00     9.86200000E-07     0.00000000E+00
    8.60000000E+03     3.00000000E+00     2.19180890E-03     1.22026000E+00     2.24443800E-04     0.00000000E+00     3.34624000E-05     1.00000000E-10     0.00000000E+00     1.18350000E-06     0.00000000E+00
    8.60000000E+03     3.50000000E+00     2.55711040E-03     1.22026000E+00     2.24443800E-04     1.00000000E-10     5.31371000E-05     1.00000000E-10     0.00000000E+00     1.38070000E-06     0.00000000E+00
    8.60000000E+03     4.00000000E+00     2.92241190E-03     1.22026000E+00     2.24443800E-04     2.00000000E-10     7.93184000E-05     3.00000000E-10     0.00000000E+00     1.57800000E-06     0.00000000E+00
    8.60000000E+03     4.50000000E+00     3.28771330E-03     1.22026000E+00     2.24443800E-04     4.00000000E-10     1.12936000E-04     6.00000000E-10     0.00000000E+00     1.77520000E-06     0.00000000E+00
    8.60000000E+03     5.00000000E+00     3.65301480E-03     1.22026000E+00     2.24443800E-04     7.00000000E-10     1.54919400E-04     1.10000000E-09     0.00000000E+00     1.97250000E-06     0.00000000E+00
    8.60000000E+03     5.50000000E+00     4.01831630E-03     1.22026000E+00     2.24443800E-04     1.30000000E-09     2.06198100E-04     1.90000000E-09     0.00000000E+00     2.16970000E-06     0.00000000E+00
    8.60000000E+03     6.00000000E+00     4.38361780E-03     1.22026000E+00     2.24443800E-04     2.20000000E-09     2.67702000E-04     3.30000000E-09     0.00000000E+00     2.36700000E-06     0.00000000E+00
    8.60000000E+03     6.50000000E+00     4.74891930E-03     1.22026000E+00     2.24443800E-04     3.50000000E-09     3.40360500E-04     5.30000000E-09     0.00000000E+00     2.56430000E-06     0.00000000E+00
    8.60000000E+03     7.00000000E+00     5.11422070E-03     1.22026000E+00     2.24443800E-04     5.50000000E-09     4.25103600E-04     8.30000000E-09     0.00000000E+00     2.76150000E-06     1.00000000E-10
    8.60000000E+03     7.50000000E+00     5.47952220E-03     1.22026000E+00     2.24443800E-04     8.30000000E-09     5.22860900E-04     1.25000000E-08     0.00000000E+00     2.95880000E-06     1.00000000E-10
    8.60000000E+03     8.00000000E+00     5.84482370E-03     1.22026000E+00     2.24443800E-04     1.23000000E-08     6.34562300E-04     1.84000000E-08     1.00000000E-10     3.15610000E-06     1.00000000E-10
    8.60000000E+03     8.50000000E+00     6.21012520E-03     1.22026000E+00     2.24443800E-04     1.77000000E-08     7.61137700E-04     2.65000000E-08     1.00000000E-10     3.35330000E-06     1.00000000E-10
    8.60000000E+03     9.00000000E+00     6.57542670E-03     1.22026000E+00     2.24443800E-04     2.49000000E-08     9.03517200E-04     3.74000000E-08     1.00000000E-10     3.55060000E-06     1.00000000E-10
    8.60000000E+03     9.50000000E+00     6.94072810E-03     1.22026000E+00     2.24443800E-04     3.45000000E-08     1.06263070E-03     5.17000000E-08     1.00000000E-10     3.74790000E-06     2.00000000E-10
    8.60000000E+03     1.00000000E+01     7.30602960E-03     1.22026000E+00     2.24443800E-04     4.69000000E-08     1.23940840E-03     7.03000000E-08     1.00000000E-10     3.94520000E-06     2.00000000E-10
    8.60000000E+03     1.05000000E+01     7.67133110E-03     1.22026000E+00     2.24443800E-04     6.28000000E-08     1.43478070E-03     9.43000000E-08     2.00000000E-10     4.14240000E-06     3.00000000E-10
    8.60000000E+03     1.10000000E+01     8.03663260E-03     1.22026000E+00     2.24443800E-04     8.31000000E-08     1.64967800E-03     1.24600000E-07     2.00000000E-10     4.33970000E-06     3.00000000E-10
    8.60000000E+03     1.15000000E+01     8.40193410E-03     1.22026000E+00     2.24443800E-04     1.08500000E-07     1.88503070E-03     1.62700000E-07     3.00000000E-10     4.53700000E-06     4.00000000E-10
    8.60000000E+03     1.20000000E+01     8.76723560E-03     1.22026000E+00     2.24443800E-04     1.40000000E-07     2.14176950E-03     2.10000000E-07     3.00000000E-10     4.73430000E-06     5.00000000E-10
    8.60000000E+03     1.25000000E+01     9.13253700E-03     1.22026000E+00     2.24443800E-04     1.78900000E-07     2.42082530E-03     2.68300000E-07     4.00000000E-10     4.93170000E-06     5.00000000E-10
    8.60000000E+03     1.30000000E+01     9.49783850E-03     1.22026000E+00     2.24443800E-04     2.26300000E-07     2.72312910E-03     3.39500000E-07     4.00000000E-10     5.12900000E-06     6.00000000E-10
    8.60000000E+03     1.35000000E+01     9.86314000E-03     1.22026000E+00     2.24443800E-04     2.83900000E-07     3.04961190E-03     4.25800000E-07     5.00000000E-10     5.32630000E-06     7.00000000E-10
    8.60000000E+03     1.40000000E+01     1.02284410E-02     1.22026000E+00     2.24443800E-04     3.53100000E-07     3.40120530E-03     5.29600000E-07     6.00000000E-10     5.52370000E-06     9.00000000E-10
    8.60000000E+03     1.45000000E+01     1.05937430E-02     1.22026000E+00     2.24443800E-04     4.35800000E-07     3.77884080E-03     6.53700000E-07     7.00000000E-10     5.72100000E-06     1.00000000E-09
    8.60000000E+03     1.50000000E+01     1.09590440E-02     1.22026000E+00     2.24443800E-04     5.34100000E-07     4.18345020E-03     8.01200000E-07     8.00000000E-10     5.91840000E-06     1.10000000E-09
    8.60000000E+03     1.55000000E+01     1.13243460E-02     1.22026000E+00     2.24443800E-04     6.50300000E-07     4.61596550E-03     9.75400000E-07     9.00000000E-10     6.11570000E-06     1.30000000E-09
    8.60000000E+03     1.60000000E+01     1.16896470E-02     1.22026000E+00     2.24443800E-04     7.86700000E-07     5.07731920E-03     1.18000000E-06     1.00000000E-09     6.31310000E-06     1.50000000E-09
    8.60000000E+03     1.65000000E+01     1.20549490E-02     1.22026000E+00     2.24443800E-04     9.46300000E-07     5.56844320E-03     1.41930000E-06     1.10000000E-09     6.51050000E-06     1.70000000E-09
    8.60000000E+03     1.70000000E+01     1.24202500E-02     1.22026000E+00     2.24443800E-04     1.13190000E-06     6.09027130E-03     1.69770000E-06     1.20000000E-09     6.70790000E-06     1.90000000E-09
    8.60000000E+03     1.75000000E+01     1.27855520E-02     1.22026000E+00     2.24443800E-04     1.34690000E-06     6.64373620E-03     2.02020000E-06     1.40000000E-09     6.90540000E-06     2.10000000E-09
    8.60000000E+03     1.80000000E+01     1.31508530E-02     1.22026000E+00     2.24443800E-04     1.59490000E-06     7.22977060E-03     2.39220000E-06     1.60000000E-09     7.10280000E-06     2.40000000E-09
    8.60000000E+03     1.85000000E+01     1.35161550E-02     1.22026000E+00     2.24443800E-04     1.87990000E-06     7.84931040E-03     2.81960000E-06     1.70000000E-09     7.30030000E-06     2.60000000E-09
    8.60000000E+03     1.90000000E+01     1.38814560E-02     1.22026000E+00     2.24443800E-04     2.20610000E-06     8.50328740E-03     3.30880000E-06     1.90000000E-09     7.49770000E-06     2.90000000E-09
    8.60000000E+03     1.95000000E+01     1.42467580E-02     1.22026000E+00     2.24443800E-04     2.57810000E-06     9.19263820E-03     3.86690000E-06     2.20000000E-09     7.69520000E-06     3.20000000E-09
    8.60000000E+03     2.00000000E+01     1.46120590E-02     1.22026000E+00     2.24443800E-04     3.00110000E-06     9.91829640E-03     4.50120000E-06     2.40000000E-09     7.89270000E-06     3.60000000E-09
    8.60000000E+03     2.05000000E+01     1.49773610E-02     1.22026000E+00     2.24443800E-04     3.48030000E-06     1.06811990E-02     5.22000000E-06     2.60000000E-09     8.09030000E-06     4.00000000E-09
    8.60000000E+03     2.10000000E+01     1.53426620E-02     1.22026000E+00     2.24443800E-04     4.02170000E-06     1.14822790E-02     6.03200000E-06     2.90000000E-09     8.28780000E-06     4.40000000E-09
    8.60000000E+03     2.15000000E+01     1.57079640E-02     1.22026000E+00     2.24443800E-04     4.63150000E-06     1.23224760E-02     6.94660000E-06     3.20000000E-09     8.48540000E-06     4.80000000E-09
    8.60000000E+03     2.20000000E+01     1.60732650E-02     1.22026000E+00     2.24443800E-04     5.31650000E-06     1.32027250E-02     7.97390000E-06     3.50000000E-09     8.68300000E-06     5.20000000E-09
    8.60000000E+03     2.25000000E+01     1.64385670E-02     1.22026000E+00     2.24443800E-04     6.08400000E-06     1.41239640E-02     9.12490000E-06     3.80000000E-09     8.88060000E-06     5.70000000E-09
    8.60000000E+03     2.30000000E+01     1.68038680E-02     1.22026000E+00     2.24443800E-04     6.94160000E-06     1.50871310E-02     1.04111000E-05     4.20000000E-09     9.07820000E-06     6.30000000E-09
    8.60000000E+03     2.35000000E+01     1.71691700E-02     1.22026000E+00     2.24443800E-04     7.89770000E-06     1.60931640E-02     1.18450000E-05     4.60000000E-09     9.27590000E-06     6.80000000E-09
    8.60000000E+03     2.40000000E+01     1.75344710E-02     1.22026000E+00     2.24443800E-04     8.96100000E-06     1.71430000E-02     1.34398000E-05     5.00000000E-09     9.47360000E-06     7.40000000E-09
    8.60000000E+03     2.45000000E+01     1.78997730E-02     1.22026000E+00     2.24443800E-04     1.01411000E-05     1.82375840E-02     1.52096000E-05     5.40000000E-09     9.67130000E-06     8.10000000E-09
    8.60000000E+03     2.50000000E+01     1.82650740E-02     1.22026000E+00     2.24443800E-04     1.14480000E-05     1.93778510E-02     1.71695000E-05     5.80000000E-09     9.86910000E-06     8.70000000E-09
    8.60000000E+03     2.55000000E+01     1.86303760E-02     1.22026000E+00     2.24443800E-04     1.28922000E-05     2.05647440E-02     1.93355000E-05     6.30000000E-09     1.00668000E-05     9.50000000E-09
    8.60000000E+03     2.60000000E+01     1.89956770E-02     1.22026000E+00     2.24443800E-04     1.44852000E-05     2.17992050E-02     2.17245000E-05     6.80000000E-09     1.02646000E-05     1.02000000E-08
    8.60000000E+03     2.65000000E+01     1.93609790E-02     1.22026000E+00     2.24443800E-04     1.62390000E-05     2.30821760E-02     2.43546000E-05     7.40000000E-09     1.04625000E-05     1.10000000E-08
    8.60000000E+03     2.70000000E+01     1.97262800E-02     1.22026000E+00     2.24443800E-04     1.81663000E-05     2.44146000E-02     2.72449000E-05     7.90000000E-09     1.06604000E-05     1.19000000E-08
    8.60000000E+03     2.75000000E+01     2.00915810E-02     1.22026000E+00     2.24443800E-04     2.02805000E-05     2.57974210E-02     3.04155000E-05     8.50000000E-09     1.08583000E-05     1.28000000E-08
    8.60000000E+03     2.80000000E+01     2.04568830E-02     1.22026000E+00     2.24443800E-04     2.25959000E-05     2.72315830E-02     3.38878000E-05     9.20000000E-09     1.10562000E-05     1.38000000E-08
    8.60000000E+03     2.85000000E+01     2.08221840E-02     1.22026000E+00     2.24443800E-04     2.51275000E-05     2.87180340E-02     3.76843000E-05     9.80000000E-09     1.12542000E-05     1.48000000E-08
    8.60000000E+03     2.90000000E+01     2.11874860E-02     1.22026000E+00     2.24443800E-04     2.78912000E-05     3.02577180E-02     4.18288000E-05     1.06000000E-08     1.14522000E-05     1.58000000E-08
    8.60000000E+03     2.95000000E+01     2.15527870E-02     1.22026000E+00     2.24443800E-04     3.09037000E-05     3.18515820E-02     4.63463000E-05     1.13000000E-08     1.16503000E-05     1.70000000E-08
    8.60000000E+03     3.00000000E+01     2.19180890E-02     1.22026000E+00     2.24443800E-04     3.41825000E-05     3.35005750E-02     5.12633000E-05     1.21000000E-08     1.18484000E-05     1.81000000E-08
    8.60000000E+03     3.05000000E+01     2.22833900E-02     1.22026000E+00     2.24443800E-04     3.77463000E-05     3.52056450E-02     5.66074000E-05     1.29000000E-08     1.20466000E-05     1.94000000E-08
    8.60000000E+03     3.10000000E+01     2.26486920E-02     1.22026000E+00     2.24443800E-04     4.16145000E-05     3.69677460E-02     6.24080000E-05     1.38000000E-08     1.22447000E-05     2.07000000E-08
    8.60000000E+03     3.15000000E+01     2.30139930E-02     1.22026000E+00     2.24443800E-04     4.58075000E-05     3.87878250E-02     6.86956000E-05     1.47000000E-08     1.24430000E-05     2.20000000E-08
    8.60000000E+03     3.20000000E+01     2.33792950E-02     1.22026000E+00     2.24443800E-04     5.03468000E-05     4.06668360E-02     7.55025000E-05     1.57000000E-08     1.26413000E-05     2.35000000E-08
    8.60000000E+03     3.25000000E+01     2.37445960E-02     1.22026000E+00     2.24443800E-04     5.52549000E-05     4.26057290E-02     8.28623000E-05     1.67000000E-08     1.28396000E-05     2.50000000E-08
    8.60000000E+03     3.30000000E+01     2.41098980E-02     1.22026000E+00     2.24443800E-04     6.05554000E-05     4.46054630E-02     9.08105000E-05     1.77000000E-08     1.30380000E-05     2.65000000E-08
    8.60000000E+03     3.35000000E+01     2.44751990E-02     1.22026000E+00     2.24443800E-04     6.62730000E-05     4.66669930E-02     9.93840000E-05     1.88000000E-08     1.32364000E-05     2.82000000E-08
    8.60000000E+03     3.40000000E+01     2.48405010E-02     1.22026000E+00     2.24443800E-04     7.24335000E-05     4.87912740E-02     1.08621700E-04     1.99000000E-08     1.34349000E-05     2.99000000E-08
    8.60000000E+03     3.45000000E+01     2.52058020E-02     1.22026000E+00     2.24443800E-04     7.90641000E-05     5.09792680E-02     1.18564000E-04     2.11000000E-08     1.36334000E-05     3.17000000E-08
    8.60000000E+03     3.50000000E+01     2.55711040E-02     1.22026000E+00     2.24443800E-04     8.61929000E-05     5.32319240E-02     1.29253300E-04     2.24000000E-08     1.38320000E-05     3.36000000E-08
    8.60000000E+03     3.55000000E+01     2.59364050E-02     1.22026000E+00     2.24443800E-04     9.38495000E-05     5.55502160E-02     1.40733900E-04     2.37000000E-08     1.40307000E-05     3.55000000E-08
    8.60000000E+03     3.60000000E+01     2.63017070E-02     1.22026000E+00     2.24443800E-04     1.02064700E-04     5.79350920E-02     1.53051800E-04     2.51000000E-08     1.42294000E-05     3.76000000E-08
    8.60000000E+03     3.65000000E+01     2.66670080E-02     1.22026000E+00     2.24443800E-04     1.10870500E-04     6.03875280E-02     1.66255300E-04     2.65000000E-08     1.44282000E-05     3.97000000E-08
    8.60000000E+03     3.70000000E+01     2.70323100E-02     1.22026000E+00     2.24443800E-04     1.20300600E-04     6.29084840E-02     1.80394600E-04     2.80000000E-08     1.46270000E-05     4.19000000E-08
    8.60000000E+03     3.75000000E+01     2.73976110E-02     1.22026000E+00     2.24443800E-04     1.30389800E-04     6.54989220E-02     1.95522000E-04     2.95000000E-08     1.48259000E-05     4.43000000E-08
    8.60000000E+03     3.80000000E+01     2.77629130E-02     1.22026000E+00     2.24443800E-04     1.41174400E-04     6.81598170E-02     2.11691900E-04     3.11000000E-08     1.50249000E-05     4.67000000E-08
    8.60000000E+03     3.85000000E+01     2.81282140E-02     1.22026000E+00     2.24443800E-04     1.52692300E-04     7.08921270E-02     2.28961100E-04     3.28000000E-08     1.52239000E-05     4.92000000E-08
    8.60000000E+03     3.90000000E+01     2.84935160E-02     1.22026000E+00     2.24443800E-04     1.64982900E-04     7.36968390E-02     2.47388600E-04     3.45000000E-08     1.54230000E-05     5.18000000E-08
    8.60000000E+03     3.95000000E+01     2.88588170E-02     1.22026000E+00     2.24443800E-04     1.78087000E-04     7.65749070E-02     2.67035500E-04     3.63000000E-08     1.56222000E-05     5.45000000E-08
    8.60000000E+03     4.00000000E+01     2.92241190E-02     1.22026000E+00     2.24443800E-04     1.92047200E-04     7.95273180E-02     2.87965800E-04     3.82000000E-08     1.58215000E-05     5.73000000E-08
    8.60000000E+03     4.05000000E+01     2.95894200E-02     1.22026000E+00     2.24443800E-04     2.06907700E-04     8.25550490E-02     3.10245500E-04     4.02000000E-08     1.60208000E-05     6.02000000E-08
    8.60000000E+03     4.10000000E+01     2.99547210E-02     1.22026000E+00     2.24443800E-04     2.22714200E-04     8.56590630E-02     3.33943300E-04     4.22000000E-08     1.62202000E-05     6.32000000E-08
    8.60000000E+03     4.15000000E+01     3.03200230E-02     1.22026000E+00     2.24443800E-04     2.39514400E-04     8.88403520E-02     3.59130600E-04     4.43000000E-08     1.64197000E-05     6.64000000E-08
    8.60000000E+03     4.20000000E+01     3.06853240E-02     1.22026000E+00     2.24443800E-04     2.57357700E-04     9.20998980E-02     3.85881300E-04     4.64000000E-08     1.66192000E-05     6.96000000E-08
    8.60000000E+03     4.25000000E+01     3.10506260E-02     1.22026000E+00     2.24443800E-04     2.76295200E-04     9.54386660E-02     4.14272100E-04     4.87000000E-08     1.68189000E-05     7.30000000E-08
    8.60000000E+03     4.30000000E+01     3.14159270E-02     1.22026000E+00     2.24443800E-04     2.96379900E-04     9.88576690E-02     4.44382400E-04     5.10000000E-08     1.70186000E-05     7.65000000E-08
    8.60000000E+03     4.35000000E+01     3.17812290E-02     1.22026000E+00     2.24443800E-04     3.17666800E-04     1.02357870E-01     4.76294600E-04     5.34000000E-08     1.72184000E-05     8.01000000E-08
    8.60000000E+03     4.40000000E+01     3.21465300E-02     1.22026000E+00     2.24443800E-04     3.40212700E-04     1.05940270E-01     5.10093800E-04     5.59000000E-08     1.74183000E-05     8.39000000E-08
    8.60000000E+03     4.45000000E+01     3.25118320E-02     1.22026000E+00     2.24443800E-04     3.64076500E-04     1.09605860E-01     5.45868300E-04     5.85000000E-08     1.76183000E-05     8.77000000E-08
    8.60000000E+03     4.50000000E+01     3.28771330E-02     1.22026000E+00     2.24443800E-04     3.89319300E-04     1.13355620E-01     5.83709300E-04     6.12000000E-08     1.78184000E-05     9.18000000E-08
    8.60000000E+03     4.55000000E+01     3.32424350E-02     1.22026000E+00     2.24443800E-04     4.16003900E-04     1.17190560E-01     6.23711300E-04     6.40000000E-08     1.80186000E-05     9.59000000E-08
    8.60000000E+03     4.60000000E+01     3.36077360E-02     1.22026000E+00     2.24443800E-04     4.44195400E-04     1.21111670E-01     6.65971700E-04     6.68000000E-08     1.82188000E-05     1.00200000E-07
    8.60000000E+03     4.65000000E+01     3.39730380E-02     1.22026000E+00     2.24443800E-04     4.73961300E-04     1.25119940E-01     7.10591500E-04     6.98000000E-08     1.84192000E-05     1.04600000E-07
    8.60000000E+03     4.70000000E+01     3.43383390E-02     1.22026000E+00     2.24443800E-04     5.05371100E-04     1.29216400E-01     7.57675000E-04     7.28000000E-08     1.86197000E-05     1.09200000E-07
    8.60000000E+03     4.75000000E+01     3.47036410E-02     1.22026000E+00     2.24443800E-04     5.38496700E-04     1.33402030E-01     8.07329500E-04     7.60000000E-08     1.88202000E-05     1.13900000E-07
    8.60000000E+03     4.80000000E+01     3.50689420E-02     1.22026000E+00     2.24443800E-04     5.73412100E-04     1.37677840E-01     8.59666400E-04     7.92000000E-08     1.90209000E-05     1.18800000E-07
    8.60000000E+03     4.85000000E+01     3.54342440E-02     1.22026000E+00     2.24443800E-04     6.10193900E-04     1.42044840E-01     9.14800100E-04     8.26000000E-08     1.92217000E-05     1.23800000E-07
    8.60000000E+03     4.90000000E+01     3.57995450E-02     1.22026000E+00     2.24443800E-04     6.48921200E-04     1.46504060E-01     9.72849000E-04     8.60000000E-08     1.94226000E-05     1.29000000E-07
    8.60000000E+03     4.95000000E+01     3.61648470E-02     1.22026000E+00     2.24443800E-04     6.89675300E-04     1.51056490E-01     1.03393510E-03     8.96000000E-08     1.96236000E-05     1.34300000E-07
    8.60000000E+03     5.10000000E+01     3.72607512E-02     1.22026000E+00     2.24443800E-04     8.27330400E-04     1.65380546E-01     1.24025800E-03     1.01100000E-07     2.02275000E-05     1.51500000E-07
    8.60000000E+03     5.35000000E+01     3.90872586E-02     1.22026000E+00     2.24443800E-04     1.10218870E-03     1.91056748E-01     1.65220180E-03     1.22400000E-07     2.12361000E-05     1.83500000E-07
    8.60000000E+03     5.60000000E+01     4.09137658E-02     1.22026000E+00     2.24443800E-04     1.44927600E-03     2.19294830E-01     2.17235670E-03     1.46900000E-07     2.22480000E-05     2.20200000E-07
    8.60000000E+03     5.85000000E+01     4.27402732E-02     1.22026000E+00     2.24443800E-04     1.88304070E-03     2.50225902E-01     2.82235340E-03     1.74900000E-07     2.32636000E-05     2.62200000E-07
    8.60000000E+03     6.10000000E+01     4.45667808E-02     1.22026000E+00     2.24443800E-04     2.41999820E-03     2.83983192E-01     3.62691310E-03     2.06800000E-07     2.42831000E-05     3.09900000E-07
    8.60000000E+03     6.35000000E+01     4.63932882E-02     1.22026000E+00     2.24443800E-04     3.07891880E-03     3.20702216E-01     4.61412650E-03     2.42800000E-07     2.53070000E-05     3.63800000E-07
    8.60000000E+03     6.60000000E+01     4.82197958E-02     1.22026000E+00     2.24443800E-04     3.88102380E-03     3.60520982E-01     5.81574690E-03     2.83300000E-07     2.63354000E-05     4.24500000E-07
    8.60000000E+03     6.85000000E+01     5.00463028E-02     1.22026000E+00     2.24443800E-04     4.85019170E-03     4.03580240E-01     7.26749570E-03     3.28700000E-07     2.73689000E-05     4.92500000E-07
    8.60000000E+03     7.10000000E+01     5.18728102E-02     1.22026000E+00     2.24443800E-04     6.01316850E-03     4.50023624E-01     9.00937580E-03     3.79400000E-07     2.84077000E-05     5.68400000E-07
    8.60000000E+03     7.35000000E+01     5.36993178E-02     1.22026000E+00     2.24443800E-04     7.39979030E-03     4.99997920E-01     1.10860020E-02     4.35600000E-07     2.94523000E-05     6.52700000E-07
    8.60000000E+03     7.60000000E+01     5.55258252E-02     1.22026000E+00     2.24443800E-04     9.04321150E-03     5.53653288E-01     1.35469398E-02     4.98000000E-07     3.05031000E-05     7.46000000E-07
    8.60000000E+03     7.85000000E+01     5.73523328E-02     1.22026000E+00     2.24443800E-04     1.09801430E-02     6.11143514E-01     1.64470586E-02     5.66800000E-07     3.15605000E-05     8.49000000E-07
    8.60000000E+03     8.10000000E+01     5.91788400E-02     1.22026000E+00     2.24443800E-04     1.32510958E-02     6.72626240E-01     1.98468932E-02     6.42400000E-07     3.26250000E-05     9.62200000E-07
    8.60000000E+03     8.35000000E+01     6.10053472E-02     1.22026000E+00     2.24443800E-04     1.59006360E-02     7.38263210E-01     2.38130200E-02     7.25500000E-07     3.36970000E-05     1.08650000E-06
    8.60000000E+03     8.60000000E+01     6.28318548E-02     1.22026000E+00     2.24443800E-04     1.89776438E-02     8.08220552E-01     2.84184434E-02     8.16300000E-07     3.47769000E-05     1.22230000E-06
    8.60000000E+03     8.85000000E+01     6.46583622E-02     1.22026000E+00     2.24443800E-04     2.25355852E-02     8.82669026E-01     3.37429936E-02     9.15300000E-07     3.58653000E-05     1.37060000E-06
    8.60000000E+03     9.10000000E+01     6.64848698E-02     1.22026000E+00     2.24443800E-04     2.66327942E-02     9.61784416E-01     3.98737454E-02     1.02320000E-06     3.69626000E-05     1.53190000E-06
    8.60000000E+03     9.35000000E+01     6.83113772E-02     1.22026000E+00     2.24443800E-04     3.13327456E-02     1.04574758E+00     4.69054210E-02     1.14030000E-06     3.80693000E-05     1.70700000E-06
    8.60000000E+03     9.60000000E+01     7.01378842E-02     1.22026000E+00     2.24443800E-04     3.67043616E-02     1.13474502E+00     5.49408422E-02     1.26710000E-06     3.91860000E-05     1.89670000E-06
    8.60000000E+03     9.85000000E+01     7.19643918E-02     1.22026000E+00     2.24443800E-04     4.28223082E-02     1.22896894E+00     6.40913640E-02     1.40430000E-06     4.03131000E-05     2.10170000E-06
    8.60000000E+03     1.01000000E+02     7.37908992E-02     1.22026000E+00     2.24443800E-04     4.97673058E-02     1.32861776E+00     7.44773372E-02     1.55220000E-06     4.14513000E-05     2.32300000E-06
    8.60000000E+03     1.03500000E+02     7.56174068E-02     1.22026000E+00     2.24443800E-04     5.76264478E-02     1.43389636E+00     8.62285704E-02     1.71160000E-06     4.26012000E-05     2.56120000E-06
    8.60000000E+03     1.06000000E+02     7.74439142E-02     1.22026000E+00     2.24443800E-04     6.64935234E-02     1.54501628E+00     9.94848084E-02     1.88300000E-06     4.37631000E-05     2.81720000E-06
    8.60000000E+03     1.08500000E+02     7.92704214E-02     1.22026000E+00     2.24443800E-04     7.64693592E-02     1.66219632E+00     1.14396228E-01     2.06690000E-06     4.49379000E-05     3.09200000E-06
    8.60000000E+03     1.11000000E+02     8.10969288E-02     1.22026000E+00     2.24443800E-04     8.76621546E-02     1.78566264E+00     1.31123942E-01     2.26390000E-06     4.61260000E-05     3.38630000E-06
    8.60000000E+03     1.13500000E+02     8.29234362E-02     1.22026000E+00     2.24443800E-04     1.00187824E-01     1.91564920E+00     1.49840484E-01     2.47470000E-06     4.73280000E-05     3.70110000E-06
    8.60000000E+03     1.16000000E+02     8.47499438E-02     1.22026000E+00     2.24443800E-04     1.14170384E-01     2.05239822E+00     1.70730374E-01     2.69990000E-06     4.85447000E-05     4.03740000E-06
    8.60000000E+03     1.18500000E+02     8.65764512E-02     1.22026000E+00     2.24443800E-04     1.29742276E-01     2.19616032E+00     1.93990612E-01     2.94010000E-06     4.97766000E-05     4.39600000E-06
    8.60000000E+03     1.21000000E+02     8.84029586E-02     1.22026000E+00     2.24443800E-04     1.47044786E-01     2.34719526E+00     2.19831266E-01     3.19590000E-06     5.10245000E-05     4.77790000E-06
    8.60000000E+03     1.23500000E+02     9.02294658E-02     1.22026000E+00     2.24443800E-04     1.66228394E-01     2.50577180E+00     2.48475988E-01     3.46810000E-06     5.22889000E-05     5.18410000E-06
    8.60000000E+03     1.26000000E+02     9.20559732E-02     1.22026000E+00     2.24443800E-04     1.87453166E-01     2.67216862E+00     2.80162590E-01     3.75730000E-06     5.35705000E-05     5.61560000E-06
    8.60000000E+03     1.28500000E+02     9.38824808E-02     1.22026000E+00     2.24443800E-04     2.10889178E-01     2.84667438E+00     3.15143650E-01     4.06420000E-06     5.48702000E-05     6.07340000E-06
    8.60000000E+03     1.31000000E+02     9.57089882E-02     1.22026000E+00     2.24443800E-04     2.36716888E-01     3.02958822E+00     3.53687050E-01     4.38960000E-06     5.61885000E-05     6.55860000E-06
    8.60000000E+03     1.33500000E+02     9.75354958E-02     1.22026000E+00     2.24443800E-04     2.65127594E-01     3.22122038E+00     3.96076668E-01     4.73410000E-06     5.75262000E-05     7.07220000E-06
    8.60000000E+03     1.36000000E+02     9.93620036E-02     1.22026000E+00     2.24443800E-04     2.96323776E-01     3.42189212E+00     4.42612822E-01     5.09840000E-06     5.88840000E-05     7.61540000E-06
    8.60000000E+03     1.38500000E+02     1.01188510E-01     1.22026000E+00     2.24443800E-04     3.30519608E-01     3.63193662E+00     4.93613064E-01     5.48340000E-06     6.02627000E-05     8.18910000E-06
    8.60000000E+03     1.41000000E+02     1.03015018E-01     1.22026000E+00     2.24443800E-04     3.67941372E-01     3.85169936E+00     5.49412732E-01     5.88970000E-06     6.16631000E-05     8.79450000E-06
    8.60000000E+03     1.43500000E+02     1.04841526E-01     1.22026000E+00     2.24443800E-04     4.08827878E-01     4.08153844E+00     6.10365578E-01     6.31820000E-06     6.30859000E-05     9.43280000E-06
    8.60000000E+03     1.46000000E+02     1.06668032E-01     1.22026000E+00     2.24443800E-04     4.53430954E-01     4.32182498E+00     6.76844470E-01     6.76960000E-06     6.45319000E-05     1.01051000E-05
    8.60000000E+03     1.48500000E+02     1.08494540E-01     1.22026000E+00     2.24443800E-04     5.02015820E-01     4.57294352E+00     7.49241918E-01     7.24480000E-06     6.60020000E-05     1.08126000E-05
    8.60000000E+03     1.51000000E+02     1.10321048E-01     1.22026000E+00     2.24443800E-04     5.54861740E-01     4.83529304E+00     8.27971026E-01     7.74450000E-06     6.74969000E-05     1.15565000E-05
    8.60000000E+03     1.53500000E+02     1.12147554E-01     1.22026000E+00     2.24443800E-04     6.12262268E-01     5.10928684E+00     9.13465832E-01     8.26970000E-06     6.90175000E-05     1.23380000E-05
    8.60000000E+03     1.56000000E+02     1.13974062E-01     1.22026000E+00     2.24443800E-04     6.74525850E-01     5.39535272E+00     1.00618218E+00     8.82100000E-06     7.05647000E-05     1.31582000E-05
    8.60000000E+03     1.58500000E+02     1.15800570E-01     1.22026000E+00     2.24443800E-04     7.41976426E-01     5.69393510E+00     1.10659852E+00     9.39950000E-06     7.21392000E-05     1.40186000E-05
    8.60000000E+03     1.61000000E+02     1.17627078E-01     1.22026000E+00     2.24443800E-04     8.14953670E-01     6.00549326E+00     1.21521636E+00     1.00059000E-05     7.37420000E-05     1.49203000E-05
    8.60000000E+03     1.63500000E+02     1.19453584E-01     1.22026000E+00     2.24443800E-04     8.93813692E-01     6.33050360E+00     1.33256118E+00     1.06412000E-05     7.53740000E-05     1.58646000E-05
    8.60000000E+03     1.66000000E+02     1.21280090E-01     1.22026000E+00     2.24443800E-04     9.78929582E-01     6.66945952E+00     1.45918320E+00     1.13061000E-05     7.70360000E-05     1.68528000E-05
    8.60000000E+03     1.68500000E+02     1.23106600E-01     1.22026000E+00     2.24443800E-04     1.07069180E+00     7.02287208E+00     1.59565804E+00     1.20018000E-05     7.87291000E-05     1.78863000E-05
    8.60000000E+03     1.71000000E+02     1.24933108E-01     1.22026000E+00     2.24443800E-04     1.16950858E+00     7.39126928E+00     1.74258694E+00     1.27290000E-05     8.04540000E-05     1.89664000E-05
    8.60000000E+03     1.73500000E+02     1.26759614E-01     1.22026000E+00     2.24443800E-04     1.27580696E+00     7.77519968E+00     1.90059904E+00     1.34887000E-05     8.22117000E-05     2.00945000E-05
    8.60000000E+03     1.76000000E+02     1.28586120E-01     1.22026000E+00     2.24443800E-04     1.39003290E+00     8.17522980E+00     2.07035030E+00     1.42819000E-05     8.40033000E-05     2.12719000E-05
    8.60000000E+03     1.78500000E+02     1.30412630E-01     1.22026000E+00     2.24443800E-04     1.51265174E+00     8.59194592E+00     2.25252530E+00     1.51095000E-05     8.58297000E-05     2.25000000E-05
    8.60000000E+03     1.81000000E+02     1.32239136E-01     1.22026000E+00     2.24443800E-04     1.64414914E+00     9.02595430E+00     2.44783796E+00     1.59726000E-05     8.76918000E-05     2.37802000E-05
    8.60000000E+03     1.83500000E+02     1.34065644E-01     1.22026000E+00     2.24443800E-04     1.78503160E+00     9.47788270E+00     2.65703236E+00     1.68720000E-05     8.95906000E-05     2.51141000E-05
    8.60000000E+03     1.86000000E+02     1.35892150E-01     1.22026000E+00     2.24443800E-04     1.93582672E+00     9.94838042E+00     2.88088310E+00     1.78088000E-05     9.15272000E-05     2.65029000E-05
    8.60000000E+03     1.88500000E+02     1.37718660E-01     1.22026000E+00     2.24443800E-04     2.09708402E+00     1.04381184E+01     3.12019660E+00     1.87840000E-05     9.35026000E-05     2.79483000E-05
    8.60000000E+03     1.91000000E+02     1.39545166E-01     1.22026000E+00     2.24443800E-04     2.26937548E+00     1.09477898E+01     3.37581170E+00     1.97987000E-05     9.55178000E-05     2.94516000E-05
    8.60000000E+03     1.93500000E+02     1.41371672E-01     1.22026000E+00     2.24443800E-04     2.45329624E+00     1.14781122E+01     3.64860056E+00     2.08538000E-05     9.75739000E-05     3.10143000E-05
    8.60000000E+03     1.96000000E+02     1.43198180E-01     1.22026000E+00     2.24443800E-04     2.64946488E+00     1.20298254E+01     3.93946930E+00     2.19505000E-05     9.96719000E-05     3.26381000E-05
    8.60000000E+03     1.98500000E+02     1.45024690E-01     1.22026000E+00     2.24443800E-04     2.85852464E+00     1.26036946E+01     4.24935934E+00     2.30899000E-05     1.01812900E-04     3.43244000E-05
    8.60000000E+03     2.01000000E+02     1.46851196E-01     1.22026000E+00     2.24443800E-04     3.08114328E+00     1.32005110E+01     4.57924764E+00     2.42729000E-05     1.03998000E-04     3.60748000E-05
    8.60000000E+03     2.03500000E+02     1.48677702E-01     1.22026000E+00     2.24443800E-04     3.31801432E+00     1.38210884E+01     4.93014802E+00     2.55007000E-05     1.06228300E-04     3.78908000E-05
    8.60000000E+03     2.06000000E+02     1.50504210E-01     1.22026000E+00     2.24443800E-04     3.56985712E+00     1.44662700E+01     5.30311140E+00     2.67744000E-05     1.08504900E-04     3.97741000E-05
    8.60000000E+03     2.08500000E+02     1.52330718E-01     1.22026000E+00     2.24443800E-04     3.83741862E+00     1.51369256E+01     5.69922826E+00     2.80952000E-05     1.10828900E-04     4.17263000E-05
    8.60000000E+03     2.11000000E+02     1.54157226E-01     1.22026000E+00     2.24443800E-04     4.12147216E+00     1.58339502E+01     6.11962698E+00     2.94641000E-05     1.13201500E-04     4.37488000E-05
    8.60000000E+03     2.13500000E+02     1.55983732E-01     1.22026000E+00     2.24443800E-04     4.42282006E+00     1.65582700E+01     6.56547724E+00     3.08824000E-05     1.15623800E-04     4.58435000E-05
    8.60000000E+03     2.16000000E+02     1.57810240E-01     1.22026000E+00     2.24443800E-04     4.74229284E+00     1.73108384E+01     7.03798916E+00     3.23511000E-05     1.18097000E-04     4.80120000E-05
    8.60000000E+03     2.18500000E+02     1.59636748E-01     1.22026000E+00     2.24443800E-04     5.08075092E+00     1.80926386E+01     7.53841550E+00     3.38715000E-05     1.20622300E-04     5.02559000E-05
    8.60000000E+03     2.21000000E+02     1.61463254E-01     1.22026000E+00     2.24443800E-04     5.43908454E+00     1.89046846E+01     8.06805156E+00     3.54447000E-05     1.23200900E-04     5.25768000E-05
    8.60000000E+03     2.23500000E+02     1.63289762E-01     1.22026000E+00     2.24443800E-04     5.81821506E+00     1.97480208E+01     8.62823674E+00     3.70720000E-05     1.25834000E-04     5.49767000E-05
    8.60000000E+03     2.26000000E+02     1.65116270E-01     1.22026000E+00     2.24443800E-04     6.21909474E+00     2.06237248E+01     9.22035476E+00     3.87545000E-05     1.28522700E-04     5.74570000E-05
    8.60000000E+03     2.28500000E+02     1.66942778E-01     1.22026000E+00     2.24443800E-04     6.64270882E+00     2.15329044E+01     9.84583582E+00     4.04935000E-05     1.31268400E-04     6.00196000E-05
    8.60000000E+03     2.31000000E+02     1.68769284E-01     1.22026000E+00     2.24443800E-04     7.09007460E+00     2.24766994E+01     1.05061560E+01     4.22903000E-05     1.34072200E-04     6.26662000E-05
    8.60000000E+03     2.33500000E+02     1.70595790E-01     1.22026000E+00     2.24443800E-04     7.56224436E+00     2.34562912E+01     1.12028402E+01     4.41460000E-05     1.36935500E-04     6.53987000E-05
    8.60000000E+03     2.36000000E+02     1.72422300E-01     1.22026000E+00     2.24443800E-04     8.06030284E+00     2.44728834E+01     1.19374604E+01     4.60620000E-05     1.39859400E-04     6.82187000E-05
    8.60000000E+03     2.38500000E+02     1.74248808E-01     1.22026000E+00     2.24443800E-04     8.58537182E+00     2.55277264E+01     1.27116398E+01     4.80395000E-05     1.42845400E-04     7.11280000E-05
    8.60000000E+03     2.41000000E+02     1.76075314E-01     1.22026000E+00     2.24443800E-04     9.13860764E+00     2.66220996E+01     1.35270512E+01     5.00798000E-05     1.45894600E-04     7.41286000E-05
    8.60000000E+03     2.43500000E+02     1.77901820E-01     1.22026000E+00     2.24443800E-04     9.72120292E+00     2.77573196E+01     1.43854178E+01     5.21842000E-05     1.49008500E-04     7.72222000E-05
    8.60000000E+03     2.46000000E+02     1.79728330E-01     1.22026000E+00     2.24443800E-04     1.03343886E+01     2.89347440E+01     1.52885170E+01     5.43541000E-05     1.52188200E-04     8.04106000E-05
    8.60000000E+03     2.48500000E+02     1.81554836E-01     1.22026000E+00     2.24443800E-04     1.09794338E+01     3.01557680E+01     1.62381808E+01     5.65908000E-05     1.55435200E-04     8.36957000E-05
    8.60000000E+03     2.52250000E+02     1.84294597E-01     1.22026000E+00     2.24443800E-04     1.20140078E+01     3.20780996E+01     1.77605422E+01     6.00827000E-05     1.60443600E-04     8.88216000E-05
    8.60000000E+03     2.57250000E+02     1.87947613E-01     1.22026000E+00     2.24443800E-04     1.35119744E+01     3.48000260E+01     1.99633424E+01     6.49736000E-05     1.67358100E-04     9.59957000E-05
    8.60000000E+03     2.62250000E+02     1.91600626E-01     1.22026000E+00     2.24443800E-04     1.51622407E+01     3.77234693E+01     2.23881856E+01     7.01561000E-05     1.74566200E-04     1.03591000E-04
    8.60000000E+03     2.67250000E+02     1.95253643E-01     1.22026000E+00     2.24443800E-04     1.69769169E+01     4.08615545E+01     2.50524588E+01     7.56417000E-05     1.82079300E-04     1.11622900E-04
    8.60000000E+03     2.72250000E+02     1.98906656E-01     1.22026000E+00     2.24443800E-04     1.89688153E+01     4.42281059E+01     2.79745241E+01     8.14416000E-05     1.89908900E-04     1.20107300E-04
    8.60000000E+03     2.77250000E+02     2.02559672E-01     1.22026000E+00     2.24443800E-04     2.11514780E+01     4.78376848E+01     3.11737552E+01     8.75676000E-05     1.98066600E-04     1.29060200E-04
    8.60000000E+03     2.82250000E+02     2.06212686E-01     1.22026000E+00     2.24443800E-04     2.35392020E+01     5.17056067E+01     3.46705691E+01     9.40314000E-05     2.06564300E-04     1.38497900E-04
    8.60000000E+03     2.87250000E+02     2.09865701E-01     1.22026000E+00     2.24443800E-04     2.61470680E+01     5.58479781E+01     3.84864625E+01     1.00845300E-04     2.15414200E-04     1.48436800E-04
    8.60000000E+03     2.92250000E+02     2.13518716E-01     1.22026000E+00     2.24443800E-04     2.89909676E+01     6.02817125E+01     4.26440452E+01     1.08021400E-04     2.24628500E-04     1.58893600E-04
    8.60000000E+03     2.97250000E+02     2.17171731E-01     1.22026000E+00     2.24443800E-04     3.20876285E+01     6.50245725E+01     4.71670710E+01     1.15572100E-04     2.34219700E-04     1.69885100E-04
    8.60000000E+03     3.02250000E+02     2.20824745E-01     1.22026000E+00     2.24443800E-04     3.54546498E+01     7.00951844E+01     5.20804833E+01     1.23510200E-04     2.44200500E-04     1.81428500E-04
    8.60000000E+03     3.07250000E+02     2.24477761E-01     1.22026000E+00     2.24443800E-04     3.91105191E+01     7.55130763E+01     5.74104320E+01     1.31848400E-04     2.54583600E-04     1.93541000E-04
    8.60000000E+03     3.12250000E+02     2.28130775E-01     1.22026000E+00     2.24443800E-04     4.30746507E+01     8.12987104E+01     6.31843224E+01     1.40599800E-04     2.65382400E-04     2.06240100E-04
    8.60000000E+03     3.17250000E+02     2.31783790E-01     1.22026000E+00     2.24443800E-04     4.73674162E+01     8.74734842E+01     6.94308518E+01     1.49777600E-04     2.76609900E-04     2.19543400E-04
    8.60000000E+03     3.22250000E+02     2.35436805E-01     1.22026000E+00     2.24443800E-04     5.20101634E+01     9.40598048E+01     7.61800310E+01     1.59395200E-04     2.88279500E-04     2.33468900E-04
    8.60000000E+03     3.27250000E+02     2.39089819E-01     1.22026000E+00     2.24443800E-04     5.70252617E+01     1.01081095E+02     8.34632373E+01     1.69466200E-04     3.00405100E-04     2.48034400E-04
    8.60000000E+03     3.32250000E+02     2.42742835E-01     1.22026000E+00     2.24443800E-04     6.24361135E+01     1.08561797E+02     9.13132292E+01     1.80004500E-04     3.13000400E-04     2.63258300E-04
    8.60000000E+03     3.37250000E+02     2.46395849E-01     1.22026000E+00     2.24443800E-04     6.82672091E+01     1.16527470E+02     9.97642089E+01     1.91024000E-04     3.26079300E-04     2.79158800E-04
    8.60000000E+03     3.42250000E+02     2.50048864E-01     1.22026000E+00     2.24443800E-04     7.45441305E+01     1.25004754E+02     1.08851825E+02     2.02538800E-04     3.39656100E-04     2.95754400E-04
    8.60000000E+03     3.47250000E+02     2.53701879E-01     1.22026000E+00     2.24443800E-04     8.12936083E+01     1.34021441E+02     1.18613242E+02     2.14563300E-04     3.53745200E-04     3.13064000E-04
    8.60000000E+03     3.52250000E+02     2.57354894E-01     1.22026000E+00     2.24443800E-04     8.85435451E+01     1.43606509E+02     1.29087164E+02     2.27112200E-04     3.68361200E-04     3.31106300E-04
    8.60000000E+03     3.57250000E+02     2.61007908E-01     1.22026000E+00     2.24443800E-04     9.63230282E+01     1.53790110E+02     1.40313841E+02     2.40200000E-04     3.83518800E-04     3.49900200E-04
    8.60000000E+03     3.62250000E+02     2.64660924E-01     1.22026000E+00     2.24443800E-04     1.04662402E+02     1.64603674E+02     1.52335160E+02     2.53841700E-04     3.99233000E-04     3.69464900E-04
    8.60000000E+03     3.67250000E+02     2.68313937E-01     1.22026000E+00     2.24443800E-04     1.13593262E+02     1.76079861E+02     1.65194636E+02     2.68052400E-04     4.15518800E-04     3.89819800E-04
    8.60000000E+03     3.72250000E+02     2.71966954E-01     1.22026000E+00     2.24443800E-04     1.23148510E+02     1.88252671E+02     1.78937471E+02     2.82847300E-04     4.32391500E-04     4.10984100E-04
    8.60000000E+03     3.77250000E+02     2.75619967E-01     1.22026000E+00     2.24443800E-04     1.33362381E+02     2.01157424E+02     1.93610570E+02     2.98241900E-04     4.49866700E-04     4.32977400E-04
    8.60000000E+03     3.82250000E+02     2.79272983E-01     1.22026000E+00     2.24443800E-04     1.44270489E+02     2.14830806E+02     2.09262608E+02     3.14251800E-04     4.67960000E-04     4.55819400E-04
    8.60000000E+03     3.87250000E+02     2.82925997E-01     1.22026000E+00     2.24443800E-04     1.55909836E+02     2.29310943E+02     2.25944027E+02     3.30892800E-04     4.86687100E-04     4.79529800E-04
    8.60000000E+03     3.92250000E+02     2.86579013E-01     1.22026000E+00     2.24443800E-04     1.68318864E+02     2.44637376E+02     2.43707097E+02     3.48180900E-04     5.06064200E-04     5.04128400E-04
    8.60000000E+03     3.97250000E+02     2.90232026E-01     1.22026000E+00     2.24443800E-04     1.81537500E+02     2.60851108E+02     2.62605959E+02     3.66132200E-04     5.26107400E-04     5.29635400E-04
    8.60000000E+03     4.02250000E+02     2.93885043E-01     1.22026000E+00     2.24443800E-04     1.95607169E+02     2.77994690E+02     2.82696621E+02     3.84763000E-04     5.46832900E-04     5.56070700E-04
    8.60000000E+03     4.07250000E+02     2.97538056E-01     1.22026000E+00     2.24443800E-04     2.10570826E+02     2.96112168E+02     3.04037021E+02     4.04089800E-04     5.68257400E-04     5.83454500E-04
    8.60000000E+03     4.12250000E+02     3.01191072E-01     1.22026000E+00     2.24443800E-04     2.26473029E+02     3.15249235E+02     3.26687081E+02     4.24129200E-04     5.90397400E-04     6.11807100E-04
    8.60000000E+03     4.17250000E+02     3.04844086E-01     1.22026000E+00     2.24443800E-04     2.43359943E+02     3.35453222E+02     3.50708698E+02     4.44898100E-04     6.13270000E-04     6.41148800E-04
    8.60000000E+03     4.22250000E+02     3.08497101E-01     1.22026000E+00     2.24443800E-04     2.61279379E+02     3.56772934E+02     3.76165807E+02     4.66413500E-04     6.36891900E-04     6.71500100E-04
    8.60000000E+03     4.27250000E+02     3.12150116E-01     1.22026000E+00     2.24443800E-04     2.80280827E+02     3.79259126E+02     4.03124386E+02     4.88692400E-04     6.61280500E-04     7.02881400E-04
    8.60000000E+03     4.32250000E+02     3.15803131E-01     1.22026000E+00     2.24443800E-04     3.00415521E+02     4.02964074E+02     4.31652534E+02     5.11752200E-04     6.86452900E-04     7.35313400E-04
    8.60000000E+03     4.37250000E+02     3.19456145E-01     1.22026000E+00     2.24443800E-04     3.21736453E+02     4.27941994E+02     4.61820476E+02     5.35610300E-04     7.12427000E-04     7.68816500E-04
    8.60000000E+03     4.42250000E+02     3.23109161E-01     1.22026000E+00     2.24443800E-04     3.44298398E+02     4.54248693E+02     4.93700582E+02     5.60284500E-04     7.39220000E-04     8.03411500E-04
    8.60000000E+03     4.47250000E+02     3.26762175E-01     1.22026000E+00     2.24443800E-04     3.68157962E+02     4.81941968E+02     5.27367408E+02     5.85792300E-04     7.66849900E-04     8.39119100E-04
    8.60000000E+03     4.52250000E+02     3.30415190E-01     1.22026000E+00     2.24443800E-04     3.93373669E+02     5.11081524E+02     5.62897787E+02     6.12151900E-04     7.95334800E-04     8.75960000E-04
    8.60000000E+03     4.57250000E+02     3.34068205E-01     1.22026000E+00     2.24443800E-04     4.20005909E+02     5.41728869E+02     6.00370755E+02     6.39381200E-04     8.24692500E-04     9.13955100E-04
    8.60000000E+03     4.62250000E+02     3.37721219E-01     1.22026000E+00     2.24443800E-04     4.48117039E+02     5.73947526E+02     6.39867660E+02     6.67498600E-04     8.54941600E-04     9.53125100E-04
    8.60000000E+03     4.67250000E+02     3.41374235E-01     1.22026000E+00     2.24443800E-04     4.77771392E+02     6.07802966E+02     6.81472147E+02     6.96522400E-04     8.86100200E-04     9.93490900E-04
    8.60000000E+03     4.72250000E+02     3.45027249E-01     1.22026000E+00     2.24443800E-04     5.09035344E+02     6.43362795E+02     7.25270237E+02     7.26471100E-04     9.18187100E-04     1.03507330E-03
    8.60000000E+03     4.77250000E+02     3.48680264E-01     1.22026000E+00     2.24443800E-04     5.41977338E+02     6.80696566E+02     7.71350321E+02     7.57363400E-04     9.51221000E-04     1.07789320E-03
    8.60000000E+03     4.82250000E+02     3.52333279E-01     1.22026000E+00     2.24443800E-04     5.76667878E+02     7.19876008E+02     8.19803152E+02     7.89218200E-04     9.85220600E-04     1.12197130E-03
    8.60000000E+03     4.87250000E+02     3.55986294E-01     1.22026000E+00     2.24443800E-04     6.13179679E+02     7.60974914E+02     8.70721996E+02     8.22054500E-04     1.02020490E-03     1.16732870E-03
    8.60000000E+03     4.92250000E+02     3.59639308E-01     1.22026000E+00     2.24443800E-04     6.51587624E+02     8.04069412E+02     9.24202567E+02     8.55891300E-04     1.05619320E-03     1.21398620E-03
    8.60000000E+03     4.97250000E+02     3.63292324E-01     1.22026000E+00     2.24443800E-04     6.91968723E+02     8.49237756E+02     9.80342943E+02     8.90747800E-04     1.09320460E-03     1.26196460E-03
    8.60000000E+03     5.12250000E+02     3.74251368E-01     1.22026000E+00     2.24443800E-04     8.28061194E+02     1.00041321E+03     1.16882130E+03     1.00272900E-03     1.21167460E-03     1.41543650E-03
    8.60000000E+03     5.37250000E+02     3.92516442E-01     1.22026000E+00     2.24443800E-04     1.09884058E+03     1.29828623E+03     1.54150256E+03     1.20986600E-03     1.42969060E-03     1.69733690E-03
    8.60000000E+03     5.62250000E+02     4.10781516E-01     1.22026000E+00     2.24443800E-04     1.43915139E+03     1.66847922E+03     2.00587272E+03     1.44698560E-03     1.67777880E-03     2.01689080E-03
    8.60000000E+03     5.87250000E+02     4.29046590E-01     1.22026000E+00     2.24443800E-04     1.86236737E+03     2.12452098E+03     2.57816994E+03     1.71668090E-03     1.95853470E-03     2.37660560E-03
    8.60000000E+03     6.12250000E+02     4.47311664E-01     1.22026000E+00     2.24443800E-04     2.38362393E+03     2.68170474E+03     3.27637485E+03     2.02161110E-03     2.27461980E-03     2.77891270E-03
    8.60000000E+03     6.37250000E+02     4.65576738E-01     1.22026000E+00     2.24443800E-04     3.01994284E+03     3.35721271E+03     4.12024323E+03     2.36449430E-03     2.62875400E-03     3.22614540E-03
    8.60000000E+03     6.62250000E+02     4.83841812E-01     1.22026000E+00     2.24443800E-04     3.79035550E+03     4.17023936E+03     5.13132017E+03     2.74809910E-03     3.02370760E-03     3.72051620E-03
    8.60000000E+03     6.87250000E+02     5.02106886E-01     1.22026000E+00     2.24443800E-04     4.71602380E+03     5.14211240E+03     6.33293354E+03     3.17523640E-03     3.46229280E-03     4.26409380E-03
    8.60000000E+03     7.12250000E+02     5.20371960E-01     1.22026000E+00     2.24443800E-04     5.82035676E+03     6.29640875E+03     7.75016377E+03     3.64874950E-03     3.94735400E-03     4.85877920E-03
    8.60000000E+03     7.37250000E+02     5.38637034E-01     1.22026000E+00     2.24443800E-04     7.12912479E+03     7.65906995E+03     9.40979253E+03     4.17150560E-03     4.48175960E-03     5.50628420E-03
    8.60000000E+03     7.62250000E+02     5.56902108E-01     1.22026000E+00     2.24443800E-04     8.67056548E+03     9.25850591E+03     1.13402211E+04     4.74638510E-03     5.06839010E-03     6.20810640E-03
    8.60000000E+03     7.87250000E+02     5.75167183E-01     1.22026000E+00     2.24443800E-04     1.04754842E+04     1.11256971E+04     1.35713634E+04     5.37627110E-03     5.71012930E-03     6.96550720E-03
    8.60000000E+03     8.12250000E+02     5.93432257E-01     1.22026000E+00     2.24443800E-04     1.25773476E+04     1.32942871E+04     1.61345118E+04     6.06403950E-03     6.40985270E-03     7.77949000E-03
    8.60000000E+03     8.37250000E+02     6.11697331E-01     1.22026000E+00     2.24443800E-04     1.50123653E+04     1.58006631E+04     1.90621672E+04     6.81254630E-03     7.17041580E-03     8.65077670E-03
    8.60000000E+03     8.62250000E+02     6.29962405E-01     1.22026000E+00     2.24443800E-04     1.78195638E+04     1.86840338E+04     2.23878441E+04     7.62461670E-03     7.99464430E-03     9.57978720E-03
    8.60000000E+03     8.87250000E+02     6.48227479E-01     1.22026000E+00     2.24443800E-04     2.10408461E+04     2.19864834E+04     2.61458371E+04     8.50303300E-03     8.88531900E-03     1.05666182E-02
    8.60000000E+03     9.12250000E+02     6.66492553E-01     1.22026000E+00     2.24443800E-04     2.47210396E+04     2.57530206E+04     3.03709580E+04     9.45052140E-03     9.84516460E-03     1.16110233E-02
    8.60000000E+03     9.37250000E+02     6.84757627E-01     1.22026000E+00     2.24443800E-04     2.89079321E+04     3.00316190E+04     3.50982419E+04     1.04697404E-02     1.08768389E-02     1.27123954E-02
    8.60000000E+03     9.62250000E+02     7.03022701E-01     1.22026000E+00     2.24443800E-04     3.36522886E+04     3.48732234E+04     4.03626149E+04     1.15632673E-02     1.19829161E-02     1.38697486E-02
    8.60000000E+03     9.87250000E+02     7.21287775E-01     1.22026000E+00     2.24443800E-04     3.90078542E+04     4.03317683E+04     4.61985337E+04     1.27335854E-02     1.31658789E-02     1.50817025E-02
    8.60000000E+03     1.01225000E+03     7.39552849E-01     1.22026000E+00     2.24443800E-04     4.50313385E+04     4.64641486E+04     5.26395905E+04     1.39830703E-02     1.44281009E-02     1.63464682E-02
    8.60000000E+03     1.03725000E+03     7.57817923E-01     1.22026000E+00     2.24443800E-04     5.17823812E+04     5.33301843E+04     5.97180878E+04     1.53139770E-02     1.57718330E-02     1.76618355E-02
    8.60000000E+03     1.06225000E+03     7.76082997E-01     1.22026000E+00     2.24443800E-04     5.93235011E+04     6.09925806E+04     6.74645868E+04     1.67284268E-02     1.71991947E-02     1.90251635E-02
    8.60000000E+03     1.08725000E+03     7.94348072E-01     1.22026000E+00     2.24443800E-04     6.77200281E+04     6.95168527E+04     7.59074337E+04     1.82283961E-02     1.87121594E-02     2.04333741E-02
    8.60000000E+03     1.11225000E+03     8.12613146E-01     1.22026000E+00     2.24443800E-04     7.70400007E+04     7.89712207E+04     8.50722439E+04     1.98156998E-02     2.03125389E-02     2.18829436E-02
    8.60000000E+03     1.13725000E+03     8.30878220E-01     1.22026000E+00     2.24443800E-04     8.73540657E+04     8.94265104E+04     9.49813941E+04     2.14919838E-02     2.20019749E-02     2.33699034E-02
    8.60000000E+03     1.16225000E+03     8.49143294E-01     1.22026000E+00     2.24443800E-04     9.87353396E+04     1.00956028E+05     1.05653475E+05     2.32587109E-02     2.37819286E-02     2.48898391E-02
    8.60000000E+03     1.18725000E+03     8.67408368E-01     1.22026000E+00     2.24443800E-04     1.11259255E+05     1.13635371E+05     1.17102739E+05     2.51171496E-02     2.56536617E-02     2.64378943E-02
    8.60000000E+03     1.21225000E+03     8.85673442E-01     1.22026000E+00     2.24443800E-04     1.25003398E+05     1.27542312E+05     1.29338562E+05     2.70683662E-02     2.76182389E-02     2.80087791E-02
    8.60000000E+03     1.23725000E+03     9.03938516E-01     1.22026000E+00     2.24443800E-04     1.40047307E+05     1.42756570E+05     1.42364853E+05     2.91132136E-02     2.96765096E-02     2.95967786E-02
    8.60000000E+03     1.26225000E+03     9.22203590E-01     1.22026000E+00     2.24443800E-04     1.56472286E+05     1.59359601E+05     1.56179554E+05     3.12523263E-02     3.18291008E-02     3.11957722E-02
    8.60000000E+03     1.28725000E+03     9.40468664E-01     1.22026000E+00     2.24443800E-04     1.74361156E+05     1.77434428E+05     1.70774049E+05     3.34861097E-02     3.40764187E-02     3.27992453E-02
    8.60000000E+03     1.31225000E+03     9.58733738E-01     1.22026000E+00     2.24443800E-04     1.93798046E+05     1.97065337E+05     1.86132684E+05     3.58147381E-02     3.64186316E-02     3.44003175E-02
    8.60000000E+03     1.33725000E+03     9.76998812E-01     1.22026000E+00     2.24443800E-04     2.14868142E+05     2.18337665E+05     2.02232271E+05     3.82381521E-02     3.88556737E-02     3.59917681E-02
    8.60000000E+03     1.36225000E+03     9.95263895E-01     1.22026000E+00     2.24443800E-04     2.37657438E+05     2.41337596E+05     2.19041647E+05     4.07560560E-02     4.13872487E-02     3.75660683E-02
    8.60000000E+03     1.38725000E+03     1.01352895E+00     1.22026000E+00     2.24443800E-04     2.62252460E+05     2.66151799E+05     2.36521244E+05     4.33679150E-02     4.40128150E-02     3.91154122E-02
    8.60000000E+03     1.41225000E+03     1.03179405E+00     1.22026000E+00     2.24443800E-04     2.88740034E+05     2.92867289E+05     2.54622769E+05     4.60729624E-02     4.67316053E-02     4.06317617E-02
    8.60000000E+03     1.43725000E+03     1.05005911E+00     1.22026000E+00     2.24443800E-04     3.17207027E+05     3.21571087E+05     2.73288907E+05     4.88702014E-02     4.95426196E-02     4.21068881E-02
    8.60000000E+03     1.46225000E+03     1.06832418E+00     1.22026000E+00     2.24443800E-04     3.47740096E+05     3.52349983E+05     2.92453126E+05     5.17584131E-02     5.24446304E-02     4.35324213E-02
    8.60000000E+03     1.48725000E+03     1.08658925E+00     1.22026000E+00     2.24443800E-04     3.80425456E+05     3.85290390E+05     3.12039533E+05     5.47361650E-02     5.54362081E-02     4.48999004E-02
    8.60000000E+03     1.51225000E+03     1.10485434E+00     1.22026000E+00     2.24443800E-04     4.15348676E+05     4.20478029E+05     3.31962868E+05     5.78018238E-02     5.85157154E-02     4.62008326E-02
    8.60000000E+03     1.53725000E+03     1.12311941E+00     1.22026000E+00     2.24443800E-04     4.52594464E+05     4.57997746E+05     3.52128542E+05     6.09535669E-02     6.16813245E-02     4.74267489E-02
    8.60000000E+03     1.56225000E+03     1.14138447E+00     1.22026000E+00     2.24443800E-04     4.92246546E+05     4.97933450E+05     3.72432870E+05     6.41894053E-02     6.49310468E-02     4.85692738E-02
    8.60000000E+03     1.58725000E+03     1.15964955E+00     1.22026000E+00     2.24443800E-04     5.34387452E+05     5.40367856E+05     3.92763284E+05     6.75071911E-02     6.82627354E-02     4.96201792E-02
    8.60000000E+03     1.61225000E+03     1.17791464E+00     1.22026000E+00     2.24443800E-04     5.79098538E+05     5.85382441E+05     4.12998859E+05     7.09046538E-02     7.16741134E-02     5.05714672E-02
    8.60000000E+03     1.63725000E+03     1.19617970E+00     1.22026000E+00     2.24443800E-04     6.26459817E+05     6.33057426E+05     4.33010777E+05     7.43794102E-02     7.51628014E-02     5.14154282E-02
    8.60000000E+03     1.66225000E+03     1.21444477E+00     1.22026000E+00     2.24443800E-04     6.76550085E+05     6.83471736E+05     4.52663108E+05     7.79290044E-02     7.87263378E-02     5.21447242E-02
    8.60000000E+03     1.68725000E+03     1.23270985E+00     1.22026000E+00     2.24443800E-04     7.29446837E+05     7.36703141E+05     4.71813537E+05     8.15509211E-02     8.23622187E-02     5.27524488E-02
    8.60000000E+03     1.71225000E+03     1.25097493E+00     1.22026000E+00     2.24443800E-04     7.85226503E+05     7.92828164E+05     4.90314431E+05     8.52426284E-02     8.60679032E-02     5.32322123E-02
    8.60000000E+03     1.73725000E+03     1.26924000E+00     1.22026000E+00     2.24443800E-04     8.43964499E+05     8.51922468E+05     5.08013862E+05     8.90015980E-02     8.98408702E-02     5.35782045E-02
    8.60000000E+03     1.76225000E+03     1.28750506E+00     1.22026000E+00     2.24443800E-04     9.05735626E+05     9.14061025E+05     5.24756993E+05     9.28253547E-02     9.36786434E-02     5.37852799E-02
    8.60000000E+03     1.78725000E+03     1.30577015E+00     1.22026000E+00     2.24443800E-04     9.70614192E+05     9.79318331E+05     5.40387311E+05     9.67114908E-02     9.75788158E-02     5.38490122E-02
    8.60000000E+03     1.81225000E+03     1.32403523E+00     1.22026000E+00     2.24443800E-04     1.03867448E+06     1.04776901E+06     5.54748242E+05     1.00657712E-01     1.01539109E-01     5.37657708E-02
    8.60000000E+03     1.83725000E+03     1.34230029E+00     1.22026000E+00     2.24443800E-04     1.10999116E+06     1.11948781E+06     5.67684808E+05     1.04661871E-01     1.05557363E-01     5.35327867E-02
    8.60000000E+03     1.86225000E+03     1.36056536E+00     1.22026000E+00     2.24443800E-04     1.18463989E+06     1.19455072E+06     5.79045387E+05     1.08722007E-01     1.09631633E-01     5.31482118E-02
    8.60000000E+03     1.88725000E+03     1.37883045E+00     1.22026000E+00     2.24443800E-04     1.26269765E+06     1.27303499E+06     5.88683559E+05     1.12836370E-01     1.13760170E-01     5.26111723E-02
    8.60000000E+03     1.91225000E+03     1.39709552E+00     1.22026000E+00     2.24443800E-04     1.34424365E+06     1.35502004E+06     5.96460093E+05     1.17003456E-01     1.17941480E-01     5.19218223E-02
    8.60000000E+03     1.93725000E+03     1.41536059E+00     1.22026000E+00     2.24443800E-04     1.42935988E+06     1.44058822E+06     6.02245076E+05     1.21222057E-01     1.22174358E-01     5.10813940E-02
    8.60000000E+03     1.96225000E+03     1.43362565E+00     1.22026000E+00     2.24443800E-04     1.51813182E+06     1.52982521E+06     6.05919864E+05     1.25491268E-01     1.26457902E-01     5.00922237E-02
    8.60000000E+03     1.98725000E+03     1.45189075E+00     1.22026000E+00     2.24443800E-04     1.61064933E+06     1.62282122E+06     6.07379423E+05     1.29810529E-01     1.30791562E-01     4.89577973E-02
    8.60000000E+03     2.01225000E+03     1.47015582E+00     1.22026000E+00     2.24443800E-04     1.70700745E+06     1.71967166E+06     6.06534395E+05     1.34179645E-01     1.35175156E-01     4.76827641E-02
    8.60000000E+03     2.03725000E+03     1.48842088E+00     1.22026000E+00     2.24443800E-04     1.80730722E+06     1.82047794E+06     6.03313342E+05     1.38598819E-01     1.39608891E-01     4.62729566E-02
    8.60000000E+03     2.06225000E+03     1.50668595E+00     1.22026000E+00     2.24443800E-04     1.91165661E+06     1.92534826E+06     5.97664930E+05     1.43068656E-01     1.44093376E-01     4.47353972E-02
    8.60000000E+03     2.08725000E+03     1.52495105E+00     1.22026000E+00     2.24443800E-04     2.02017129E+06     2.03439866E+06     5.89559947E+05     1.47590185E-01     1.48629646E-01     4.30782884E-02
    8.60000000E+03     2.11225000E+03     1.54321611E+00     1.22026000E+00     2.24443800E-04     2.13297574E+06     2.14775415E+06     5.78993564E+05     1.52164880E-01     1.53219195E-01     4.13110141E-02
    8.60000000E+03     2.13725000E+03     1.56148118E+00     1.22026000E+00     2.24443800E-04     2.25020387E+06     2.26554891E+06     5.65987087E+05     1.56794650E-01     1.57863928E-01     3.94441034E-02
    8.60000000E+03     2.16225000E+03     1.57974625E+00     1.22026000E+00     2.24443800E-04     2.37199995E+06     2.38792760E+06     5.50589946E+05     1.61481847E-01     1.62566207E-01     3.74892078E-02
    8.60000000E+03     2.18725000E+03     1.59801134E+00     1.22026000E+00     2.24443800E-04     2.49851938E+06     2.51504610E+06     5.32881275E+05     1.66229267E-01     1.67328838E-01     3.54590525E-02
    8.60000000E+03     2.21225000E+03     1.61627641E+00     1.22026000E+00     2.24443800E-04     2.62992928E+06     2.64707192E+06     5.12971420E+05     1.71040125E-01     1.72155044E-01     3.33673838E-02
    8.60000000E+03     2.23725000E+03     1.63454147E+00     1.22026000E+00     2.24443800E-04     2.76640936E+06     2.78418519E+06     4.91003322E+05     1.75918063E-01     1.77048470E-01     3.12289113E-02
    8.60000000E+03     2.26225000E+03     1.65280655E+00     1.22026000E+00     2.24443800E-04     2.90815221E+06     2.92657888E+06     4.67153424E+05     1.80867109E-01     1.82013150E-01     2.90592253E-02
    8.60000000E+03     2.28725000E+03     1.67107164E+00     1.22026000E+00     2.24443800E-04     3.05536367E+06     3.07445936E+06     4.41632479E+05     1.85891653E-01     1.87053484E-01     2.68747153E-02
    8.60000000E+03     2.31225000E+03     1.68933670E+00     1.22026000E+00     2.24443800E-04     3.20826328E+06     3.22804642E+06     4.14686028E+05     1.90996423E-01     1.92174193E-01     2.46924760E-02
    8.60000000E+03     2.33725000E+03     1.70760177E+00     1.22026000E+00     2.24443800E-04     3.36708431E+06     3.38757381E+06     3.86594532E+05     1.96186439E-01     1.97380307E-01     2.25302021E-02
    8.60000000E+03     2.36225000E+03     1.72586685E+00     1.22026000E+00     2.24443800E-04     3.53207346E+06     3.55328885E+06     3.57673043E+05     2.01466957E-01     2.02677096E-01     2.04060683E-02
    8.60000000E+03     2.38725000E+03     1.74413193E+00     1.22026000E+00     2.24443800E-04     3.70349110E+06     3.72545200E+06     3.28270671E+05     2.06843449E-01     2.08070015E-01     1.83386110E-02
    8.60000000E+03     2.41225000E+03     1.76239700E+00     1.22026000E+00     2.24443800E-04     3.88161038E+06     3.90433696E+06     2.98769511E+05     2.12321517E-01     2.13564672E-01     1.63465933E-02
    8.60000000E+03     2.43725000E+03     1.78066206E+00     1.22026000E+00     2.24443800E-04     4.06671673E+06     4.09022943E+06     2.69583091E+05     2.17906840E-01     2.19166747E-01     1.44488591E-02
    8.60000000E+03     2.46225000E+03     1.79892715E+00     1.22026000E+00     2.24443800E-04     4.25910704E+06     4.28342672E+06     2.41154524E+05     2.23605117E-01     2.24881938E-01     1.26641901E-02
    8.60000000E+03     2.48725000E+03     1.81719223E+00     1.22026000E+00     2.24443800E-04     4.45908845E+06     4.48423614E+06     2.13954008E+05     2.29421987E-01     2.30715872E-01     1.10111445E-02
    8.60000000E+03     2.52475000E+03     1.84458982E+00     1.22026000E+00     2.24443800E-04     4.77503696E+06     4.80146979E+06     1.76855872E+05     2.38398167E-01     2.39717958E-01     8.83999250E-03
    8.60000000E+03     2.57475000E+03     1.88111999E+00     1.22026000E+00     2.24443800E-04     5.22456299E+06     5.25278194E+06     1.36187766E+05     2.50810209E-01     2.52164995E-01     6.54504940E-03
    8.60000000E+03     2.62475000E+03     1.91765012E+00     1.22026000E+00     2.24443800E-04     5.71033090E+06     5.74042428E+06     1.09889007E+05     2.63786779E-01     2.65177041E-01     5.08031070E-03
    8.60000000E+03     2.67475000E+03     1.95418028E+00     1.22026000E+00     2.24443800E-04     6.23499954E+06     6.26705631E+06     1.02376908E+05     2.77357445E-01     2.78783567E-01     4.55492020E-03
    8.60000000E+03     2.72475000E+03     1.99071042E+00     1.22026000E+00     2.24443800E-04     6.80115196E+06     6.83526089E+06     1.17965711E+05     2.91541954E-01     2.93004197E-01     5.05439310E-03
    8.60000000E+03     2.77475000E+03     2.02724058E+00     1.22026000E+00     2.24443800E-04     7.41120914E+06     7.44745831E+06     1.60663415E+05     3.06348222E-01     3.07846725E-01     6.63572750E-03
    8.60000000E+03     2.82475000E+03     2.06377071E+00     1.22026000E+00     2.24443800E-04     8.06734236E+06     8.10581809E+06     2.33954454E+05     3.21770797E-01     3.23305539E-01     9.32320030E-03
    8.60000000E+03     2.87475000E+03     2.10030087E+00     1.22026000E+00     2.24443800E-04     8.77139057E+06     8.81217685E+06     3.40578400E+05     3.37789920E-01     3.39360732E-01     1.31051385E-02
    8.60000000E+03     2.92475000E+03     2.13683101E+00     1.22026000E+00     2.24443800E-04     9.52478884E+06     9.56796686E+06     4.82316643E+05     3.54371327E-01     3.55977888E-01     1.79319296E-02
    8.60000000E+03     2.97475000E+03     2.17336117E+00     1.22026000E+00     2.24443800E-04     1.03285157E+07     1.03741635E+07     6.59800542E+05     3.71466879E-01     3.73108726E-01     2.37155054E-02
    8.60000000E+03     3.02475000E+03     2.20989131E+00     1.22026000E+00     2.24443800E-04     1.11830658E+07     1.12312579E+07     8.72354777E+05     3.89016068E-01     3.90692603E-01     3.03304633E-02
    8.60000000E+03     3.07475000E+03     2.24642146E+00     1.22026000E+00     2.24443800E-04     1.20884518E+07     1.21392598E+07     1.11788862E+06     4.06948326E-01     4.08658853E-01     3.76168871E-02
    8.60000000E+03     3.12475000E+03     2.28295161E+00     1.22026000E+00     2.24443800E-04     1.30442392E+07     1.30977320E+07     1.39284613E+06     4.25186076E-01     4.26929823E-01     4.53848402E-02
    8.60000000E+03     3.17475000E+03     2.31948176E+00     1.22026000E+00     2.24443800E-04     1.40496151E+07     1.41058590E+07     1.69222286E+06     4.43648329E-01     4.45424466E-01     5.34203700E-02
    8.60000000E+03     3.22475000E+03     2.35601190E+00     1.22026000E+00     2.24443800E-04     1.51034866E+07     1.51625472E+07     2.00965272E+06     4.62254607E-01     4.64062311E-01     6.14927737E-02
    8.60000000E+03     3.27475000E+03     2.39254205E+00     1.22026000E+00     2.24443800E-04     1.62046057E+07     1.62665484E+07     2.33756442E+06     4.80928943E-01     4.82767415E-01     6.93627708E-02
    8.60000000E+03     3.32475000E+03     2.42907220E+00     1.22026000E+00     2.24443800E-04     1.73517118E+07     1.74166035E+07     2.66740336E+06     4.99603676E-01     5.01472189E-01     7.67912157E-02
    8.60000000E+03     3.37475000E+03     2.46560235E+00     1.22026000E+00     2.24443800E-04     1.85436837E+07     1.86115942E+07     2.98990980E+06     5.18222819E-01     5.20120748E-01     8.35479006E-02
    8.60000000E+03     3.42475000E+03     2.50213250E+00     1.22026000E+00     2.24443800E-04     1.97796910E+07     1.98506943E+07     3.29544377E+06     5.36744756E-01     5.38671603E-01     8.94200971E-02
    8.60000000E+03     3.47475000E+03     2.53866264E+00     1.22026000E+00     2.24443800E-04     2.10593368E+07     2.11335122E+07     3.57434371E+06     5.55144182E-01     5.57099604E-01     9.42204677E-02
    8.60000000E+03     3.52475000E+03     2.57519280E+00     1.22026000E+00     2.24443800E-04     2.23827772E+07     2.24602115E+07     3.81730602E+06     5.73413051E-01     5.75396883E-01     9.77940713E-02
    8.60000000E+03     3.57475000E+03     2.61172294E+00     1.22026000E+00     2.24443800E-04     2.37508195E+07     2.38316070E+07     4.01577329E+06     5.91560714E-01     5.93572962E-01     1.00024268E-01
    8.60000000E+03     3.62475000E+03     2.64825309E+00     1.22026000E+00     2.24443800E-04     2.51649850E+07     2.52492289E+07     4.16231961E+06     6.09613093E-01     6.11653944E-01     1.00837399E-01
    8.60000000E+03     3.67475000E+03     2.68478323E+00     1.22026000E+00     2.24443800E-04     2.66275359E+07     2.67153480E+07     4.25101892E+06     6.27611043E-01     6.29680842E-01     1.00206096E-01
    8.60000000E+03     3.72475000E+03     2.72131339E+00     1.22026000E+00     2.24443800E-04     2.81414634E+07     2.82329649E+07     4.27778817E+06     6.45608002E-01     6.47707250E-01     9.81512479E-02
    8.60000000E+03     3.77475000E+03     2.75784353E+00     1.22026000E+00     2.24443800E-04     2.97104373E+07     2.98057584E+07     4.24069126E+06     6.63667057E-01     6.65796386E-01     9.47425449E-02
    8.60000000E+03     3.82475000E+03     2.79437369E+00     1.22026000E+00     2.24443800E-04     3.13387154E+07     3.14379944E+07     4.14019189E+06     6.81857548E-01     6.84017686E-01     9.00975681E-02
    8.60000000E+03     3.87475000E+03     2.83090382E+00     1.22026000E+00     2.24443800E-04     3.30310182E+07     3.31343999E+07     3.97934238E+06     7.00251390E-01     7.02443118E-01     8.43794284E-02
    8.60000000E+03     3.92475000E+03     2.86743399E+00     1.22026000E+00     2.24443800E-04     3.47923686E+07     3.49000035E+07     3.76389277E+06     7.18919225E-01     7.21143352E-01     7.77928782E-02
    8.60000000E+03     3.97475000E+03     2.90396412E+00     1.22026000E+00     2.24443800E-04     3.66279083E+07     3.67399506E+07     3.50230756E+06     7.37926639E-01     7.40183959E-01     7.05789304E-02
    8.60000000E+03     4.02475000E+03     2.94049428E+00     1.22026000E+00     2.24443800E-04     3.85426940E+07     3.86592999E+07     3.20567438E+06     7.57330572E-01     7.59621831E-01     6.30079601E-02
    8.60000000E+03     4.07475000E+03     2.97702442E+00     1.22026000E+00     2.24443800E-04     4.05414849E+07     4.06628105E+07     2.88749402E+06     7.77176103E-01     7.79501955E-01     5.53713759E-02
    8.60000000E+03     4.12475000E+03     3.01355458E+00     1.22026000E+00     2.24443800E-04     4.26285347E+07     4.27547344E+07     2.56334533E+06     7.97493814E-01     7.99854807E-01     4.79720255E-02
    8.60000000E+03     4.17475000E+03     3.05008471E+00     1.22026000E+00     2.24443800E-04     4.48074015E+07     4.49386246E+07     2.25042313E+06     8.18297907E-01     8.20694430E-01     4.11135602E-02
    8.60000000E+03     4.22475000E+03     3.08661487E+00     1.22026000E+00     2.24443800E-04     4.70807867E+07     4.72171774E+07     1.96695735E+06     8.39585192E-01     8.42017481E-01     3.50891377E-02
    8.60000000E+03     4.27475000E+03     3.12314501E+00     1.22026000E+00     2.24443800E-04     4.94504232E+07     4.95921183E+07     1.73153000E+06     8.61335094E-01     8.63803214E-01     3.01699131E-02
    8.60000000E+03     4.32475000E+03     3.15967517E+00     1.22026000E+00     2.24443800E-04     5.19170166E+07     5.20641458E+07     1.56231535E+06     8.83510678E-01     8.86014539E-01     2.65938533E-02
    8.60000000E+03     4.37475000E+03     3.19620531E+00     1.22026000E+00     2.24443800E-04     5.44802544E+07     5.46329390E+07     1.47627749E+06     9.06060703E-01     9.08600054E-01     2.45554543E-02
    8.60000000E+03     4.42475000E+03     3.23273546E+00     1.22026000E+00     2.24443800E-04     5.71388836E+07     5.72972363E+07     1.48836640E+06     9.28922589E-01     9.31497026E-01     2.41969436E-02
    8.60000000E+03     4.47475000E+03     3.26926561E+00     1.22026000E+00     2.24443800E-04     5.98908516E+07     6.00549798E+07     1.61075372E+06     9.52026033E-01     9.54635073E-01     2.56014513E-02
    8.60000000E+03     4.52475000E+03     3.30579576E+00     1.22026000E+00     2.24443800E-04     6.27335089E+07     6.29035129E+07     1.85215056E+06     9.75297176E-01     9.77940227E-01     2.87885473E-02
    8.60000000E+03     4.57475000E+03     3.34232590E+00     1.22026000E+00     2.24443800E-04     6.56638536E+07     6.58398308E+07     2.21724495E+06     9.98662863E-01     1.00133930E+00     3.37123887E-02
    8.60000000E+03     4.62475000E+03     3.37885605E+00     1.22026000E+00     2.24443800E-04     6.86788025E+07     6.88608486E+07     2.70628647E+06     1.02205478E+00     1.02476398E+00     4.02625244E-02
    8.60000000E+03     4.67475000E+03     3.41538620E+00     1.22026000E+00     2.24443800E-04     7.17754736E+07     7.19636843E+07     3.31483988E+06     1.04541322E+00     1.04815458E+00     4.82672775E-02
    8.60000000E+03     4.72475000E+03     3.45191635E+00     1.22026000E+00     2.24443800E-04     7.49514493E+07     7.51459243E+07     4.03371703E+06     1.06869010E+00     1.07146306E+00     5.74994643E-02
    8.60000000E+03     4.77475000E+03     3.48844650E+00     1.22026000E+00     2.24443800E-04     7.82050162E+07     7.84058615E+07     4.84908919E+06     1.09185119E+00     1.09465532E+00     6.76841161E-02
    8.60000000E+03     4.82475000E+03     3.52497664E+00     1.22026000E+00     2.24443800E-04     8.15353586E+07     8.17426863E+07     5.74277579E+06     1.11487748E+00     1.11771242E+00     7.85078399E-02
    8.60000000E+03     4.87475000E+03     3.56150680E+00     1.22026000E+00     2.24443800E-04     8.49426918E+07     8.51566240E+07     6.69270074E+06     1.13776545E+00     1.14063101E+00     8.96294255E-02
    8.60000000E+03     4.92475000E+03     3.59803694E+00     1.22026000E+00     2.24443800E-04     8.84283398E+07     8.86490091E+07     7.67350517E+06     1.16052662E+00     1.16342270E+00     1.00691343E-01
    8.60000000E+03     4.97475000E+03     3.63456709E+00     1.22026000E+00     2.24443800E-04     9.19947407E+07     9.22222903E+07     8.65730390E+06     1.18318602E+00     1.18611269E+00     1.11331793E-01
    8.60000000E+03     5.00000000E+03     3.65301480E+00     1.22026000E+00     2.24443800E-04     9.38239350E+07     9.40550120E+07     9.14766800E+06     1.19460340E+00     1.19754560E+00     1.16471720E-01
