    8.60000000E+03     5.00000000E-01     3.65301500E-04     1.43097650E+00     4.20589400E-04     0.00000000E+00     2.52900000E-07     0.00000000E+00     0.00000000E+00     3.22100000E-07     0.00000000E+00
    8.60000000E+03     1.00000000E+00     7.30603000E-04     1.43097650E+00     4.20589400E-04     0.00000000E+00     2.02360000E-06     0.00000000E+00     0.00000000E+00     6.44100000E-07     0.00000000E+00
    8.60000000E+03     1.50000000E+00     1.09590440E-03     1.43097650E+00     4.20589400E-04     0.00000000E+00     6.82960000E-06     0.00000000E+00     0.00000000E+00     9.66200000E-07     0.00000000E+00
    8.60000000E+03     2.00000000E+00     1.46120590E-03     1.43097650E+00     4.20589400E-04     0.00000000E+00     1.61886000E-05     0.00000000E+00     0.00000000E+00     1.28820000E-06     0.00000000E+00
    8.60000000E+03     2.50000000E+00     1.82650740E-03     1.43097650E+00     4.20589400E-04     0.00000000E+00     3.16184000E-05     1.00000000E-10     0.00000000E+00     1.61030000E-06     0.00000000E+00
    8.60000000E+03     3.00000000E+00     2.19180890E-03     1.43097650E+00     4.20589400E-04     1.00000000E-10     5.46366000E-05     2.00000000E-10     0.00000000E+00     1.93240000E-06     0.00000000E+00
    8.60000000E+03     3.50000000E+00     2.55711040E-03     1.43097650E+00     4.20589400E-04     3.00000000E-10     8.67611000E-05     4.00000000E-10     0.00000000E+00     2.25440000E-06     0.00000000E+00
    8.60000000E+03     4.00000000E+00     2.92241190E-03     1.43097650E+00     4.20589400E-04     7.00000000E-10     1.29509600E-04     1.00000000E-09     0.00000000E+00     2.57650000E-06     0.00000000E+00
    8.60000000E+03     4.50000000E+00     3.28771330E-03     1.43097650E+00     4.20589400E-04     1.30000000E-09     1.84400000E-04     2.00000000E-09     0.00000000E+00     2.89860000E-06     0.00000000E+00
    8.60000000E+03     5.00000000E+00     3.65301480E-03     1.43097650E+00     4.20589400E-04     2.50000000E-09     2.52950300E-04     3.70000000E-09     0.00000000E+00     3.22070000E-06     0.00000000E+00
    8.60000000E+03     5.50000000E+00     4.01831630E-03     1.43097650E+00     4.20589400E-04     4.40000000E-09     3.36678400E-04     6.60000000E-09     0.00000000E+00     3.54270000E-06     1.00000000E-10
    8.60000000E+03     6.00000000E+00     4.38361780E-03     1.43097650E+00     4.20589400E-04     7.50000000E-09     4.37102500E-04     1.12000000E-08     1.00000000E-10     3.86480000E-06     1.00000000E-10
    8.60000000E+03     6.50000000E+00     4.74891930E-03     1.43097650E+00     4.20589400E-04     1.21000000E-08     5.55740900E-04     1.81000000E-08     1.00000000E-10     4.18690000E-06     1.00000000E-10
    8.60000000E+03     7.00000000E+00     5.11422070E-03     1.43097650E+00     4.20589400E-04     1.88000000E-08     6.94111900E-04     2.82000000E-08     1.00000000E-10     4.50900000E-06     2.00000000E-10
    8.60000000E+03     7.50000000E+00     5.47952220E-03     1.43097650E+00     4.20589400E-04     2.85000000E-08     8.53734200E-04     4.27000000E-08     2.00000000E-10     4.83110000E-06     2.00000000E-10
    8.60000000E+03     8.00000000E+00     5.84482370E-03     1.43097650E+00     4.20589400E-04     4.19000000E-08     1.03612660E-03     6.29000000E-08     2.00000000E-10     5.15330000E-06     3.00000000E-10
    8.60000000E+03     8.50000000E+00     6.21012520E-03     1.43097650E+00     4.20589400E-04     6.03000000E-08     1.24280810E-03     9.05000000E-08     3.00000000E-10     5.47540000E-06     4.00000000E-10
    8.60000000E+03     9.00000000E+00     6.57542670E-03     1.43097650E+00     4.20589400E-04     8.50000000E-08     1.47529800E-03     1.27500000E-07     3.00000000E-10     5.79760000E-06     5.00000000E-10
    8.60000000E+03     9.50000000E+00     6.94072810E-03     1.43097650E+00     4.20589400E-04     1.17600000E-07     1.73511590E-03     1.76300000E-07     4.00000000E-10     6.11970000E-06     6.00000000E-10
    8.60000000E+03     1.00000000E+01     7.30602960E-03     1.43097650E+00     4.20589400E-04     1.59900000E-07     2.02378160E-03     2.39900000E-07     5.00000000E-10     6.44190000E-06     8.00000000E-10
    8.60000000E+03     1.05000000E+01     7.67133110E-03     1.43097650E+00     4.20589400E-04     2.14300000E-07     2.34281560E-03     3.21500000E-07     6.00000000E-10     6.76410000E-06     9.00000000E-10
    8.60000000E+03     1.10000000E+01     8.03663260E-03     1.43097650E+00     4.20589400E-04     2.83300000E-07     2.69373860E-03     4.24900000E-07     7.00000000E-10     7.08630000E-06     1.10000000E-09
    8.60000000E+03     1.15000000E+01     8.40193410E-03     1.43097650E+00     4.20589400E-04     3.69900000E-07     3.07807150E-03     5.54800000E-07     9.00000000E-10     7.40850000E-06     1.30000000E-09
    8.60000000E+03     1.20000000E+01     8.76723560E-03     1.43097650E+00     4.20589400E-04     4.77500000E-07     3.49733590E-03     7.16200000E-07     1.10000000E-09     7.73080000E-06     1.60000000E-09
    8.60000000E+03     1.25000000E+01     9.13253700E-03     1.43097650E+00     4.20589400E-04     6.10000000E-07     3.95305400E-03     9.15000000E-07     1.20000000E-09     8.05310000E-06     1.90000000E-09
    8.60000000E+03     1.30000000E+01     9.49783850E-03     1.43097650E+00     4.20589400E-04     7.71900000E-07     4.44674860E-03     1.15780000E-06     1.50000000E-09     8.37540000E-06     2.20000000E-09
    8.60000000E+03     1.35000000E+01     9.86314000E-03     1.43097650E+00     4.20589400E-04     9.68100000E-07     4.97994270E-03     1.45200000E-06     1.70000000E-09     8.69770000E-06     2.50000000E-09
    8.60000000E+03     1.40000000E+01     1.02284410E-02     1.43097650E+00     4.20589400E-04     1.20410000E-06     5.55416060E-03     1.80610000E-06     2.00000000E-09     9.02010000E-06     2.90000000E-09
    8.60000000E+03     1.45000000E+01     1.05937430E-02     1.43097650E+00     4.20589400E-04     1.48630000E-06     6.17092670E-03     2.22930000E-06     2.30000000E-09     9.34250000E-06     3.40000000E-09
    8.60000000E+03     1.50000000E+01     1.09590440E-02     1.43097650E+00     4.20589400E-04     1.82160000E-06     6.83176680E-03     2.73220000E-06     2.60000000E-09     9.66500000E-06     3.90000000E-09
    8.60000000E+03     1.55000000E+01     1.13243460E-02     1.43097650E+00     4.20589400E-04     2.21760000E-06     7.53820670E-03     3.32620000E-06     2.90000000E-09     9.98750000E-06     4.40000000E-09
    8.60000000E+03     1.60000000E+01     1.16896470E-02     1.43097650E+00     4.20589400E-04     2.68300000E-06     8.29177390E-03     4.02420000E-06     3.30000000E-09     1.03100000E-05     5.00000000E-09
    8.60000000E+03     1.65000000E+01     1.20549490E-02     1.43097650E+00     4.20589400E-04     3.22700000E-06     9.09399560E-03     4.84020000E-06     3.80000000E-09     1.06325000E-05     5.70000000E-09
    8.60000000E+03     1.70000000E+01     1.24202500E-02     1.43097650E+00     4.20589400E-04     3.86000000E-06     9.94640210E-03     5.78970000E-06     4.30000000E-09     1.09551000E-05     6.40000000E-09
    8.60000000E+03     1.75000000E+01     1.27855520E-02     1.43097650E+00     4.20589400E-04     4.59330000E-06     1.08505230E-02     6.88950000E-06     4.80000000E-09     1.12778000E-05     7.20000000E-09
    8.60000000E+03     1.80000000E+01     1.31508530E-02     1.43097650E+00     4.20589400E-04     5.43920000E-06     1.18078870E-02     8.15810000E-06     5.30000000E-09     1.16005000E-05     8.00000000E-09
    8.60000000E+03     1.85000000E+01     1.35161550E-02     1.43097650E+00     4.20589400E-04     6.41110000E-06     1.28200320E-02     9.61580000E-06     6.00000000E-09     1.19233000E-05     8.90000000E-09
    8.60000000E+03     1.90000000E+01     1.38814560E-02     1.43097650E+00     4.20589400E-04     7.52350000E-06     1.38884860E-02     1.12843000E-05     6.60000000E-09     1.22461000E-05     9.90000000E-09
    8.60000000E+03     1.95000000E+01     1.42467580E-02     1.43097650E+00     4.20589400E-04     8.79240000E-06     1.50147870E-02     1.31874000E-05     7.40000000E-09     1.25690000E-05     1.10000000E-08
    8.60000000E+03     2.00000000E+01     1.46120590E-02     1.43097650E+00     4.20589400E-04     1.02348000E-05     1.62004700E-02     1.53507000E-05     8.10000000E-09     1.28919000E-05     1.22000000E-08
    8.60000000E+03     2.05000000E+01     1.49773610E-02     1.43097650E+00     4.20589400E-04     1.18692000E-05     1.74470740E-02     1.78020000E-05     9.00000000E-09     1.32149000E-05     1.35000000E-08
    8.60000000E+03     2.10000000E+01     1.53426620E-02     1.43097650E+00     4.20589400E-04     1.37156000E-05     1.87561360E-02     2.05712000E-05     9.90000000E-09     1.35380000E-05     1.48000000E-08
    8.60000000E+03     2.15000000E+01     1.57079640E-02     1.43097650E+00     4.20589400E-04     1.57954000E-05     2.01291990E-02     2.36904000E-05     1.09000000E-08     1.38612000E-05     1.63000000E-08
    8.60000000E+03     2.20000000E+01     1.60732650E-02     1.43097650E+00     4.20589400E-04     1.81316000E-05     2.15678050E-02     2.71941000E-05     1.19000000E-08     1.41844000E-05     1.79000000E-08
    8.60000000E+03     2.25000000E+01     1.64385670E-02     1.43097650E+00     4.20589400E-04     2.07489000E-05     2.30734970E-02     3.11195000E-05     1.30000000E-08     1.45077000E-05     1.96000000E-08
    8.60000000E+03     2.30000000E+01     1.68038680E-02     1.43097650E+00     4.20589400E-04     2.36737000E-05     2.46478230E-02     3.55060000E-05     1.42000000E-08     1.48311000E-05     2.14000000E-08
    8.60000000E+03     2.35000000E+01     1.71691700E-02     1.43097650E+00     4.20589400E-04     2.69344000E-05     2.62923300E-02     4.03961000E-05     1.55000000E-08     1.51546000E-05     2.33000000E-08
    8.60000000E+03     2.40000000E+01     1.75344710E-02     1.43097650E+00     4.20589400E-04     3.05610000E-05     2.80085660E-02     4.58350000E-05     1.69000000E-08     1.54781000E-05     2.53000000E-08
    8.60000000E+03     2.45000000E+01     1.78997730E-02     1.43097650E+00     4.20589400E-04     3.45857000E-05     2.97980870E-02     5.18709000E-05     1.83000000E-08     1.58018000E-05     2.75000000E-08
    8.60000000E+03     2.50000000E+01     1.82650740E-02     1.43097650E+00     4.20589400E-04     3.90427000E-05     3.16624440E-02     5.85551000E-05     1.99000000E-08     1.61256000E-05     2.98000000E-08
    8.60000000E+03     2.55000000E+01     1.86303760E-02     1.43097650E+00     4.20589400E-04     4.39685000E-05     3.36031950E-02     6.59422000E-05     2.15000000E-08     1.64494000E-05     3.23000000E-08
    8.60000000E+03     2.60000000E+01     1.89956770E-02     1.43097650E+00     4.20589400E-04     4.94015000E-05     3.56218980E-02     7.40900000E-05     2.33000000E-08     1.67734000E-05     3.49000000E-08
    8.60000000E+03     2.65000000E+01     1.93609790E-02     1.43097650E+00     4.20589400E-04     5.53829000E-05     3.77201150E-02     8.30600000E-05     2.51000000E-08     1.70975000E-05     3.76000000E-08
    8.60000000E+03     2.70000000E+01     1.97262800E-02     1.43097650E+00     4.20589400E-04     6.19560000E-05     3.98994080E-02     9.29173000E-05     2.71000000E-08     1.74216000E-05     4.06000000E-08
    8.60000000E+03     2.75000000E+01     2.00915810E-02     1.43097650E+00     4.20589400E-04     6.91667000E-05     4.21613480E-02     1.03730700E-04     2.91000000E-08     1.77459000E-05     4.37000000E-08
    8.60000000E+03     2.80000000E+01     2.04568830E-02     1.43097650E+00     4.20589400E-04     7.70635000E-05     4.45074980E-02     1.15573000E-04     3.13000000E-08     1.80704000E-05     4.69000000E-08
    8.60000000E+03     2.85000000E+01     2.08221840E-02     1.43097650E+00     4.20589400E-04     8.56979000E-05     4.69394370E-02     1.28521200E-04     3.36000000E-08     1.83949000E-05     5.04000000E-08
    8.60000000E+03     2.90000000E+01     2.11874860E-02     1.43097650E+00     4.20589400E-04     9.51237000E-05     4.94587330E-02     1.42656100E-04     3.60000000E-08     1.87196000E-05     5.40000000E-08
    8.60000000E+03     2.95000000E+01     2.15527870E-02     1.43097650E+00     4.20589400E-04     1.05398200E-04     5.20669680E-02     1.58063500E-04     3.86000000E-08     1.90444000E-05     5.78000000E-08
    8.60000000E+03     3.00000000E+01     2.19180890E-02     1.43097650E+00     4.20589400E-04     1.16581200E-04     5.47657220E-02     1.74833200E-04     4.12000000E-08     1.93694000E-05     6.18000000E-08
    8.60000000E+03     3.05000000E+01     2.22833900E-02     1.43097650E+00     4.20589400E-04     1.28736100E-04     5.75565760E-02     1.93060000E-04     4.41000000E-08     1.96945000E-05     6.61000000E-08
    8.60000000E+03     3.10000000E+01     2.26486920E-02     1.43097650E+00     4.20589400E-04     1.41929100E-04     6.04411260E-02     2.12843400E-04     4.70000000E-08     2.00198000E-05     7.05000000E-08
    8.60000000E+03     3.15000000E+01     2.30139930E-02     1.43097650E+00     4.20589400E-04     1.56230100E-04     6.34209560E-02     2.34288100E-04     5.01000000E-08     2.03452000E-05     7.52000000E-08
    8.60000000E+03     3.20000000E+01     2.33792950E-02     1.43097650E+00     4.20589400E-04     1.71712300E-04     6.64976640E-02     2.57503700E-04     5.34000000E-08     2.06708000E-05     8.00000000E-08
    8.60000000E+03     3.25000000E+01     2.37445960E-02     1.43097650E+00     4.20589400E-04     1.88452400E-04     6.96728430E-02     2.82605300E-04     5.68000000E-08     2.09965000E-05     8.52000000E-08
    8.60000000E+03     3.30000000E+01     2.41098980E-02     1.43097650E+00     4.20589400E-04     2.06531000E-04     7.29481020E-02     3.09713700E-04     6.04000000E-08     2.13224000E-05     9.05000000E-08
    8.60000000E+03     3.35000000E+01     2.44751990E-02     1.43097650E+00     4.20589400E-04     2.26032400E-04     7.63250460E-02     3.38955100E-04     6.41000000E-08     2.16485000E-05     9.61000000E-08
    8.60000000E+03     3.40000000E+01     2.48405010E-02     1.43097650E+00     4.20589400E-04     2.47044600E-04     7.98052840E-02     3.70461800E-04     6.80000000E-08     2.19747000E-05     1.02000000E-07
    8.60000000E+03     3.45000000E+01     2.52058020E-02     1.43097650E+00     4.20589400E-04     2.69660100E-04     8.33904350E-02     4.04371900E-04     7.21000000E-08     2.23012000E-05     1.08100000E-07
    8.60000000E+03     3.50000000E+01     2.55711040E-02     1.43097650E+00     4.20589400E-04     2.93975000E-04     8.70821030E-02     4.40829900E-04     7.64000000E-08     2.26278000E-05     1.14500000E-07
    8.60000000E+03     3.55000000E+01     2.59364050E-02     1.43097650E+00     4.20589400E-04     3.20090200E-04     9.08819310E-02     4.79986800E-04     8.08000000E-08     2.29547000E-05     1.21200000E-07
    8.60000000E+03     3.60000000E+01     2.63017070E-02     1.43097650E+00     4.20589400E-04     3.48110700E-04     9.47915270E-02     5.21999900E-04     8.55000000E-08     2.32817000E-05     1.28200000E-07
    8.60000000E+03     3.65000000E+01     2.66670080E-02     1.43097650E+00     4.20589400E-04     3.78146100E-04     9.88125410E-02     5.67033700E-04     9.03000000E-08     2.36089000E-05     1.35500000E-07
    8.60000000E+03     3.70000000E+01     2.70323100E-02     1.43097650E+00     4.20589400E-04     4.10310800E-04     1.02946600E-01     6.15259400E-04     9.54000000E-08     2.39364000E-05     1.43100000E-07
    8.60000000E+03     3.75000000E+01     2.73976110E-02     1.43097650E+00     4.20589400E-04     4.44723700E-04     1.07195350E-01     6.66855300E-04     1.00700000E-07     2.42641000E-05     1.50900000E-07
    8.60000000E+03     3.80000000E+01     2.77629130E-02     1.43097650E+00     4.20589400E-04     4.81509000E-04     1.11560440E-01     7.22007500E-04     1.06100000E-07     2.45920000E-05     1.59200000E-07
    8.60000000E+03     3.85000000E+01     2.81282140E-02     1.43097650E+00     4.20589400E-04     5.20795600E-04     1.16043510E-01     7.80909200E-04     1.11800000E-07     2.49201000E-05     1.67700000E-07
    8.60000000E+03     3.90000000E+01     2.84935160E-02     1.43097650E+00     4.20589400E-04     5.62718000E-04     1.20646240E-01     8.43761700E-04     1.17800000E-07     2.52484000E-05     1.76600000E-07
    8.60000000E+03     3.95000000E+01     2.88588170E-02     1.43097650E+00     4.20589400E-04     6.07415400E-04     1.25370260E-01     9.10774100E-04     1.23900000E-07     2.55770000E-05     1.85800000E-07
    8.60000000E+03     4.00000000E+01     2.92241190E-02     1.43097650E+00     4.20589400E-04     6.55033200E-04     1.30217270E-01     9.82163800E-04     1.30300000E-07     2.59059000E-05     1.95400000E-07
    8.60000000E+03     4.05000000E+01     2.95894200E-02     1.43097650E+00     4.20589400E-04     7.05722000E-04     1.35188940E-01     1.05815670E-03     1.37000000E-07     2.62350000E-05     2.05300000E-07
    8.60000000E+03     4.10000000E+01     2.99547210E-02     1.43097650E+00     4.20589400E-04     7.59638100E-04     1.40286930E-01     1.13898700E-03     1.43800000E-07     2.65644000E-05     2.15700000E-07
    8.60000000E+03     4.15000000E+01     3.03200230E-02     1.43097650E+00     4.20589400E-04     8.16944100E-04     1.45512950E-01     1.22489800E-03     1.51000000E-07     2.68940000E-05     2.26400000E-07
    8.60000000E+03     4.20000000E+01     3.06853240E-02     1.43097650E+00     4.20589400E-04     8.77808300E-04     1.50868690E-01     1.31614220E-03     1.58400000E-07     2.72239000E-05     2.37500000E-07
    8.60000000E+03     4.25000000E+01     3.10506260E-02     1.43097650E+00     4.20589400E-04     9.42405000E-04     1.56355820E-01     1.41298060E-03     1.66100000E-07     2.75541000E-05     2.49000000E-07
    8.60000000E+03     4.30000000E+01     3.14159270E-02     1.43097650E+00     4.20589400E-04     1.01091560E-03     1.61976090E-01     1.51568520E-03     1.74000000E-07     2.78846000E-05     2.60900000E-07
    8.60000000E+03     4.35000000E+01     3.17812290E-02     1.43097650E+00     4.20589400E-04     1.08352730E-03     1.67731170E-01     1.62453590E-03     1.82300000E-07     2.82153000E-05     2.73300000E-07
    8.60000000E+03     4.40000000E+01     3.21465300E-02     1.43097650E+00     4.20589400E-04     1.16043420E-03     1.73622820E-01     1.73982400E-03     1.90800000E-07     2.85464000E-05     2.86100000E-07
    8.60000000E+03     4.45000000E+01     3.25118320E-02     1.43097650E+00     4.20589400E-04     1.24183720E-03     1.79652730E-01     1.86185020E-03     1.99600000E-07     2.88778000E-05     2.99300000E-07
    8.60000000E+03     4.50000000E+01     3.28771330E-02     1.43097650E+00     4.20589400E-04     1.32794420E-03     1.85822660E-01     1.99092610E-03     2.08700000E-07     2.92095000E-05     3.13000000E-07
    8.60000000E+03     4.55000000E+01     3.32424350E-02     1.43097650E+00     4.20589400E-04     1.41897020E-03     1.92134330E-01     2.12737360E-03     2.18200000E-07     2.95415000E-05     3.27100000E-07
    8.60000000E+03     4.60000000E+01     3.36077360E-02     1.43097650E+00     4.20589400E-04     1.51513740E-03     1.98589500E-01     2.27152560E-03     2.27900000E-07     2.98738000E-05     3.41700000E-07
    8.60000000E+03     4.65000000E+01     3.39730380E-02     1.43097650E+00     4.20589400E-04     1.61667560E-03     2.05189920E-01     2.42372610E-03     2.38000000E-07     3.02065000E-05     3.56800000E-07
    8.60000000E+03     4.70000000E+01     3.43383390E-02     1.43097650E+00     4.20589400E-04     1.72382220E-03     2.11937360E-01     2.58433110E-03     2.48400000E-07     3.05395000E-05     3.72400000E-07
    8.60000000E+03     4.75000000E+01     3.47036410E-02     1.43097650E+00     4.20589400E-04     1.83682220E-03     2.18833590E-01     2.75370730E-03     2.59100000E-07     3.08729000E-05     3.88500000E-07
    8.60000000E+03     4.80000000E+01     3.50689420E-02     1.43097650E+00     4.20589400E-04     1.95592880E-03     2.25880380E-01     2.93223380E-03     2.70200000E-07     3.12066000E-05     4.05100000E-07
    8.60000000E+03     4.85000000E+01     3.54342440E-02     1.43097650E+00     4.20589400E-04     2.08140310E-03     2.33079530E-01     3.12030180E-03     2.81700000E-07     3.15407000E-05     4.22200000E-07
    8.60000000E+03     4.90000000E+01     3.57995450E-02     1.43097650E+00     4.20589400E-04     2.21351470E-03     2.40432840E-01     3.31831510E-03     2.93500000E-07     3.18751000E-05     4.39900000E-07
    8.60000000E+03     4.95000000E+01     3.61648470E-02     1.43097650E+00     4.20589400E-04     2.35254160E-03     2.47942100E-01     3.52668980E-03     3.05600000E-07     3.22099000E-05     4.58100000E-07
    8.60000000E+03     5.10000000E+01     3.72607512E-02     1.43097650E+00     4.20589400E-04     2.82214000E-03     2.71587062E-01     4.23050050E-03     3.44800000E-07     3.32172000E-05     5.16800000E-07
    8.60000000E+03     5.35000000E+01     3.90872586E-02     1.43097650E+00     4.20589400E-04     3.75981950E-03     3.14022826E-01     5.63575770E-03     4.17500000E-07     3.49036000E-05     6.25800000E-07
    8.60000000E+03     5.60000000E+01     4.09137658E-02     1.43097650E+00     4.20589400E-04     4.94395130E-03     3.60774892E-01     7.41020650E-03     5.01100000E-07     3.66013000E-05     7.51100000E-07
    8.60000000E+03     5.85000000E+01     4.27402732E-02     1.43097650E+00     4.20589400E-04     6.42384990E-03     4.12083760E-01     9.62766530E-03     5.96700000E-07     3.83113000E-05     8.94300000E-07
    8.60000000E+03     6.10000000E+01     4.45667808E-02     1.43097650E+00     4.20589400E-04     8.25588960E-03     4.68197150E-01     1.23725040E-02     7.05400000E-07     4.00348000E-05     1.05710000E-06
    8.60000000E+03     6.35000000E+01     4.63932882E-02     1.43097650E+00     4.20589400E-04     1.05041458E-02     5.29370586E-01     1.57405998E-02     8.28300000E-07     4.17729000E-05     1.24120000E-06
    8.60000000E+03     6.60000000E+01     4.82197958E-02     1.43097650E+00     4.20589400E-04     1.32410692E-02     5.95868126E-01     1.98403376E-02     9.66600000E-07     4.35267000E-05     1.44830000E-06
    8.60000000E+03     6.85000000E+01     5.00463028E-02     1.43097650E+00     4.20589400E-04     1.65481876E-02     6.67963110E-01     2.47936558E-02     1.12150000E-06     4.52976000E-05     1.68030000E-06
    8.60000000E+03     7.10000000E+01     5.18728102E-02     1.43097650E+00     4.20589400E-04     2.05168290E-02     7.45938778E-01     3.07371200E-02     1.29440000E-06     4.70869000E-05     1.93910000E-06
    8.60000000E+03     7.35000000E+01     5.36993178E-02     1.43097650E+00     4.20589400E-04     2.52488820E-02     8.30089116E-01     3.78230514E-02     1.48650000E-06     4.88959000E-05     2.22670000E-06
    8.60000000E+03     7.60000000E+01     5.55258252E-02     1.43097650E+00     4.20589400E-04     3.08575802E-02     9.20719634E-01     4.62206878E-02     1.69920000E-06     5.07259000E-05     2.54520000E-06
    8.60000000E+03     7.85000000E+01     5.73523328E-02     1.43097650E+00     4.20589400E-04     3.74683140E-02     1.01814819E+00     5.61173928E-02     1.93400000E-06     5.25785000E-05     2.89660000E-06
    8.60000000E+03     8.10000000E+01     5.91788400E-02     1.43097650E+00     4.20589400E-04     4.52194706E-02     1.12270584E+00     6.77198950E-02     2.19230000E-06     5.44551000E-05     3.28320000E-06
    8.60000000E+03     8.35000000E+01     6.10053472E-02     1.43097650E+00     4.20589400E-04     5.42633050E-02     1.23473766E+00     8.12555756E-02     2.47570000E-06     5.63573000E-05     3.70720000E-06
    8.60000000E+03     8.60000000E+01     6.28318548E-02     1.43097650E+00     4.20589400E-04     6.47668334E-02     1.35460368E+00     9.69737950E-02     2.78570000E-06     5.82866000E-05     4.17100000E-06
    8.60000000E+03     8.85000000E+01     6.46583622E-02     1.43097650E+00     4.20589400E-04     7.69127580E-02     1.48267980E+00     1.15147250E-01     3.12400000E-06     6.02447000E-05     4.67700000E-06
    8.60000000E+03     9.10000000E+01     6.64848698E-02     1.43097650E+00     4.20589400E-04     9.09004410E-02     1.61935898E+00     1.36073420E-01     3.49220000E-06     6.22333000E-05     5.22760000E-06
    8.60000000E+03     9.35000000E+01     6.83113772E-02     1.43097650E+00     4.20589400E-04     1.06946846E-01     1.76505174E+00     1.60075944E-01     3.89200000E-06     6.42541000E-05     5.82550000E-06
    8.60000000E+03     9.60000000E+01     7.01378842E-02     1.43097650E+00     4.20589400E-04     1.25287576E-01     1.92018758E+00     1.87506174E-01     4.32520000E-06     6.63088000E-05     6.47310000E-06
    8.60000000E+03     9.85000000E+01     7.19643918E-02     1.43097650E+00     4.20589400E-04     1.46177914E-01     2.08521594E+00     2.18744652E-01     4.79360000E-06     6.83993000E-05     7.17320000E-06
    8.60000000E+03     1.01000000E+02     7.37908992E-02     1.43097650E+00     4.20589400E-04     1.69893874E-01     2.26060716E+00     2.54202720E-01     5.29900000E-06     7.05276000E-05     7.92860000E-06
    8.60000000E+03     1.03500000E+02     7.56174068E-02     1.43097650E+00     4.20589400E-04     1.96733304E-01     2.44685378E+00     2.94324092E-01     5.84340000E-06     7.26954000E-05     8.74200000E-06
    8.60000000E+03     1.06000000E+02     7.74439142E-02     1.43097650E+00     4.20589400E-04     2.27017000E-01     2.64447126E+00     3.39586502E-01     6.42870000E-06     7.49047000E-05     9.61650000E-06
    8.60000000E+03     1.08500000E+02     7.92704214E-02     1.43097650E+00     4.20589400E-04     2.61089874E-01     2.85399984E+00     3.90503424E-01     7.05690000E-06     7.71576000E-05     1.05548000E-05
    8.60000000E+03     1.11000000E+02     8.10969288E-02     1.43097650E+00     4.20589400E-04     2.99322116E-01     3.07600492E+00     4.47625756E-01     7.73010000E-06     7.94562000E-05     1.15601000E-05
    8.60000000E+03     1.13500000E+02     8.29234362E-02     1.43097650E+00     4.20589400E-04     3.42110372E-01     3.31107870E+00     5.11543554E-01     8.45030000E-06     8.18025000E-05     1.26354000E-05
    8.60000000E+03     1.16000000E+02     8.47499438E-02     1.43097650E+00     4.20589400E-04     3.89879084E-01     3.55984174E+00     5.82887958E-01     9.21970000E-06     8.41987000E-05     1.37840000E-05
    8.60000000E+03     1.18500000E+02     8.65764512E-02     1.43097650E+00     4.20589400E-04     4.43081590E-01     3.82294330E+00     6.62332846E-01     1.00406000E-05     8.66471000E-05     1.50090000E-05
    8.60000000E+03     1.21000000E+02     8.84029586E-02     1.43097650E+00     4.20589400E-04     5.02201602E-01     4.10106372E+00     7.50596930E-01     1.09150000E-05     8.91498000E-05     1.63137000E-05
    8.60000000E+03     1.23500000E+02     9.02294658E-02     1.43097650E+00     4.20589400E-04     5.67754366E-01     4.39491490E+00     8.48445476E-01     1.18454000E-05     9.17092000E-05     1.77016000E-05
    8.60000000E+03     1.26000000E+02     9.20559732E-02     1.43097650E+00     4.20589400E-04     6.40288080E-01     4.70524220E+00     9.56692356E-01     1.28340000E-05     9.43276000E-05     1.91760000E-05
    8.60000000E+03     1.28500000E+02     9.38824808E-02     1.43097650E+00     4.20589400E-04     7.20385286E-01     5.03282528E+00     1.07620204E+00     1.38832000E-05     9.70074000E-05     2.07405000E-05
    8.60000000E+03     1.31000000E+02     9.57089882E-02     1.43097650E+00     4.20589400E-04     8.08664214E-01     5.37848022E+00     1.20789158E+00     1.49955000E-05     9.97511000E-05     2.23986000E-05
    8.60000000E+03     1.33500000E+02     9.75354958E-02     1.43097650E+00     4.20589400E-04     9.05780362E-01     5.74306054E+00     1.35273290E+00     1.61734000E-05     1.02561100E-04     2.41541000E-05
    8.60000000E+03     1.36000000E+02     9.93620036E-02     1.43097650E+00     4.20589400E-04     1.01242764E+00     6.12745824E+00     1.51175438E+00     1.74193000E-05     1.05440000E-04     2.60105000E-05
    8.60000000E+03     1.38500000E+02     1.01188510E-01     1.43097650E+00     4.20589400E-04     1.12934024E+00     6.53260596E+00     1.68604356E+00     1.87359000E-05     1.08390500E-04     2.79716000E-05
    8.60000000E+03     1.41000000E+02     1.03015018E-01     1.43097650E+00     4.20589400E-04     1.25729392E+00     6.95947872E+00     1.87674910E+00     2.01257000E-05     1.11415000E-04     3.00414000E-05
    8.60000000E+03     1.43500000E+02     1.04841526E-01     1.43097650E+00     4.20589400E-04     1.39710760E+00     7.40909484E+00     2.08508290E+00     2.15914000E-05     1.14516400E-04     3.22237000E-05
    8.60000000E+03     1.46000000E+02     1.06668032E-01     1.43097650E+00     4.20589400E-04     1.54964500E+00     7.88251738E+00     2.31232262E+00     2.31358000E-05     1.17697300E-04     3.45224000E-05
    8.60000000E+03     1.48500000E+02     1.08494540E-01     1.43097650E+00     4.20589400E-04     1.71581598E+00     8.38085606E+00     2.55981340E+00     2.47616000E-05     1.20960600E-04     3.69417000E-05
    8.60000000E+03     1.51000000E+02     1.10321048E-01     1.43097650E+00     4.20589400E-04     1.89657870E+00     8.90526960E+00     2.82897124E+00     2.64717000E-05     1.24308900E-04     3.94856000E-05
    8.60000000E+03     1.53500000E+02     1.12147554E-01     1.43097650E+00     4.20589400E-04     2.09294066E+00     9.45696630E+00     3.12128406E+00     2.82688000E-05     1.27745400E-04     4.21584000E-05
    8.60000000E+03     1.56000000E+02     1.13974062E-01     1.43097650E+00     4.20589400E-04     2.30596062E+00     1.00372053E+01     3.43831488E+00     3.01559000E-05     1.31272700E-04     4.49642000E-05
    8.60000000E+03     1.58500000E+02     1.15800570E-01     1.43097650E+00     4.20589400E-04     2.53675080E+00     1.06473012E+01     3.78170468E+00     3.21360000E-05     1.34894000E-04     4.79073000E-05
    8.60000000E+03     1.61000000E+02     1.17627078E-01     1.43097650E+00     4.20589400E-04     2.78647768E+00     1.12886214E+01     4.15317356E+00     3.42120000E-05     1.38612200E-04     5.09921000E-05
    8.60000000E+03     1.63500000E+02     1.19453584E-01     1.43097650E+00     4.20589400E-04     3.05636450E+00     1.19625916E+01     4.55452430E+00     3.63870000E-05     1.42430500E-04     5.42231000E-05
    8.60000000E+03     1.66000000E+02     1.21280090E-01     1.43097650E+00     4.20589400E-04     3.34769300E+00     1.26706966E+01     4.98764496E+00     3.86642000E-05     1.46351800E-04     5.76048000E-05
    8.60000000E+03     1.68500000E+02     1.23106600E-01     1.43097650E+00     4.20589400E-04     3.66180516E+00     1.34144812E+01     5.45451110E+00     4.10466000E-05     1.50379500E-04     6.11417000E-05
    8.60000000E+03     1.71000000E+02     1.24933108E-01     1.43097650E+00     4.20589400E-04     4.00010378E+00     1.41955504E+01     5.95718662E+00     4.35374000E-05     1.54516600E-04     6.48384000E-05
    8.60000000E+03     1.73500000E+02     1.26759614E-01     1.43097650E+00     4.20589400E-04     4.36405762E+00     1.50155780E+01     6.49783134E+00     4.61399000E-05     1.58766500E-04     6.86997000E-05
    8.60000000E+03     1.76000000E+02     1.28586120E-01     1.43097650E+00     4.20589400E-04     4.75519980E+00     1.58763016E+01     7.07869820E+00     4.88574000E-05     1.63132400E-04     7.27303000E-05
    8.60000000E+03     1.78500000E+02     1.30412630E-01     1.43097650E+00     4.20589400E-04     5.17513122E+00     1.67795266E+01     7.70213852E+00     5.16932000E-05     1.67617800E-04     7.69350000E-05
    8.60000000E+03     1.81000000E+02     1.32239136E-01     1.43097650E+00     4.20589400E-04     5.62552282E+00     1.77271278E+01     8.37060484E+00     5.46508000E-05     1.72226000E-04     8.13187000E-05
    8.60000000E+03     1.83500000E+02     1.34065644E-01     1.43097650E+00     4.20589400E-04     6.10811768E+00     1.87210538E+01     9.08665410E+00     5.77334000E-05     1.76960400E-04     8.58864000E-05
    8.60000000E+03     1.86000000E+02     1.35892150E-01     1.43097650E+00     4.20589400E-04     6.62473182E+00     1.97633276E+01     9.85294854E+00     6.09447000E-05     1.81824600E-04     9.06430000E-05
    8.60000000E+03     1.88500000E+02     1.37718660E-01     1.43097650E+00     4.20589400E-04     7.17725740E+00     2.08560476E+01     1.06722602E+01     6.42881000E-05     1.86822100E-04     9.55936000E-05
    8.60000000E+03     1.91000000E+02     1.39545166E-01     1.43097650E+00     4.20589400E-04     7.76766464E+00     2.20013896E+01     1.15474736E+01     6.77673000E-05     1.91956500E-04     1.00743500E-04
    8.60000000E+03     1.93500000E+02     1.41371672E-01     1.43097650E+00     4.20589400E-04     8.39800344E+00     2.32016132E+01     1.24815880E+01     7.13858000E-05     1.97231500E-04     1.06097700E-04
    8.60000000E+03     1.96000000E+02     1.43198180E-01     1.43097650E+00     4.20589400E-04     9.07040572E+00     2.44590550E+01     1.34777206E+01     7.51474000E-05     2.02650600E-04     1.11661600E-04
    8.60000000E+03     1.98500000E+02     1.45024690E-01     1.43097650E+00     4.20589400E-04     9.78708808E+00     2.57761418E+01     1.45391106E+01     7.90557000E-05     2.08217800E-04     1.17440400E-04
    8.60000000E+03     2.01000000E+02     1.46851196E-01     1.43097650E+00     4.20589400E-04     1.05503534E+01     2.71553854E+01     1.56691204E+01     8.31145000E-05     2.13936600E-04     1.23439600E-04
    8.60000000E+03     2.03500000E+02     1.48677702E-01     1.43097650E+00     4.20589400E-04     1.13625932E+01     2.85993840E+01     1.68712392E+01     8.73276000E-05     2.19811100E-04     1.29664600E-04
    8.60000000E+03     2.06000000E+02     1.50504210E-01     1.43097650E+00     4.20589400E-04     1.22262892E+01     3.01108312E+01     1.81490862E+01     9.16989000E-05     2.25845000E-04     1.36120800E-04
    8.60000000E+03     2.08500000E+02     1.52330718E-01     1.43097650E+00     4.20589400E-04     1.31440186E+01     3.16925146E+01     1.95064164E+01     9.62324000E-05     2.32042300E-04     1.42814000E-04
    8.60000000E+03     2.11000000E+02     1.54157226E-01     1.43097650E+00     4.20589400E-04     1.41184510E+01     3.33473120E+01     2.09471176E+01     1.00931900E-04     2.38406900E-04     1.49749600E-04
    8.60000000E+03     2.13500000E+02     1.55983732E-01     1.43097650E+00     4.20589400E-04     1.51523558E+01     3.50782062E+01     2.24752194E+01     1.05801500E-04     2.44943000E-04     1.56933500E-04
    8.60000000E+03     2.16000000E+02     1.57810240E-01     1.43097650E+00     4.20589400E-04     1.62486026E+01     3.68882776E+01     2.40948928E+01     1.10845200E-04     2.51654400E-04     1.64371300E-04
    8.60000000E+03     2.18500000E+02     1.59636748E-01     1.43097650E+00     4.20589400E-04     1.74101632E+01     3.87807090E+01     2.58104564E+01     1.16067100E-04     2.58545500E-04     1.72068800E-04
    8.60000000E+03     2.21000000E+02     1.61463254E-01     1.43097650E+00     4.20589400E-04     1.86401142E+01     4.07587908E+01     2.76263764E+01     1.21471400E-04     2.65620300E-04     1.80032000E-04
    8.60000000E+03     2.23500000E+02     1.63289762E-01     1.43097650E+00     4.20589400E-04     1.99416402E+01     4.28259200E+01     2.95472730E+01     1.27062300E-04     2.72883000E-04     1.88266700E-04
    8.60000000E+03     2.26000000E+02     1.65116270E-01     1.43097650E+00     4.20589400E-04     2.13180348E+01     4.49856062E+01     3.15779198E+01     1.32844100E-04     2.80337900E-04     1.96779000E-04
    8.60000000E+03     2.28500000E+02     1.66942778E-01     1.43097650E+00     4.20589400E-04     2.27727046E+01     4.72414678E+01     3.37232524E+01     1.38820900E-04     2.87989400E-04     2.05574800E-04
    8.60000000E+03     2.31000000E+02     1.68769284E-01     1.43097650E+00     4.20589400E-04     2.43091708E+01     4.95972378E+01     3.59883652E+01     1.44997200E-04     2.95841700E-04     2.14660400E-04
    8.60000000E+03     2.33500000E+02     1.70595790E-01     1.43097650E+00     4.20589400E-04     2.59310746E+01     5.20567826E+01     3.83785256E+01     1.51377400E-04     3.03899300E-04     2.24041800E-04
    8.60000000E+03     2.36000000E+02     1.72422300E-01     1.43097650E+00     4.20589400E-04     2.76421720E+01     5.46240616E+01     4.08991596E+01     1.57965800E-04     3.12166600E-04     2.33725200E-04
    8.60000000E+03     2.38500000E+02     1.74248808E-01     1.43097650E+00     4.20589400E-04     2.94463478E+01     5.73031866E+01     4.35558764E+01     1.64767100E-04     3.20648200E-04     2.43717100E-04
    8.60000000E+03     2.41000000E+02     1.76075314E-01     1.43097650E+00     4.20589400E-04     3.13476090E+01     6.00983744E+01     4.63544564E+01     1.71785600E-04     3.29348500E-04     2.54023600E-04
    8.60000000E+03     2.43500000E+02     1.77901820E-01     1.43097650E+00     4.20589400E-04     3.33500876E+01     6.30139776E+01     4.93008558E+01     1.79026000E-04     3.38272200E-04     2.64651200E-04
    8.60000000E+03     2.46000000E+02     1.79728330E-01     1.43097650E+00     4.20589400E-04     3.54580520E+01     6.60544814E+01     5.24012216E+01     1.86493000E-04     3.47424000E-04     2.75606400E-04
    8.60000000E+03     2.48500000E+02     1.81554836E-01     1.43097650E+00     4.20589400E-04     3.76759028E+01     6.92245078E+01     5.56618860E+01     1.94191100E-04     3.56808400E-04     2.86895500E-04
    8.60000000E+03     2.52250000E+02     1.84294597E-01     1.43097650E+00     4.20589400E-04     4.12338549E+01     7.42505390E+01     6.08898721E+01     2.06212500E-04     3.71362300E-04     3.04513800E-04
    8.60000000E+03     2.57250000E+02     1.87947613E-01     1.43097650E+00     4.20589400E-04     4.63868910E+01     8.14284785E+01     6.84563481E+01     2.23055400E-04     3.91587100E-04     3.29179000E-04
    8.60000000E+03     2.62250000E+02     1.91600626E-01     1.43097650E+00     4.20589400E-04     5.20657767E+01     8.92147652E+01     7.67878932E+01     2.40909700E-04     4.12829600E-04     3.55300300E-04
    8.60000000E+03     2.67250000E+02     1.95253643E-01     1.43097650E+00     4.20589400E-04     5.83125986E+01     9.76532723E+01     8.59447475E+01     2.59815000E-04     4.35129500E-04     3.82932300E-04
    8.60000000E+03     2.72250000E+02     1.98906656E-01     1.43097650E+00     4.20589400E-04     6.51719141E+01     1.06790339E+02     9.59905680E+01     2.79811800E-04     4.58527600E-04     4.12130800E-04
    8.60000000E+03     2.77250000E+02     2.02559672E-01     1.43097650E+00     4.20589400E-04     7.26908529E+01     1.16674899E+02     1.06992562E+02     3.00941400E-04     4.83065000E-04     4.42951900E-04
    8.60000000E+03     2.82250000E+02     2.06212686E-01     1.43097650E+00     4.20589400E-04     8.09192100E+01     1.27358549E+02     1.19021602E+02     3.23245600E-04     5.08783900E-04     4.75453100E-04
    8.60000000E+03     2.87250000E+02     2.09865701E-01     1.43097650E+00     4.20589400E-04     8.99095501E+01     1.38895681E+02     1.32152351E+02     3.46767300E-04     5.35727300E-04     5.09692400E-04
    8.60000000E+03     2.92250000E+02     2.13518716E-01     1.43097650E+00     4.20589400E-04     9.97173049E+01     1.51343541E+02     1.46463399E+02     3.71550000E-04     5.63938500E-04     5.45728600E-04
    8.60000000E+03     2.97250000E+02     2.17171731E-01     1.43097650E+00     4.20589400E-04     1.10400871E+02     1.64762379E+02     1.62037359E+02     3.97637800E-04     5.93462100E-04     5.83621400E-04
    8.60000000E+03     3.02250000E+02     2.20824745E-01     1.43097650E+00     4.20589400E-04     1.22021736E+02     1.79215517E+02     1.78961050E+02     4.25075900E-04     6.24343200E-04     6.23431400E-04
    8.60000000E+03     3.07250000E+02     2.24477761E-01     1.43097650E+00     4.20589400E-04     1.34644539E+02     1.94769471E+02     1.97325544E+02     4.53909900E-04     6.56627600E-04     6.65219800E-04
    8.60000000E+03     3.12250000E+02     2.28130775E-01     1.43097650E+00     4.20589400E-04     1.48337222E+02     2.11494064E+02     2.17226356E+02     4.84186500E-04     6.90362100E-04     7.09048500E-04
    8.60000000E+03     3.17250000E+02     2.31783790E-01     1.43097650E+00     4.20589400E-04     1.63171133E+02     2.29462498E+02     2.38763581E+02     5.15952900E-04     7.25593900E-04     7.54980500E-04
    8.60000000E+03     3.22250000E+02     2.35436805E-01     1.43097650E+00     4.20589400E-04     1.79221103E+02     2.48751521E+02     2.62041966E+02     5.49257200E-04     7.62371400E-04     8.03079200E-04
    8.60000000E+03     3.27250000E+02     2.39089819E-01     1.43097650E+00     4.20589400E-04     1.96565608E+02     2.69441524E+02     2.87171108E+02     5.84148200E-04     8.00743400E-04     8.53408900E-04
    8.60000000E+03     3.32250000E+02     2.42742835E-01     1.43097650E+00     4.20589400E-04     2.15286829E+02     2.91616583E+02     3.14265516E+02     6.20675500E-04     8.40759600E-04     9.06034500E-04
    8.60000000E+03     3.37250000E+02     2.46395849E-01     1.43097650E+00     4.20589400E-04     2.35470827E+02     3.15364704E+02     3.43444839E+02     6.58889300E-04     8.82470400E-04     9.61021700E-04
    8.60000000E+03     3.42250000E+02     2.50048864E-01     1.43097650E+00     4.20589400E-04     2.57207596E+02     3.40777823E+02     3.74833880E+02     6.98840700E-04     9.25927000E-04     1.01843680E-03
    8.60000000E+03     3.47250000E+02     2.53701879E-01     1.43097650E+00     4.20589400E-04     2.80591249E+02     3.67952005E+02     4.08562848E+02     7.40581500E-04     9.71181300E-04     1.07834700E-03
    8.60000000E+03     3.52250000E+02     2.57354894E-01     1.43097650E+00     4.20589400E-04     3.05720111E+02     3.96987550E+02     4.44767460E+02     7.84164500E-04     1.01828610E-03     1.14081980E-03
    8.60000000E+03     3.57250000E+02     2.61007908E-01     1.43097650E+00     4.20589400E-04     3.32696788E+02     4.27989033E+02     4.83588965E+02     8.29642700E-04     1.06729460E-03     1.20592350E-03
    8.60000000E+03     3.62250000E+02     2.64660924E-01     1.43097650E+00     4.20589400E-04     3.61628409E+02     4.61065596E+02     5.25174491E+02     8.77070400E-04     1.11826120E-03     1.27372720E-03
    8.60000000E+03     3.67250000E+02     2.68313937E-01     1.43097650E+00     4.20589400E-04     3.92626632E+02     4.96330875E+02     5.69676976E+02     9.26502300E-04     1.17124070E-03     1.34430030E-03
    8.60000000E+03     3.72250000E+02     2.71966954E-01     1.43097650E+00     4.20589400E-04     4.25807854E+02     5.33903303E+02     6.17255453E+02     9.77994000E-04     1.22628890E-03     1.41771310E-03
    8.60000000E+03     3.77250000E+02     2.75619967E-01     1.43097650E+00     4.20589400E-04     4.61293288E+02     5.73906129E+02     6.68075075E+02     1.03160190E-03     1.28346220E-03     1.49403630E-03
    8.60000000E+03     3.82250000E+02     2.79272983E-01     1.43097650E+00     4.20589400E-04     4.99209150E+02     6.16467580E+02     7.22307370E+02     1.08738290E-03     1.34281760E-03     1.57334110E-03
    8.60000000E+03     3.87250000E+02     2.82925997E-01     1.43097650E+00     4.20589400E-04     5.39686731E+02     6.61721061E+02     7.80130272E+02     1.14539490E-03     1.40441330E-03     1.65569960E-03
    8.60000000E+03     3.92250000E+02     2.86579013E-01     1.43097650E+00     4.20589400E-04     5.82862557E+02     7.09805164E+02     8.41728295E+02     1.20569640E-03     1.46830770E-03     1.74118390E-03
    8.60000000E+03     3.97250000E+02     2.90232026E-01     1.43097650E+00     4.20589400E-04     6.28878564E+02     7.60863868E+02     9.07292735E+02     1.26834680E-03     1.53456030E-03     1.82986710E-03
    8.60000000E+03     4.02250000E+02     2.93885043E-01     1.43097650E+00     4.20589400E-04     6.77882169E+02     8.15046709E+02     9.77021698E+02     1.33340600E-03     1.60323110E-03     1.92182260E-03
    8.60000000E+03     4.07250000E+02     2.97538056E-01     1.43097650E+00     4.20589400E-04     7.30026404E+02     8.72508806E+02     1.05112027E+03     1.40093470E-03     1.67438110E-03     2.01712420E-03
    8.60000000E+03     4.12250000E+02     3.01191072E-01     1.43097650E+00     4.20589400E-04     7.85470175E+02     9.33411224E+02     1.12980074E+03     1.47099450E-03     1.74807170E-03     2.11584630E-03
    8.60000000E+03     4.17250000E+02     3.04844086E-01     1.43097650E+00     4.20589400E-04     8.44378273E+02     9.97921014E+02     1.21328265E+03     1.54364770E-03     1.82436580E-03     2.21806370E-03
    8.60000000E+03     4.22250000E+02     3.08497101E-01     1.43097650E+00     4.20589400E-04     9.06921569E+02     1.06621088E+03     1.30179297E+03     1.61895710E-03     1.90332560E-03     2.32385170E-03
    8.60000000E+03     4.27250000E+02     3.12150116E-01     1.43097650E+00     4.20589400E-04     9.73277130E+02     1.13846043E+03     1.39556611E+03     1.69698630E-03     1.98501550E-03     2.43328580E-03
    8.60000000E+03     4.32250000E+02     3.15803131E-01     1.43097650E+00     4.20589400E-04     1.04362845E+03     1.21485505E+03     1.49484430E+03     1.77780000E-03     2.06949980E-03     2.54644220E-03
    8.60000000E+03     4.37250000E+02     3.19456145E-01     1.43097650E+00     4.20589400E-04     1.11816550E+03     1.29558721E+03     1.59987752E+03     1.86146310E-03     2.15684390E-03     2.66339730E-03
    8.60000000E+03     4.42250000E+02     3.23109161E-01     1.43097650E+00     4.20589400E-04     1.19708495E+03     1.38085549E+03     1.71092374E+03     1.94804150E-03     2.24711350E-03     2.78422790E-03
    8.60000000E+03     4.47250000E+02     3.26762175E-01     1.43097650E+00     4.20589400E-04     1.28059018E+03     1.47086559E+03     1.82824884E+03     2.03760170E-03     2.34037520E-03     2.90901080E-03
    8.60000000E+03     4.52250000E+02     3.30415190E-01     1.43097650E+00     4.20589400E-04     1.36889172E+03     1.56583044E+03     1.95212726E+03     2.13021120E-03     2.43669680E-03     3.03782380E-03
    8.60000000E+03     4.57250000E+02     3.34068205E-01     1.43097650E+00     4.20589400E-04     1.46220711E+03     1.66596966E+03     2.08284145E+03     2.22593790E-03     2.53614610E-03     3.17074460E-03
    8.60000000E+03     4.62250000E+02     3.37721219E-01     1.43097650E+00     4.20589400E-04     1.56076117E+03     1.77151043E+03     2.22068255E+03     2.32485040E-03     2.63879210E-03     3.30785100E-03
    8.60000000E+03     4.67250000E+02     3.41374235E-01     1.43097650E+00     4.20589400E-04     1.66478616E+03     1.88268719E+03     2.36595014E+03     2.42701830E-03     2.74470400E-03     3.44922140E-03
    8.60000000E+03     4.72250000E+02     3.45027249E-01     1.43097650E+00     4.20589400E-04     1.77452196E+03     1.99974234E+03     2.51895265E+03     2.53251160E-03     2.85395240E-03     3.59493430E-03
    8.60000000E+03     4.77250000E+02     3.48680264E-01     1.43097650E+00     4.20589400E-04     1.89021626E+03     2.12292569E+03     2.68000741E+03     2.64140120E-03     2.96660790E-03     3.74506840E-03
    8.60000000E+03     4.82250000E+02     3.52333279E-01     1.43097650E+00     4.20589400E-04     2.01212443E+03     2.25249513E+03     2.84944048E+03     2.75375840E-03     3.08274240E-03     3.89970260E-03
    8.60000000E+03     4.87250000E+02     3.55986294E-01     1.43097650E+00     4.20589400E-04     2.14051025E+03     2.38871650E+03     3.02758735E+03     2.86965580E-03     3.20242790E-03     4.05891610E-03
    8.60000000E+03     4.92250000E+02     3.59639308E-01     1.43097650E+00     4.20589400E-04     2.27564563E+03     2.53186428E+03     3.21479274E+03     2.98916620E-03     3.32573770E-03     4.22278820E-03
    8.60000000E+03     4.97250000E+02     3.63292324E-01     1.43097650E+00     4.20589400E-04     2.41781061E+03     2.68222093E+03     3.41141023E+03     3.11236290E-03     3.45274540E-03     4.39139800E-03
    8.60000000E+03     5.12250000E+02     3.74251368E-01     1.43097650E+00     4.20589400E-04     2.89765605E+03     3.18792970E+03     4.07234402E+03     3.50880670E-03     3.86070280E-03     4.93150670E-03
    8.60000000E+03     5.37250000E+02     3.92516442E-01     1.43097650E+00     4.20589400E-04     3.85469705E+03     4.19158518E+03     5.38187708E+03     4.24408810E-03     4.61539020E-03     5.92584830E-03
    8.60000000E+03     5.62250000E+02     4.10781516E-01     1.43097650E+00     4.20589400E-04     5.06144411E+03     5.44998253E+03     7.01811232E+03     5.08889870E-03     5.47991090E-03     7.05654900E-03
    8.60000000E+03     5.87250000E+02     4.29046590E-01     1.43097650E+00     4.20589400E-04     6.56727712E+03     7.01282411E+03     9.04041917E+03     6.05342640E-03     6.46446330E-03     8.33349620E-03
    8.60000000E+03     6.12250000E+02     4.47311664E-01     1.43097650E+00     4.20589400E-04     8.42844873E+03     8.93669522E+03     1.15149389E+04     7.14824320E-03     7.57962930E-03     9.76643660E-03
    8.60000000E+03     6.37250000E+02     4.65576738E-01     1.43097650E+00     4.20589400E-04     1.07086467E+04     1.12856269E+04     1.45147975E+04     8.38428490E-03     8.83635380E-03     1.13648923E-02
    8.60000000E+03     6.62250000E+02     4.83841812E-01     1.43097650E+00     4.20589400E-04     1.34795627E+04     1.41316640E+04     1.81202533E+04     9.77282770E-03     1.02459216E-02     1.31380739E-02
    8.60000000E+03     6.87250000E+02     5.02106886E-01     1.43097650E+00     4.20589400E-04     1.68214617E+04     1.75554362E+04     2.24187695E+04     1.13254613E-02     1.18199304E-02     1.50947887E-02
    8.60000000E+03     7.12250000E+02     5.20371960E-01     1.43097650E+00     4.20589400E-04     2.08237455E+04     2.16467189E+04     2.75049959E+04     1.30540565E-02     1.35702573E-02     1.72433413E-02
    8.60000000E+03     7.37250000E+02     5.38637034E-01     1.43097650E+00     4.20589400E-04     2.55855135E+04     2.65049971E+04     3.34806640E+04     1.49707330E-02     1.55090294E-02     1.95914376E-02
    8.60000000E+03     7.62250000E+02     5.56902108E-01     1.43097650E+00     4.20589400E-04     3.12160984E+04     3.22399967E+04     4.04543598E+04     1.70878180E-02     1.76485784E-02     2.21460743E-02
    8.60000000E+03     7.87250000E+02     5.75167183E-01     1.43097650E+00     4.20589400E-04     3.78355841E+04     3.89722055E+04     4.85411838E+04     1.94178023E-02     2.00013999E-02     2.49134321E-02
    8.60000000E+03     8.12250000E+02     5.93432257E-01     1.43097650E+00     4.20589400E-04     4.55752971E+04     4.68333627E+04     5.78622851E+04     2.19732947E-02     2.25801062E-02     2.78987636E-02
    8.60000000E+03     8.37250000E+02     6.11697331E-01     1.43097650E+00     4.20589400E-04     5.45782474E+04     5.59668974E+04     6.85442360E+04     2.47669646E-02     2.53973684E-02     3.11062742E-02
    8.60000000E+03     8.62250000E+02     6.29962405E-01     1.43097650E+00     4.20589400E-04     6.49995346E+04     6.65283425E+04     8.07182688E+04     2.78114870E-02     2.84658650E-02     3.45390051E-02
    8.60000000E+03     8.87250000E+02     6.48227479E-01     1.43097650E+00     4.20589400E-04     7.70066851E+04     7.86856598E+04     9.45193347E+04     3.11194755E-02     3.17982098E-02     3.81987099E-02
    8.60000000E+03     9.12250000E+02     6.66492553E-01     1.43097650E+00     4.20589400E-04     9.07799247E+04     9.26195145E+04     1.10084986E+05     3.47034138E-02     3.54068844E-02     4.20857303E-02
    8.60000000E+03     9.37250000E+02     6.84757627E-01     1.43097650E+00     4.20589400E-04     1.06512385E+05     1.08523491E+05     1.27554099E+05     3.85755840E-02     3.93041713E-02     4.61988772E-02
    8.60000000E+03     9.62250000E+02     7.03022701E-01     1.43097650E+00     4.20589400E-04     1.24410201E+05     1.26604171E+05     1.47065364E+05     4.27479855E-02     4.35020639E-02     5.05353043E-02
    8.60000000E+03     9.87250000E+02     7.21287775E-01     1.43097650E+00     4.20589400E-04     1.44692532E+05     1.47081178E+05     1.68755616E+05     4.72322519E-02     4.80121954E-02     5.50903884E-02
    8.60000000E+03     1.01225000E+03     7.39552849E-01     1.43097650E+00     4.20589400E-04     1.67591449E+05     1.70187046E+05     1.92757942E+05     5.20395622E-02     5.28457403E-02     5.98576112E-02
    8.60000000E+03     1.03725000E+03     7.57817923E-01     1.43097650E+00     4.20589400E-04     1.93351723E+05     1.96166997E+05     2.19199590E+05     5.71805487E-02     5.80133219E-02     6.48284457E-02
    8.60000000E+03     1.06225000E+03     7.76082997E-01     1.43097650E+00     4.20589400E-04     2.22230476E+05     2.25278623E+05     2.48199693E+05     6.26652039E-02     6.35249273E-02     6.99922535E-02
    8.60000000E+03     1.08725000E+03     7.94348072E-01     1.43097650E+00     4.20589400E-04     2.54496725E+05     2.57791408E+05     2.79866811E+05     6.85027893E-02     6.93898109E-02     7.53361940E-02
    8.60000000E+03     1.11225000E+03     8.12613146E-01     1.43097650E+00     4.20589400E-04     2.90430713E+05     2.93986055E+05     3.14296243E+05     7.47017258E-02     7.56163844E-02     8.08451268E-02
    8.60000000E+03     1.13725000E+03     8.30878220E-01     1.43097650E+00     4.20589400E-04     3.30323200E+05     3.34153782E+05     3.51567254E+05     8.12695120E-02     8.22121350E-02     8.65015569E-02
    8.60000000E+03     1.16225000E+03     8.49143294E-01     1.43097650E+00     4.20589400E-04     3.74474525E+05     3.78595407E+05     3.91740104E+05     8.82126212E-02     8.91835310E-02     9.22855731E-02
    8.60000000E+03     1.18725000E+03     8.67408368E-01     1.43097650E+00     4.20589400E-04     4.23193552E+05     4.27620222E+05     4.34852977E+05     9.55364120E-02     9.65359124E-02     9.81748140E-02
    8.60000000E+03     1.21225000E+03     8.85673442E-01     1.43097650E+00     4.20589400E-04     4.76796526E+05     4.81544949E+05     4.80918881E+05     1.03245050E-01     1.04273440E-01     1.04144466E-01
    8.60000000E+03     1.23725000E+03     9.03938516E-01     1.43097650E+00     4.20589400E-04     5.35605709E+05     5.40692312E+05     5.29922423E+05     1.11341423E-01     1.12398990E-01     1.10167266E-01
    8.60000000E+03     1.26225000E+03     9.22203590E-01     1.43097650E+00     4.20589400E-04     5.99948053E+05     6.05389672E+05     5.81816740E+05     1.19827091E-01     1.20914104E-01     1.16213561E-01
    8.60000000E+03     1.28725000E+03     9.40468664E-01     1.43097650E+00     4.20589400E-04     6.70153585E+05     6.75967563E+05     6.36520305E+05     1.28702210E-01     1.29818936E-01     1.22251363E-01
    8.60000000E+03     1.31225000E+03     9.58733738E-01     1.43097650E+00     4.20589400E-04     7.46553929E+05     7.52758040E+05     6.93914043E+05     1.37965512E-01     1.39112205E-01     1.28246469E-01
    8.60000000E+03     1.33725000E+03     9.76998812E-01     1.43097650E+00     4.20589400E-04     8.29480703E+05     8.36093140E+05     7.53838593E+05     1.47614284E-01     1.48791182E-01     1.34162611E-01
    8.60000000E+03     1.36225000E+03     9.95263895E-01     1.43097650E+00     4.20589400E-04     9.19263957E+05     9.26303416E+05     8.16091837E+05     1.57644370E-01     1.58851711E-01     1.39961631E-01
    8.60000000E+03     1.38725000E+03     1.01352895E+00     1.43097650E+00     4.20589400E-04     1.01623055E+06     1.02371614E+06     8.80426677E+05     1.68050177E-01     1.69288183E-01     1.45603693E-01
    8.60000000E+03     1.41225000E+03     1.03179405E+00     1.43097650E+00     4.20589400E-04     1.12070283E+06     1.12865420E+06     9.46549480E+05     1.78824745E-01     1.80093640E-01     1.51047565E-01
    8.60000000E+03     1.43725000E+03     1.05005911E+00     1.43097650E+00     4.20589400E-04     1.23299733E+06     1.24143458E+06     1.01411885E+06     1.89959811E-01     1.91259818E-01     1.56250912E-01
    8.60000000E+03     1.46225000E+03     1.06832418E+00     1.43097650E+00     4.20589400E-04     1.35342372E+06     1.36236741E+06     1.08274510E+06     2.01445923E-01     2.02777247E-01     1.61170646E-01
    8.60000000E+03     1.48725000E+03     1.08658925E+00     1.43097650E+00     4.20589400E-04     1.48228403E+06     1.49175531E+06     1.15199036E+06     2.13272559E-01     2.14635423E-01     1.65763302E-01
    8.60000000E+03     1.51225000E+03     1.10485434E+00     1.43097650E+00     4.20589400E-04     1.61987223E+06     1.62989281E+06     1.22136952E+06     2.25428312E-01     2.26822940E-01     1.69985475E-01
    8.60000000E+03     1.53725000E+03     1.12311941E+00     1.43097650E+00     4.20589400E-04     1.76647417E+06     1.77706628E+06     1.29035195E+06     2.37901064E-01     2.39327682E-01     1.73794261E-01
    8.60000000E+03     1.56225000E+03     1.14138447E+00     1.43097650E+00     4.20589400E-04     1.92236816E+06     1.93355471E+06     1.35836429E+06     2.50678249E-01     2.52137098E-01     1.77147772E-01
    8.60000000E+03     1.58725000E+03     1.15964955E+00     1.43097650E+00     4.20589400E-04     2.08782561E+06     2.09963026E+06     1.42479382E+06     2.63747053E-01     2.65238398E-01     1.80005614E-01
    8.60000000E+03     1.61225000E+03     1.17791464E+00     1.43097650E+00     4.20589400E-04     2.26311316E+06     2.27556015E+06     1.48899357E+06     2.77094769E-01     2.78618881E-01     1.82329477E-01
    8.60000000E+03     1.63725000E+03     1.19617970E+00     1.43097650E+00     4.20589400E-04     2.44849424E+06     2.46160874E+06     1.55028770E+06     2.90709043E-01     2.92266226E-01     1.84083656E-01
    8.60000000E+03     1.66225000E+03     1.21444477E+00     1.43097650E+00     4.20589400E-04     2.64423261E+06     2.65804054E+06     1.60797870E+06     3.04578270E-01     3.06168847E-01     1.85235661E-01
    8.60000000E+03     1.68725000E+03     1.23270985E+00     1.43097650E+00     4.20589400E-04     2.85059535E+06     2.86512379E+06     1.66135498E+06     3.18691879E-01     3.20316231E-01     1.85756747E-01
    8.60000000E+03     1.71225000E+03     1.25097493E+00     1.43097650E+00     4.20589400E-04     3.06785766E+06     3.08313456E+06     1.70970032E+06     3.33040756E-01     3.34699277E-01     1.85622541E-01
    8.60000000E+03     1.73725000E+03     1.26924000E+00     1.43097650E+00     4.20589400E-04     3.29630753E+06     3.31236203E+06     1.75230369E+06     3.47617563E-01     3.49310705E-01     1.84813566E-01
    8.60000000E+03     1.76225000E+03     1.28750506E+00     1.43097650E+00     4.20589400E-04     3.53625202E+06     3.55311447E+06     1.78847097E+06     3.62417182E-01     3.64145434E-01     1.83315854E-01
    8.60000000E+03     1.78725000E+03     1.30577015E+00     1.43097650E+00     4.20589400E-04     3.78802306E+06     3.80572506E+06     1.81753656E+06     3.77437001E-01     3.79200902E-01     1.81121412E-01
    8.60000000E+03     1.81225000E+03     1.32403523E+00     1.43097650E+00     4.20589400E-04     4.05198488E+06     4.07055977E+06     1.83887688E+06     3.92677314E-01     3.94477483E-01     1.78228773E-01
    8.60000000E+03     1.83725000E+03     1.34230029E+00     1.43097650E+00     4.20589400E-04     4.32854150E+06     4.34802383E+06     1.85192454E+06     4.08141648E-01     4.09978728E-01     1.74643463E-01
    8.60000000E+03     1.86225000E+03     1.36056536E+00     1.43097650E+00     4.20589400E-04     4.61814485E+06     4.63857111E+06     1.85618287E+06     4.23837071E-01     4.25711794E-01     1.70378430E-01
    8.60000000E+03     1.88725000E+03     1.37883045E+00     1.43097650E+00     4.20589400E-04     4.92130279E+06     4.94271113E+06     1.85124150E+06     4.39774435E-01     4.41687584E-01     1.65454416E-01
    8.60000000E+03     1.91225000E+03     1.39709552E+00     1.43097650E+00     4.20589400E-04     5.23858756E+06     5.26101808E+06     1.83679226E+06     4.55968592E-01     4.57921018E-01     1.59900304E-01
    8.60000000E+03     1.93725000E+03     1.41536059E+00     1.43097650E+00     4.20589400E-04     5.57064446E+06     5.59413923E+06     1.81264574E+06     4.72438581E-01     4.74431204E-01     1.53753402E-01
    8.60000000E+03     1.96225000E+03     1.43362565E+00     1.43097650E+00     4.20589400E-04     5.91819909E+06     5.94280215E+06     1.77874741E+06     4.89207655E-01     4.91241444E-01     1.47059612E-01
    8.60000000E+03     1.98725000E+03     1.45189075E+00     1.43097650E+00     4.20589400E-04     6.28206534E+06     6.30782292E+06     1.73519446E+06     5.06303330E-01     5.08379322E-01     1.39873607E-01
    8.60000000E+03     2.01225000E+03     1.47015582E+00     1.43097650E+00     4.20589400E-04     6.66315146E+06     6.69011211E+06     1.68225184E+06     5.23757270E-01     5.25876570E-01     1.32258847E-01
    8.60000000E+03     2.03725000E+03     1.48842088E+00     1.43097650E+00     4.20589400E-04     7.06246540E+06     7.09067989E+06     1.62036789E+06     5.41605102E-01     5.43768866E-01     1.24287568E-01
    8.60000000E+03     2.06225000E+03     1.50668595E+00     1.43097650E+00     4.20589400E-04     7.48111831E+06     7.51063943E+06     1.55018917E+06     5.59886117E-01     5.62095529E-01     1.16040622E-01
    8.60000000E+03     2.08725000E+03     1.52495105E+00     1.43097650E+00     4.20589400E-04     7.92032542E+06     7.95120808E+06     1.47257360E+06     5.78642787E-01     5.80899065E-01     1.07607224E-01
    8.60000000E+03     2.11225000E+03     1.54321611E+00     1.43097650E+00     4.20589400E-04     8.38140587E+06     8.41370742E+06     1.38860248E+06     5.97920273E-01     6.00224682E-01     9.90845893E-02
    8.60000000E+03     2.13725000E+03     1.56148118E+00     1.43097650E+00     4.20589400E-04     8.86577762E+06     8.89955707E+06     1.29958942E+06     6.17765642E-01     6.20119439E-01     9.05773849E-02
    8.60000000E+03     2.16225000E+03     1.57974625E+00     1.43097650E+00     4.20589400E-04     9.37495023E+06     9.41026840E+06     1.20708699E+06     6.38227034E-01     6.40631472E-01     8.21970656E-02
    8.60000000E+03     2.18725000E+03     1.59801134E+00     1.43097650E+00     4.20589400E-04     9.91051305E+06     9.94743238E+06     1.11288936E+06     6.59352636E-01     6.61808951E-01     7.40610039E-02
    8.60000000E+03     2.21225000E+03     1.61627641E+00     1.43097650E+00     4.20589400E-04     1.04741190E+07     1.05127030E+07     1.01903074E+06     6.81189483E-01     6.83698868E-01     6.62914415E-02
    8.60000000E+03     2.23725000E+03     1.63454147E+00     1.43097650E+00     4.20589400E-04     1.10674640E+07     1.11077773E+07     9.27778990E+05     7.03782199E-01     7.06345786E-01     5.90142481E-02
    8.60000000E+03     2.26225000E+03     1.65280655E+00     1.43097650E+00     4.20589400E-04     1.16922613E+07     1.17343688E+07     8.41622808E+05     7.27171501E-01     7.29790325E-01     5.23574283E-02
    8.60000000E+03     2.28725000E+03     1.67107164E+00     1.43097650E+00     4.20589400E-04     1.23502101E+07     1.23941766E+07     7.63252736E+05     7.51392623E-01     7.54067624E-01     4.64494335E-02
    8.60000000E+03     2.31225000E+03     1.68933670E+00     1.43097650E+00     4.20589400E-04     1.30429602E+07     1.30888498E+07     6.95534721E+05     7.76473733E-01     7.79205694E-01     4.14172404E-02
    8.60000000E+03     2.33725000E+03     1.70760177E+00     1.43097650E+00     4.20589400E-04     1.37720717E+07     1.38199473E+07     6.41475855E+05     8.02434235E-01     8.05223783E-01     3.73842196E-02
    8.60000000E+03     2.36225000E+03     1.72586685E+00     1.43097650E+00     4.20589400E-04     1.45389703E+07     1.45888933E+07     6.04181949E+05     8.29283065E-01     8.32130669E-01     3.44678101E-02
    8.60000000E+03     2.38725000E+03     1.74413193E+00     1.43097650E+00     4.20589400E-04     1.53449023E+07     1.53969310E+07     5.86807166E+05     8.57017252E-01     8.59923134E-01     3.27770543E-02
    8.60000000E+03     2.41225000E+03     1.76239700E+00     1.43097650E+00     4.20589400E-04     1.61908850E+07     1.62450745E+07     5.92495867E+05     8.85620394E-01     8.88584557E-01     3.24100310E-02
    8.60000000E+03     2.43725000E+03     1.78066206E+00     1.43097650E+00     4.20589400E-04     1.70776601E+07     1.71340615E+07     6.24317600E+05     9.15061554E-01     9.18083746E-01     3.34512604E-02
    8.60000000E+03     2.46225000E+03     1.79892715E+00     1.43097650E+00     4.20589400E-04     1.80056494E+07     1.80643092E+07     6.85196730E+05     9.45294421E-01     9.48374129E-01     3.59691777E-02
    8.60000000E+03     2.48725000E+03     1.81719223E+00     1.43097650E+00     4.20589400E-04     1.89749154E+07     1.90358747E+07     7.77838536E+05     9.76256889E-01     9.79393310E-01     4.00137683E-02
    8.60000000E+03     2.52475000E+03     1.84458982E+00     1.43097650E+00     4.20589400E-04     2.05103416E+07     2.05748178E+07     9.86170306E+05     1.02395766E+00     1.02717688E+00     4.91964556E-02
    8.60000000E+03     2.57475000E+03     1.88111999E+00     1.43097650E+00     4.20589400E-04     2.26884962E+07     2.27577420E+07     1.38843849E+06     1.08914826E+00     1.09247269E+00     6.65981180E-02
    8.60000000E+03     2.62475000E+03     1.91765012E+00     1.43097650E+00     4.20589400E-04     2.50122309E+07     2.50862971E+07     1.94700597E+06     1.15540497E+00     1.15882669E+00     8.98730200E-02
    8.60000000E+03     2.67475000E+03     1.95418028E+00     1.43097650E+00     4.20589400E-04     2.74631631E+07     2.75420510E+07     2.66164344E+06     1.22165525E+00     1.22516478E+00     1.18323122E-01
    8.60000000E+03     2.72475000E+03     1.99071042E+00     1.43097650E+00     4.20589400E-04     3.00187038E+07     3.01023752E+07     3.52259951E+06     1.28679758E+00     1.29038461E+00     1.50919825E-01
    8.60000000E+03     2.77475000E+03     2.02724058E+00     1.43097650E+00     4.20589400E-04     3.26545020E+07     3.27428947E+07     4.51104660E+06     1.34981463E+00     1.35346877E+00     1.86385848E-01
    8.60000000E+03     2.82475000E+03     2.06377071E+00     1.43097650E+00     4.20589400E-04     3.53472966E+07     3.54403433E+07     5.60048504E+06     1.40987919E+00     1.41359080E+00     2.23301249E-01
    8.60000000E+03     2.87475000E+03     2.10030087E+00     1.43097650E+00     4.20589400E-04     3.80777029E+07     3.81753537E+07     6.75879154E+06     1.46643493E+00     1.47019590E+00     2.60214625E-01
    8.60000000E+03     2.92475000E+03     2.13683101E+00     1.43097650E+00     4.20589400E-04     4.08325029E+07     4.09347463E+07     7.95047715E+06     1.51924065E+00     1.52304502E+00     2.95740806E-01
    8.60000000E+03     2.97475000E+03     2.17336117E+00     1.43097650E+00     4.20589400E-04     4.36061628E+07     4.37130453E+07     9.13873976E+06     1.56837554E+00     1.57221998E+00     3.28631903E-01
    8.60000000E+03     3.02475000E+03     2.20989131E+00     1.43097650E+00     4.20589400E-04     4.64015056E+07     4.65131460E+07     1.02870307E+07     1.61421155E+00     1.61809548E+00     3.57816955E-01
    8.60000000E+03     3.07475000E+03     2.24642146E+00     1.43097650E+00     4.20589400E-04     4.92296347E+07     4.93462359E+07     1.13600488E+07     1.65736316E+00     1.66128880E+00     3.82413513E-01
    8.60000000E+03     3.12475000E+03     2.28295161E+00     1.43097650E+00     4.20589400E-04     5.21093224E+07     5.22311769E+07     1.23242651E+07     1.69862707E+00     1.70259932E+00     4.01720350E-01
    8.60000000E+03     3.17475000E+03     2.31948176E+00     1.43097650E+00     4.20589400E-04     5.50660714E+07     5.51935612E+07     1.31482052E+07     1.73892109E+00     1.74294715E+00     4.15202448E-01
    8.60000000E+03     3.22475000E+03     2.35601190E+00     1.43097650E+00     4.20589400E-04     5.81310084E+07     5.82646047E+07     1.38027839E+07     1.77922776E+00     1.78331682E+00     4.22479025E-01
    8.60000000E+03     3.27475000E+03     2.39254205E+00     1.43097650E+00     4.20589400E-04     6.13396750E+07     6.14799303E+07     1.42619786E+07     1.82054440E+00     1.82470718E+00     4.23322596E-01
    8.60000000E+03     3.32475000E+03     2.42907220E+00     1.43097650E+00     4.20589400E-04     6.47306648E+07     6.48782012E+07     1.45040762E+07     1.86383722E+00     1.86808538E+00     4.17673706E-01
    8.60000000E+03     3.37475000E+03     2.46560235E+00     1.43097650E+00     4.20589400E-04     6.83439692E+07     6.84994615E+07     1.45136360E+07     1.90999529E+00     1.91434081E+00     4.05672020E-01
    8.60000000E+03     3.42475000E+03     2.50213250E+00     1.43097650E+00     4.20589400E-04     7.22188510E+07     7.23830048E+07     1.42841821E+07     1.95977991E+00     1.96423450E+00     3.87700754E-01
    8.60000000E+03     3.47475000E+03     2.53866264E+00     1.43097650E+00     4.20589400E-04     7.63910793E+07     7.65646019E+07     1.38214549E+07     2.01376630E+00     2.01834058E+00     3.64437014E-01
    8.60000000E+03     3.52475000E+03     2.57519280E+00     1.43097650E+00     4.20589400E-04     8.08894513E+07     8.10730172E+07     1.31468321E+07     2.07227773E+00     2.07698045E+00     3.36896528E-01
    8.60000000E+03     3.57475000E+03     2.61172294E+00     1.43097650E+00     4.20589400E-04     8.57317651E+07     8.59259742E+07     1.23002714E+07     2.13531786E+00     2.14015504E+00     3.06457333E-01
    8.60000000E+03     3.62475000E+03     2.64825309E+00     1.43097650E+00     4.20589400E-04     9.09206855E+07     9.11260230E+07     1.13419201E+07     2.20251315E+00     2.20748741E+00     2.74845372E-01
    8.60000000E+03     3.67475000E+03     2.68478323E+00     1.43097650E+00     4.20589400E-04     9.64402915E+07     9.66570887E+07     1.03514640E+07     2.27308239E+00     2.27819233E+00     2.44067172E-01
    8.60000000E+03     3.72475000E+03     2.72131339E+00     1.43097650E+00     4.20589400E-04     1.02254332E+08     1.02482742E+08     9.42451291E+06     2.34585222E+00     2.35109232E+00     2.16283425E-01
    8.60000000E+03     3.77475000E+03     2.75784353E+00     1.43097650E+00     4.20589400E-04     1.08307169E+08     1.08547154E+08     8.66587968E+06     2.41933237E+00     2.42469317E+00     1.93631641E-01
    8.60000000E+03     3.82475000E+03     2.79437369E+00     1.43097650E+00     4.20589400E-04     1.14527937E+08     1.14779283E+08     8.18044939E+06     2.49185127E+00     2.49732006E+00     1.78023138E-01
    8.60000000E+03     3.87475000E+03     2.83090382E+00     1.43097650E+00     4.20589400E-04     1.20837675E+08     1.21100025E+08     8.06316903E+06     2.56173536E+00     2.56729725E+00     1.70952652E-01
    8.60000000E+03     3.92475000E+03     2.86743399E+00     1.43097650E+00     4.20589400E-04     1.27158283E+08     1.27431195E+08     8.39013706E+06     2.62749977E+00     2.63313914E+00     1.73360610E-01
    8.60000000E+03     3.97475000E+03     2.90396412E+00     1.43097650E+00     4.20589400E-04     1.33421568E+08     1.33704581E+08     9.21254978E+06     2.68801247E+00     2.69371438E+00     1.85575556E-01
    8.60000000E+03     4.02475000E+03     2.94049428E+00     1.43097650E+00     4.20589400E-04     1.39576635E+08     1.39869334E+08     1.05544219E+07     2.74260046E+00     2.74835198E+00     2.07341831E-01
    8.60000000E+03     4.07475000E+03     2.97702442E+00     1.43097650E+00     4.20589400E-04     1.45594422E+08     1.45896507E+08     1.24138654E+07     2.79108457E+00     2.79687574E+00     2.37914235E-01
    8.60000000E+03     4.12475000E+03     3.01355458E+00     1.43097650E+00     4.20589400E-04     1.51469140E+08     1.51780466E+08     1.47667857E+07     2.83374868E+00     2.83957320E+00     2.76186862E-01
    8.60000000E+03     4.17475000E+03     3.05008471E+00     1.43097650E+00     4.20589400E-04     1.57217106E+08     1.57537717E+08     1.75714580E+07     2.87126410E+00     2.87711953E+00     3.20821774E-01
    8.60000000E+03     4.22475000E+03     3.08661487E+00     1.43097650E+00     4.20589400E-04     1.62873947E+08     1.63204098E+08     2.07725811E+07     2.90459323E+00     2.91048101E+00     3.70351744E-01
    8.60000000E+03     4.27475000E+03     3.12314501E+00     1.43097650E+00     4.20589400E-04     1.68491175E+08     1.68831330E+08     2.43038970E+07     2.93489429E+00     2.94081939E+00     4.23244658E-01
    8.60000000E+03     4.32475000E+03     3.15967517E+00     1.43097650E+00     4.20589400E-04     1.74132797E+08     1.74483630E+08     2.80890259E+07     2.96343844E+00     2.96940902E+00     4.77929162E-01
    8.60000000E+03     4.37475000E+03     3.19620531E+00     1.43097650E+00     4.20589400E-04     1.79872268E+08     1.80234649E+08     3.20406430E+07     2.99154329E+00     2.99757023E+00     5.32789487E-01
    8.60000000E+03     4.42475000E+03     3.23273546E+00     1.43097650E+00     4.20589400E-04     1.85789668E+08     1.86164645E+08     3.60584634E+07     3.02051852E+00     3.02661477E+00     5.86141706E-01
    8.60000000E+03     4.47475000E+03     3.26926561E+00     1.43097650E+00     4.20589400E-04     1.91968675E+08     1.92357447E+08     4.00267612E+07     3.05161534E+00     3.05779538E+00     6.36205911E-01
    8.60000000E+03     4.52475000E+03     3.30579576E+00     1.43097650E+00     4.20589400E-04     1.98492793E+08     1.98896667E+08     4.38124519E+07     3.08597109E+00     3.09225006E+00     6.81091011E-01
    8.60000000E+03     4.57475000E+03     3.34232590E+00     1.43097650E+00     4.20589400E-04     2.05440146E+08     2.05860485E+08     4.72650265E+07     3.12453948E+00     3.13093234E+00     7.18810001E-01
    8.60000000E+03     4.62475000E+03     3.37885605E+00     1.43097650E+00     4.20589400E-04     2.12876424E+08     2.13314567E+08     5.02199827E+07     3.16800279E+00     3.17452312E+00     7.47345649E-01
    8.60000000E+03     4.67475000E+03     3.41538620E+00     1.43097650E+00     4.20589400E-04     2.20845910E+08     2.21303080E+08     5.25074303E+07     3.21666785E+00     3.22332657E+00     7.64783457E-01
    8.60000000E+03     4.72475000E+03     3.45191635E+00     1.43097650E+00     4.20589400E-04     2.29361288E+08     2.29838479E+08     5.39670854E+07     3.27035873E+00     3.27716274E+00     7.69519025E-01
    8.60000000E+03     4.77475000E+03     3.48844650E+00     1.43097650E+00     4.20589400E-04     2.38393992E+08     2.38891864E+08     5.44695221E+07     3.32833150E+00     3.33528249E+00     7.60526561E-01
    8.60000000E+03     4.82475000E+03     3.52497664E+00     1.43097650E+00     4.20589400E-04     2.47867909E+08     2.48386680E+08     5.39412188E+07     3.38924699E+00     3.39634043E+00     7.37645155E-01
    8.60000000E+03     4.87475000E+03     3.56150680E+00     1.43097650E+00     4.20589400E-04     2.57659617E+08     2.58199017E+08     5.23881885E+07     3.45123607E+00     3.45846110E+00     7.01809362E-01
    8.60000000E+03     4.92475000E+03     3.59803694E+00     1.43097650E+00     4.20589400E-04     2.67607629E+08     2.68166914E+08     4.99111546E+07     3.51207711E+00     3.51941719E+00     6.55138336E-01
    8.60000000E+03     4.97475000E+03     3.63456709E+00     1.43097650E+00     4.20589400E-04     2.77530654E+08     2.78108688E+08     4.67058258E+07     3.56946966E+00     3.57690411E+00     6.00819392E-01
    8.60000000E+03     5.00000000E+03     3.65301480E+00     1.43097650E+00     4.20589400E-04     2.82487190E+08     2.83074240E+08     4.49073910E+07     3.59673850E+00     3.60421300E+00     5.71778650E-01
