    8.60000000E+03     5.00000000E-01     3.65301500E-04     3.65839600E+00     1.98722510E+00     0.00000000E+00     1.46301700E-04     0.00000000E+00     0.00000000E+00     1.86277100E-04     0.00000000E+00
    8.60000000E+03     1.00000000E+00     7.30603000E-04     3.65839600E+00     1.98722510E+00     0.00000000E+00     1.17041600E-03     0.00000000E+00     0.00000000E+00     3.72555000E-04     0.00000000E+00
    8.60000000E+03     1.50000000E+00     1.09590440E-03     3.65839600E+00     1.98722510E+00     0.00000000E+00     3.95016740E-03     0.00000000E+00     0.00000000E+00     5.58834400E-04     0.00000000E+00
    8.60000000E+03     2.00000000E+00     1.46120590E-03     3.65839600E+00     1.98722510E+00     1.00000000E-10     9.36340510E-03     2.00000000E-10     0.00000000E+00     7.45116100E-04     0.00000000E+00
    8.60000000E+03     2.50000000E+00     1.82650740E-03     3.65839600E+00     1.98722510E+00     5.00000000E-10     1.82880130E-02     7.00000000E-10     0.00000000E+00     9.31400800E-04     0.00000000E+00
    8.60000000E+03     3.00000000E+00     2.19180890E-03     3.65839600E+00     1.98722510E+00     1.40000000E-09     3.16019240E-02     2.20000000E-09     1.00000000E-10     1.11768940E-03     1.00000000E-10
    8.60000000E+03     3.50000000E+00     2.55711040E-03     3.65839600E+00     1.98722510E+00     3.60000000E-09     5.01831320E-02     5.40000000E-09     1.00000000E-10     1.30398260E-03     1.00000000E-10
    8.60000000E+03     4.00000000E+00     2.92241190E-03     3.65839600E+00     1.98722510E+00     8.10000000E-09     7.49097000E-02     1.21000000E-08     2.00000000E-10     1.49028110E-03     2.00000000E-10
    8.60000000E+03     4.50000000E+00     3.28771330E-03     3.65839600E+00     1.98722510E+00     1.64000000E-08     1.06659770E-01     2.46000000E-08     3.00000000E-10     1.67658560E-03     4.00000000E-10
    8.60000000E+03     5.00000000E+00     3.65301480E-03     3.65839600E+00     1.98722510E+00     3.08000000E-08     1.46311610E-01     4.62000000E-08     4.00000000E-10     1.86289730E-03     6.00000000E-10
    8.60000000E+03     5.50000000E+00     4.01831630E-03     3.65839600E+00     1.98722510E+00     5.46000000E-08     1.94743560E-01     8.18000000E-08     6.00000000E-10     2.04921650E-03     9.00000000E-10
    8.60000000E+03     6.00000000E+00     4.38361780E-03     3.65839600E+00     1.98722510E+00     9.20000000E-08     2.52834100E-01     1.37900000E-07     8.00000000E-10     2.23554420E-03     1.20000000E-09
    8.60000000E+03     6.50000000E+00     4.74891930E-03     3.65839600E+00     1.98722510E+00     1.48700000E-07     3.21461830E-01     2.23000000E-07     1.10000000E-09     2.42188110E-03     1.70000000E-09
    8.60000000E+03     7.00000000E+00     5.11422070E-03     3.65839600E+00     1.98722510E+00     2.31900000E-07     4.01505510E-01     3.47900000E-07     1.50000000E-09     2.60822790E-03     2.30000000E-09
    8.60000000E+03     7.50000000E+00     5.47952220E-03     3.65839600E+00     1.98722510E+00     3.50800000E-07     4.93844060E-01     5.26200000E-07     2.00000000E-09     2.79458570E-03     3.00000000E-09
    8.60000000E+03     8.00000000E+00     5.84482370E-03     3.65839600E+00     1.98722510E+00     5.16700000E-07     5.99356530E-01     7.75100000E-07     2.60000000E-09     2.98095470E-03     3.90000000E-09
    8.60000000E+03     8.50000000E+00     6.21012520E-03     3.65839600E+00     1.98722510E+00     7.43400000E-07     7.18922220E-01     1.11510000E-06     3.30000000E-09     3.16733620E-03     4.90000000E-09
    8.60000000E+03     9.00000000E+00     6.57542670E-03     3.65839600E+00     1.98722510E+00     1.04760000E-06     8.53420600E-01     1.57130000E-06     4.10000000E-09     3.35373090E-03     6.20000000E-09
    8.60000000E+03     9.50000000E+00     6.94072810E-03     3.65839600E+00     1.98722510E+00     1.44900000E-06     1.00373130E+00     2.17350000E-06     5.10000000E-09     3.54013950E-03     7.70000000E-09
    8.60000000E+03     1.00000000E+01     7.30602960E-03     3.65839600E+00     1.98722510E+00     1.97120000E-06     1.17073410E+00     2.95670000E-06     6.30000000E-09     3.72656230E-03     9.40000000E-09
    8.60000000E+03     1.05000000E+01     7.67133110E-03     3.65839600E+00     1.98722510E+00     2.64170000E-06     1.35530940E+00     3.96230000E-06     7.60000000E-09     3.91300090E-03     1.14000000E-08
    8.60000000E+03     1.10000000E+01     8.03663260E-03     3.65839600E+00     1.98722510E+00     3.49220000E-06     1.55833730E+00     5.23800000E-06     9.20000000E-09     4.09945590E-03     1.38000000E-08
    8.60000000E+03     1.15000000E+01     8.40193410E-03     3.65839600E+00     1.98722510E+00     4.55970000E-06     1.78069860E+00     6.83910000E-06     1.10000000E-08     4.28592770E-03     1.65000000E-08
    8.60000000E+03     1.20000000E+01     8.76723560E-03     3.65839600E+00     1.98722510E+00     5.88620000E-06     2.02327400E+00     8.82870000E-06     1.30000000E-08     4.47241730E-03     1.95000000E-08
    8.60000000E+03     1.25000000E+01     9.13253700E-03     3.65839600E+00     1.98722510E+00     7.51990000E-06     2.28694470E+00     1.12790000E-05     1.53000000E-08     4.65892530E-03     2.30000000E-08
    8.60000000E+03     1.30000000E+01     9.49783850E-03     3.65839600E+00     1.98722510E+00     9.51510000E-06     2.57259230E+00     1.42715000E-05     1.79000000E-08     4.84545290E-03     2.69000000E-08
    8.60000000E+03     1.35000000E+01     9.86314000E-03     3.65839600E+00     1.98722510E+00     1.19333000E-05     2.88109840E+00     1.78984000E-05     2.08000000E-08     5.03200040E-03     3.13000000E-08
    8.60000000E+03     1.40000000E+01     1.02284410E-02     3.65839600E+00     1.98722510E+00     1.48433000E-05     3.21334530E+00     2.22628000E-05     2.41000000E-08     5.21856910E-03     3.62000000E-08
    8.60000000E+03     1.45000000E+01     1.05937430E-02     3.65839600E+00     1.98722510E+00     1.83220000E-05     3.57021510E+00     2.74802000E-05     2.77000000E-08     5.40515930E-03     4.16000000E-08
    8.60000000E+03     1.50000000E+01     1.09590440E-02     3.65839600E+00     1.98722510E+00     2.24552000E-05     3.95259100E+00     3.36790000E-05     3.18000000E-08     5.59177230E-03     4.76000000E-08
    8.60000000E+03     1.55000000E+01     1.13243460E-02     3.65839600E+00     1.98722510E+00     2.73378000E-05     4.36135580E+00     4.10017000E-05     3.62000000E-08     5.77840840E-03     5.43000000E-08
    8.60000000E+03     1.60000000E+01     1.16896470E-02     3.65839600E+00     1.98722510E+00     3.30747000E-05     4.79739310E+00     4.96058000E-05     4.11000000E-08     5.96506880E-03     6.17000000E-08
    8.60000000E+03     1.65000000E+01     1.20549490E-02     3.65839600E+00     1.98722510E+00     3.97818000E-05     5.26158640E+00     5.96646000E-05     4.65000000E-08     6.15175360E-03     6.98000000E-08
    8.60000000E+03     1.70000000E+01     1.24202500E-02     3.65839600E+00     1.98722510E+00     4.75859000E-05     5.75482070E+00     7.13685000E-05     5.24000000E-08     6.33846460E-03     7.86000000E-08
    8.60000000E+03     1.75000000E+01     1.27855520E-02     3.65839600E+00     1.98722510E+00     5.66261000E-05     6.27798020E+00     8.49262000E-05     5.89000000E-08     6.52520190E-03     8.83000000E-08
    8.60000000E+03     1.80000000E+01     1.31508530E-02     3.65839600E+00     1.98722510E+00     6.70545000E-05     6.83194920E+00     1.00565500E-04     6.59000000E-08     6.71196580E-03     9.88000000E-08
    8.60000000E+03     1.85000000E+01     1.35161550E-02     3.65839600E+00     1.98722510E+00     7.90365000E-05     7.41761540E+00     1.18534500E-04     7.35000000E-08     6.89875890E-03     1.10200000E-07
    8.60000000E+03     1.90000000E+01     1.38814560E-02     3.65839600E+00     1.98722510E+00     9.27520000E-05     8.03586230E+00     1.39103000E-04     8.18000000E-08     7.08557990E-03     1.22700000E-07
    8.60000000E+03     1.95000000E+01     1.42467580E-02     3.65839600E+00     1.98722510E+00     1.08396200E-04     8.68757820E+00     1.62563500E-04     9.07000000E-08     7.27243120E-03     1.36100000E-07
    8.60000000E+03     2.00000000E+01     1.46120590E-02     3.65839600E+00     1.98722510E+00     1.26180100E-04     9.37364880E+00     1.89232500E-04     1.00400000E-07     7.45931250E-03     1.50600000E-07
    8.60000000E+03     2.05000000E+01     1.49773610E-02     3.65839600E+00     1.98722510E+00     1.46331900E-04     1.00949630E+01     2.19452000E-04     1.10800000E-07     7.64622560E-03     1.66200000E-07
    8.60000000E+03     2.10000000E+01     1.53426620E-02     3.65839600E+00     1.98722510E+00     1.69097300E-04     1.08524060E+01     2.53590300E-04     1.22100000E-07     7.83317020E-03     1.83000000E-07
    8.60000000E+03     2.15000000E+01     1.57079640E-02     3.65839600E+00     1.98722510E+00     1.94740700E-04     1.16468690E+01     2.92043900E-04     1.34100000E-07     8.02014800E-03     2.01100000E-07
    8.60000000E+03     2.20000000E+01     1.60732650E-02     3.65839600E+00     1.98722510E+00     2.23546200E-04     1.24792400E+01     3.35238600E-04     1.47000000E-07     8.20715960E-03     2.20500000E-07
    8.60000000E+03     2.25000000E+01     1.64385670E-02     3.65839600E+00     1.98722510E+00     2.55818300E-04     1.33504070E+01     3.83630900E-04     1.60800000E-07     8.39420520E-03     2.41200000E-07
    8.60000000E+03     2.30000000E+01     1.68038680E-02     3.65839600E+00     1.98722510E+00     2.91883100E-04     1.42612620E+01     4.37709500E-04     1.75600000E-07     8.58128650E-03     2.63400000E-07
    8.60000000E+03     2.35000000E+01     1.71691700E-02     3.65839600E+00     1.98722510E+00     3.32089200E-04     1.52126950E+01     4.97997000E-04     1.91400000E-07     8.76840400E-03     2.87000000E-07
    8.60000000E+03     2.40000000E+01     1.75344710E-02     3.65839600E+00     1.98722510E+00     3.76808500E-04     1.62055960E+01     5.65050900E-04     2.08200000E-07     8.95555770E-03     3.12300000E-07
    8.60000000E+03     2.45000000E+01     1.78997730E-02     3.65839600E+00     1.98722510E+00     4.26437700E-04     1.72408590E+01     6.39465700E-04     2.26100000E-07     9.14274990E-03     3.39100000E-07
    8.60000000E+03     2.50000000E+01     1.82650740E-02     3.65839600E+00     1.98722510E+00     4.81398900E-04     1.83193740E+01     7.21873900E-04     2.45200000E-07     9.32998010E-03     3.67600000E-07
    8.60000000E+03     2.55000000E+01     1.86303760E-02     3.65839600E+00     1.98722510E+00     5.42140900E-04     1.94420350E+01     8.12948500E-04     2.65400000E-07     9.51724990E-03     3.98000000E-07
    8.60000000E+03     2.60000000E+01     1.89956770E-02     3.65839600E+00     1.98722510E+00     6.09140300E-04     2.06097350E+01     9.13403400E-04     2.86800000E-07     9.70455960E-03     4.30100000E-07
    8.60000000E+03     2.65000000E+01     1.93609790E-02     3.65839600E+00     1.98722510E+00     6.82902600E-04     2.18233690E+01     1.02399640E-03     3.09500000E-07     9.89191030E-03     4.64100000E-07
    8.60000000E+03     2.70000000E+01     1.97262800E-02     3.65839600E+00     1.98722510E+00     7.63963300E-04     2.30838310E+01     1.14552970E-03     3.33600000E-07     1.00793020E-02     5.00200000E-07
    8.60000000E+03     2.75000000E+01     2.00915810E-02     3.65839600E+00     1.98722510E+00     8.52889300E-04     2.43920190E+01     1.27885300E-03     3.59000000E-07     1.02667380E-02     5.38300000E-07
    8.60000000E+03     2.80000000E+01     2.04568830E-02     3.65839600E+00     1.98722510E+00     9.50279400E-04     2.57488250E+01     1.42486360E-03     3.85800000E-07     1.04542160E-02     5.78500000E-07
    8.60000000E+03     2.85000000E+01     2.08221840E-02     3.65839600E+00     1.98722510E+00     1.05676660E-03     2.71551510E+01     1.58451000E-03     4.14100000E-07     1.06417390E-02     6.20900000E-07
    8.60000000E+03     2.90000000E+01     2.11874860E-02     3.65839600E+00     1.98722510E+00     1.17301840E-03     2.86118900E+01     1.75879210E-03     4.44000000E-07     1.08293070E-02     6.65700000E-07
    8.60000000E+03     2.95000000E+01     2.15527870E-02     3.65839600E+00     1.98722510E+00     1.29973840E-03     3.01199420E+01     1.94876430E-03     4.75400000E-07     1.10169210E-02     7.12800000E-07
    8.60000000E+03     3.00000000E+01     2.19180890E-02     3.65839600E+00     1.98722510E+00     1.43766770E-03     3.16802070E+01     2.15553700E-03     5.08500000E-07     1.12045810E-02     7.62400000E-07
    8.60000000E+03     3.05000000E+01     2.22833900E-02     3.65839600E+00     1.98722510E+00     1.58758600E-03     3.32935820E+01     2.38027800E-03     5.43200000E-07     1.13922880E-02     8.14500000E-07
    8.60000000E+03     3.10000000E+01     2.26486920E-02     3.65839600E+00     1.98722510E+00     1.75031320E-03     3.49609730E+01     2.62421590E-03     5.79800000E-07     1.15800450E-02     8.69200000E-07
    8.60000000E+03     3.15000000E+01     2.30139930E-02     3.65839600E+00     1.98722510E+00     1.92671030E-03     3.66832760E+01     2.88864030E-03     6.18100000E-07     1.17678500E-02     9.26700000E-07
    8.60000000E+03     3.20000000E+01     2.33792950E-02     3.65839600E+00     1.98722510E+00     2.11768130E-03     3.84613950E+01     3.17490540E-03     6.58300000E-07     1.19557050E-02     9.86900000E-07
    8.60000000E+03     3.25000000E+01     2.37445960E-02     3.65839600E+00     1.98722510E+00     2.32417370E-03     4.02962320E+01     3.48443060E-03     7.00400000E-07     1.21436110E-02     1.05010000E-06
    8.60000000E+03     3.30000000E+01     2.41098980E-02     3.65839600E+00     1.98722510E+00     2.54718150E-03     4.21886920E+01     3.81870450E-03     7.44500000E-07     1.23315680E-02     1.11620000E-06
    8.60000000E+03     3.35000000E+01     2.44751990E-02     3.65839600E+00     1.98722510E+00     2.78774510E-03     4.41396810E+01     4.17928570E-03     7.90700000E-07     1.25195780E-02     1.18540000E-06
    8.60000000E+03     3.40000000E+01     2.48405010E-02     3.65839600E+00     1.98722510E+00     3.04695340E-03     4.61501020E+01     4.56780480E-03     8.39000000E-07     1.27076410E-02     1.25780000E-06
    8.60000000E+03     3.45000000E+01     2.52058020E-02     3.65839600E+00     1.98722510E+00     3.32594560E-03     4.82208650E+01     4.98596780E-03     8.89500000E-07     1.28957590E-02     1.33340000E-06
    8.60000000E+03     3.50000000E+01     2.55711040E-02     3.65839600E+00     1.98722510E+00     3.62591070E-03     5.03528680E+01     5.43555550E-03     9.42200000E-07     1.30839310E-02     1.41240000E-06
    8.60000000E+03     3.55000000E+01     2.59364050E-02     3.65839600E+00     1.98722510E+00     3.94809370E-03     5.25470320E+01     5.91843220E-03     9.97200000E-07     1.32721600E-02     1.49490000E-06
    8.60000000E+03     3.60000000E+01     2.63017070E-02     3.65839600E+00     1.98722510E+00     4.29379040E-03     5.48042520E+01     6.43653830E-03     1.05460000E-06     1.34604430E-02     1.58090000E-06
    8.60000000E+03     3.65000000E+01     2.66670080E-02     3.65839600E+00     1.98722510E+00     4.66435640E-03     5.71254500E+01     6.99190350E-03     1.11440000E-06     1.36487860E-02     1.67060000E-06
    8.60000000E+03     3.70000000E+01     2.70323100E-02     3.65839600E+00     1.98722510E+00     5.06120260E-03     5.95115330E+01     7.58664020E-03     1.17680000E-06     1.38371870E-02     1.76400000E-06
    8.60000000E+03     3.75000000E+01     2.73976110E-02     3.65839600E+00     1.98722510E+00     5.48579890E-03     6.19634070E+01     8.22294930E-03     1.24170000E-06     1.40256460E-02     1.86130000E-06
    8.60000000E+03     3.80000000E+01     2.77629130E-02     3.65839600E+00     1.98722510E+00     5.93967840E-03     6.44819940E+01     8.90312600E-03     1.30930000E-06     1.42141660E-02     1.96260000E-06
    8.60000000E+03     3.85000000E+01     2.81282140E-02     3.65839600E+00     1.98722510E+00     6.42443340E-03     6.70681960E+01     9.62955400E-03     1.37960000E-06     1.44027450E-02     2.06790000E-06
    8.60000000E+03     3.90000000E+01     2.84935160E-02     3.65839600E+00     1.98722510E+00     6.94172550E-03     6.97229430E+01     1.04047210E-02     1.45270000E-06     1.45913880E-02     2.17750000E-06
    8.60000000E+03     3.95000000E+01     2.88588170E-02     3.65839600E+00     1.98722510E+00     7.49327590E-03     7.24471340E+01     1.12312020E-02     1.52870000E-06     1.47800920E-02     2.29130000E-06
    8.60000000E+03     4.00000000E+01     2.92241190E-02     3.65839600E+00     1.98722510E+00     8.08087910E-03     7.52416960E+01     1.21116850E-02     1.60760000E-06     1.49688590E-02     2.40950000E-06
    8.60000000E+03     4.05000000E+01     2.95894200E-02     3.65839600E+00     1.98722510E+00     8.70639750E-03     7.81075500E+01     1.30489560E-02     1.68960000E-06     1.51576920E-02     2.53230000E-06
    8.60000000E+03     4.10000000E+01     2.99547210E-02     3.65839600E+00     1.98722510E+00     9.37176110E-03     8.10456000E+01     1.40459040E-02     1.77460000E-06     1.53465880E-02     2.65970000E-06
    8.60000000E+03     4.15000000E+01     3.03200230E-02     3.65839600E+00     1.98722510E+00     1.00789790E-02     8.40567790E+01     1.51055350E-02     1.86280000E-06     1.55355510E-02     2.79180000E-06
    8.60000000E+03     4.20000000E+01     3.06853240E-02     3.65839600E+00     1.98722510E+00     1.08301310E-02     8.71420060E+01     1.62309640E-02     1.95430000E-06     1.57245810E-02     2.92880000E-06
    8.60000000E+03     4.25000000E+01     3.10506260E-02     3.65839600E+00     1.98722510E+00     1.16273730E-02     9.03021890E+01     1.74254130E-02     2.04910000E-06     1.59136770E-02     3.07080000E-06
    8.60000000E+03     4.30000000E+01     3.14159270E-02     3.65839600E+00     1.98722510E+00     1.24729460E-02     9.35382760E+01     1.86922380E-02     2.14720000E-06     1.61028430E-02     3.21790000E-06
    8.60000000E+03     4.35000000E+01     3.17812290E-02     3.65839600E+00     1.98722510E+00     1.33691620E-02     9.68511690E+01     2.00348970E-02     2.24890000E-06     1.62920770E-02     3.37020000E-06
    8.60000000E+03     4.40000000E+01     3.21465300E-02     3.65839600E+00     1.98722510E+00     1.43184230E-02     1.00241800E+02     2.14569840E-02     2.35420000E-06     1.64813820E-02     3.52790000E-06
    8.60000000E+03     4.45000000E+01     3.25118320E-02     3.65839600E+00     1.98722510E+00     1.53232110E-02     1.03711100E+02     2.29622130E-02     2.46310000E-06     1.66707580E-02     3.69100000E-06
    8.60000000E+03     4.50000000E+01     3.28771330E-02     3.65839600E+00     1.98722510E+00     1.63860960E-02     1.07260000E+02     2.45544280E-02     2.57570000E-06     1.68602060E-02     3.85970000E-06
    8.60000000E+03     4.55000000E+01     3.32424350E-02     3.65839600E+00     1.98722510E+00     1.75097370E-02     1.10889410E+02     2.62376060E-02     2.69220000E-06     1.70497260E-02     4.03410000E-06
    8.60000000E+03     4.60000000E+01     3.36077360E-02     3.65839600E+00     1.98722510E+00     1.86968810E-02     1.14600270E+02     2.80158550E-02     2.81260000E-06     1.72393190E-02     4.21440000E-06
    8.60000000E+03     4.65000000E+01     3.39730380E-02     3.65839600E+00     1.98722510E+00     1.99503690E-02     1.18393520E+02     2.98934240E-02     2.93690000E-06     1.74289870E-02     4.40070000E-06
    8.60000000E+03     4.70000000E+01     3.43383390E-02     3.65839600E+00     1.98722510E+00     2.12731380E-02     1.22270080E+02     3.18747090E-02     3.06540000E-06     1.76187300E-02     4.59300000E-06
    8.60000000E+03     4.75000000E+01     3.47036410E-02     3.65839600E+00     1.98722510E+00     2.26682170E-02     1.26230890E+02     3.39642350E-02     3.19800000E-06     1.78085490E-02     4.79160000E-06
    8.60000000E+03     4.80000000E+01     3.50689420E-02     3.65839600E+00     1.98722510E+00     2.41387370E-02     1.30276880E+02     3.61666880E-02     3.33490000E-06     1.79984460E-02     4.99660000E-06
    8.60000000E+03     4.85000000E+01     3.54342440E-02     3.65839600E+00     1.98722510E+00     2.56879290E-02     1.34408990E+02     3.84868950E-02     3.47610000E-06     1.81884200E-02     5.20810000E-06
    8.60000000E+03     4.90000000E+01     3.57995450E-02     3.65839600E+00     1.98722510E+00     2.73191260E-02     1.38628160E+02     4.09298440E-02     3.62180000E-06     1.83784730E-02     5.42620000E-06
    8.60000000E+03     4.95000000E+01     3.61648470E-02     3.65839600E+00     1.98722510E+00     2.90357680E-02     1.42935320E+02     4.35006740E-02     3.77200000E-06     1.85686050E-02     5.65110000E-06
    8.60000000E+03     5.10000000E+01     3.72607512E-02     3.65839600E+00     1.98722510E+00     3.48346660E-02     1.56485930E+02     5.21843706E-02     4.25570000E-06     1.91395712E-02     6.37530000E-06
    8.60000000E+03     5.35000000E+01     3.90872586E-02     3.65839600E+00     1.98722510E+00     4.64153554E-02     1.80769930E+02     6.95239128E-02     5.15370000E-06     2.00927198E-02     7.71960000E-06
    8.60000000E+03     5.60000000E+01     4.09137658E-02     3.65839600E+00     1.98722510E+00     6.10426538E-02     2.07466522E+02     9.14212122E-02     6.18710000E-06     2.10480534E-02     9.26610000E-06
    8.60000000E+03     5.85000000E+01     4.27402732E-02     3.65839600E+00     1.98722510E+00     7.93271884E-02     2.36695074E+02     1.18788394E-01     7.36870000E-06     2.20056808E-02     1.10342000E-05
    8.60000000E+03     6.10000000E+01     4.45667808E-02     3.65839600E+00     1.98722510E+00     1.01967299E-01     2.68575904E+02     1.52668198E-01     8.71220000E-06     2.29657150E-02     1.30441000E-05
    8.60000000E+03     6.35000000E+01     4.63932882E-02     3.65839600E+00     1.98722510E+00     1.29757086E-01     3.03230294E+02     1.94245862E-01     1.02317000E-05     2.39282662E-02     1.53169000E-05
    8.60000000E+03     6.60000000E+01     4.82197958E-02     3.65839600E+00     1.98722510E+00     1.63594846E-01     3.40780554E+02     2.44861596E-01     1.19422000E-05     2.48934464E-02     1.78745000E-05
    8.60000000E+03     6.85000000E+01     5.00463028E-02     3.65839600E+00     1.98722510E+00     2.04491914E-01     3.81350112E+02     3.06023582E-01     1.38589000E-05     2.58613708E-02     2.07399000E-05
    8.60000000E+03     7.10000000E+01     5.18728102E-02     3.65839600E+00     1.98722510E+00     2.53581756E-01     4.25063480E+02     3.79421378E-01     1.59979000E-05     2.68321516E-02     2.39369000E-05
    8.60000000E+03     7.35000000E+01     5.36993178E-02     3.65839600E+00     1.98722510E+00     3.12129556E-01     4.72046364E+02     4.66939990E-01     1.83759000E-05     2.78059038E-02     2.74900000E-05
    8.60000000E+03     7.60000000E+01     5.55258252E-02     3.65839600E+00     1.98722510E+00     3.81542130E-01     5.22425706E+02     5.70674404E-01     2.10100000E-05     2.87827438E-02     3.14248000E-05
    8.60000000E+03     7.85000000E+01     5.73523328E-02     3.65839600E+00     1.98722510E+00     4.63378192E-01     5.76329726E+02     6.92944666E-01     2.39182000E-05     2.97627878E-02     3.57678000E-05
    8.60000000E+03     8.10000000E+01     5.91788400E-02     3.65839600E+00     1.98722510E+00     5.59359004E-01     6.33887964E+02     8.36311412E-01     2.71189000E-05     3.07461534E-02     4.05462000E-05
    8.60000000E+03     8.35000000E+01     6.10053472E-02     3.65839600E+00     1.98722510E+00     6.71379436E-01     6.95231350E+02     1.00359200E+00     3.06312000E-05     3.17329586E-02     4.57883000E-05
    8.60000000E+03     8.60000000E+01     6.28318548E-02     3.65839600E+00     1.98722510E+00     8.01519336E-01     7.60492234E+02     1.19787716E+00     3.44749000E-05     3.27233232E-02     5.15230000E-05
    8.60000000E+03     8.85000000E+01     6.46583622E-02     3.65839600E+00     1.98722510E+00     9.52055320E-01     8.29804436E+02     1.42254810E+00     3.86702000E-05     3.37173652E-02     5.77805000E-05
    8.60000000E+03     9.10000000E+01     6.64848698E-02     3.65839600E+00     1.98722510E+00     1.12547318E+00     9.03303418E+02     1.68129446E+00     4.32381000E-05     3.47152094E-02     6.45915000E-05
    8.60000000E+03     9.35000000E+01     6.83113772E-02     3.65839600E+00     1.98722510E+00     1.32448004E+00     9.81126094E+02     1.97813198E+00     4.82001000E-05     3.57169752E-02     7.19878000E-05
    8.60000000E+03     9.60000000E+01     7.01378842E-02     3.65839600E+00     1.98722510E+00     1.55201756E+00     1.06341110E+03     2.31742172E+00     5.35787000E-05     3.67227858E-02     8.00020000E-05
    8.60000000E+03     9.85000000E+01     7.19643918E-02     3.65839600E+00     1.98722510E+00     1.81127538E+00     1.15029878E+03     2.70388914E+00     5.93964000E-05     3.77327652E-02     8.86676000E-05
    8.60000000E+03     1.01000000E+02     7.37908992E-02     3.65839600E+00     1.98722510E+00     2.10570460E+00     1.24193124E+03     3.14264402E+00     6.56769000E-05     3.87470384E-02     9.80192000E-05
    8.60000000E+03     1.03500000E+02     7.56174068E-02     3.65839600E+00     1.98722510E+00     2.43903210E+00     1.33845236E+03     3.63920052E+00     7.24443000E-05     3.97657310E-02     1.08091900E-04
    8.60000000E+03     1.06000000E+02     7.74439142E-02     3.65839600E+00     1.98722510E+00     2.81527504E+00     1.44000790E+03     4.19949822E+00     7.97232000E-05     4.07889696E-02     1.18921900E-04
    8.60000000E+03     1.08500000E+02     7.92704214E-02     3.65839600E+00     1.98722510E+00     3.23875572E+00     1.54674566E+03     4.82992372E+00     8.75392000E-05     4.18168828E-02     1.30546400E-04
    8.60000000E+03     1.11000000E+02     8.10969288E-02     3.65839600E+00     1.98722510E+00     3.71411714E+00     1.65881534E+03     5.53733210E+00     9.59181000E-05     4.28495998E-02     1.43003300E-04
    8.60000000E+03     1.13500000E+02     8.29234362E-02     3.65839600E+00     1.98722510E+00     4.24633802E+00     1.77636856E+03     6.32906908E+00     1.04886800E-04     4.38872474E-02     1.56331500E-04
    8.60000000E+03     1.16000000E+02     8.47499438E-02     3.65839600E+00     1.98722510E+00     4.84075042E+00     1.89955934E+03     7.21299556E+00     1.14472500E-04     4.49299600E-02     1.70570700E-04
    8.60000000E+03     1.18500000E+02     8.65764512E-02     3.65839600E+00     1.98722510E+00     5.50305434E+00     2.02854360E+03     8.19750868E+00     1.24703200E-04     4.59778662E-02     1.85761700E-04
    8.60000000E+03     1.21000000E+02     8.84029586E-02     3.65839600E+00     1.98722510E+00     6.23933684E+00     2.16347978E+03     9.29156862E+00     1.35607600E-04     4.70311012E-02     2.01945800E-04
    8.60000000E+03     1.23500000E+02     9.02294658E-02     3.65839600E+00     1.98722510E+00     7.05608764E+00     2.30452828E+03     1.05047208E+01     1.47214800E-04     4.80897986E-02     2.19165700E-04
    8.60000000E+03     1.26000000E+02     9.20559732E-02     3.65839600E+00     1.98722510E+00     7.96021780E+00     2.45185208E+03     1.18471224E+01     1.59555000E-04     4.91540926E-02     2.37464500E-04
    8.60000000E+03     1.28500000E+02     9.38824808E-02     3.65839600E+00     1.98722510E+00     8.95907806E+00     2.60561654E+03     1.33295666E+01     1.72658700E-04     5.02241200E-02     2.56886600E-04
    8.60000000E+03     1.31000000E+02     9.57089882E-02     3.65839600E+00     1.98722510E+00     1.00604768E+01     2.76598948E+03     1.49635108E+01     1.86557100E-04     5.13000168E-02     2.77477100E-04
    8.60000000E+03     1.33500000E+02     9.75354958E-02     3.65839600E+00     1.98722510E+00     1.12727014E+01     2.93314144E+03     1.67611036E+01     2.01282200E-04     5.23819250E-02     2.99281900E-04
    8.60000000E+03     1.36000000E+02     9.93620036E-02     3.65839600E+00     1.98722510E+00     1.26045328E+01     3.10724524E+03     1.87352068E+01     2.16866700E-04     5.34699802E-02     3.22348100E-04
    8.60000000E+03     1.38500000E+02     1.01188510E-01     3.65839600E+00     1.98722510E+00     1.40652716E+01     3.28847660E+03     2.08994290E+01     2.33343900E-04     5.45643236E-02     3.46723300E-04
    8.60000000E+03     1.41000000E+02     1.03015018E-01     3.65839600E+00     1.98722510E+00     1.56647550E+01     3.47701408E+03     2.32681542E+01     2.50747600E-04     5.56650986E-02     3.72456400E-04
    8.60000000E+03     1.43500000E+02     1.04841526E-01     3.65839600E+00     1.98722510E+00     1.74133776E+01     3.67303892E+03     2.58565650E+01     2.69112600E-04     5.67724476E-02     3.99597000E-04
    8.60000000E+03     1.46000000E+02     1.06668032E-01     3.65839600E+00     1.98722510E+00     1.93221146E+01     3.87673538E+03     2.86806790E+01     2.88474200E-04     5.78865156E-02     4.28195500E-04
    8.60000000E+03     1.48500000E+02     1.08494540E-01     3.65839600E+00     1.98722510E+00     2.14025398E+01     4.08829036E+03     3.17573688E+01     3.08868400E-04     5.90074442E-02     4.58303400E-04
    8.60000000E+03     1.51000000E+02     1.10321048E-01     3.65839600E+00     1.98722510E+00     2.36668550E+01     4.30789438E+03     3.51044094E+01     3.30332000E-04     6.01353852E-02     4.89973000E-04
    8.60000000E+03     1.53500000E+02     1.12147554E-01     3.65839600E+00     1.98722510E+00     2.61279044E+01     4.53574046E+03     3.87404892E+01     3.52902300E-04     6.12704830E-02     5.23257500E-04
    8.60000000E+03     1.56000000E+02     1.13974062E-01     3.65839600E+00     1.98722510E+00     2.87992006E+01     4.77202504E+03     4.26852526E+01     3.76617600E-04     6.24128854E-02     5.58211000E-04
    8.60000000E+03     1.58500000E+02     1.15800570E-01     3.65839600E+00     1.98722510E+00     3.16949550E+01     5.01694812E+03     4.69593380E+01     4.01516600E-04     6.35627464E-02     5.94888700E-04
    8.60000000E+03     1.61000000E+02     1.17627078E-01     3.65839600E+00     1.98722510E+00     3.48300900E+01     5.27071242E+03     5.15843938E+01     4.27638800E-04     6.47202146E-02     6.33346300E-04
    8.60000000E+03     1.63500000E+02     1.19453584E-01     3.65839600E+00     1.98722510E+00     3.82202714E+01     5.53352452E+03     5.65831246E+01     4.55024500E-04     6.58854420E-02     6.73640800E-04
    8.60000000E+03     1.66000000E+02     1.21280090E-01     3.65839600E+00     1.98722510E+00     4.18819354E+01     5.80559450E+03     6.19793268E+01     4.83714700E-04     6.70585854E-02     7.15829900E-04
    8.60000000E+03     1.68500000E+02     1.23106600E-01     3.65839600E+00     1.98722510E+00     4.58323112E+01     6.08713604E+03     6.77979170E+01     5.13751100E-04     6.82398020E-02     7.59972300E-04
    8.60000000E+03     1.71000000E+02     1.24933108E-01     3.65839600E+00     1.98722510E+00     5.00894312E+01     6.37836550E+03     7.40649454E+01     5.45176000E-04     6.94292392E-02     8.06127500E-04
    8.60000000E+03     1.73500000E+02     1.26759614E-01     3.65839600E+00     1.98722510E+00     5.46721980E+01     6.67950468E+03     8.08076926E+01     5.78032600E-04     7.06270654E-02     8.54356000E-04
    8.60000000E+03     1.76000000E+02     1.28586120E-01     3.65839600E+00     1.98722510E+00     5.96003688E+01     6.99077790E+03     8.80546386E+01     6.12364700E-04     7.18334360E-02     9.04719400E-04
    8.60000000E+03     1.78500000E+02     1.30412630E-01     3.65839600E+00     1.98722510E+00     6.48946024E+01     7.31241358E+03     9.58355294E+01     6.48217000E-04     7.30485096E-02     9.57279700E-04
    8.60000000E+03     1.81000000E+02     1.32239136E-01     3.65839600E+00     1.98722510E+00     7.05764872E+01     7.64464420E+03     1.04181418E+02     6.85634900E-04     7.42724486E-02     1.01210020E-03
    8.60000000E+03     1.83500000E+02     1.34065644E-01     3.65839600E+00     1.98722510E+00     7.66685744E+01     7.98770664E+03     1.13124700E+02     7.24664300E-04     7.55054190E-02     1.06924520E-03
    8.60000000E+03     1.86000000E+02     1.35892150E-01     3.65839600E+00     1.98722510E+00     8.31943912E+01     8.34184142E+03     1.22699138E+02     7.65352200E-04     7.67475830E-02     1.12877970E-03
    8.60000000E+03     1.88500000E+02     1.37718660E-01     3.65839600E+00     1.98722510E+00     9.01784842E+01     8.70729340E+03     1.32939918E+02     8.07746100E-04     7.79991072E-02     1.19076970E-03
    8.60000000E+03     1.91000000E+02     1.39545166E-01     3.65839600E+00     1.98722510E+00     9.76464472E+01     9.08431204E+03     1.43883680E+02     8.51894500E-04     7.92601602E-02     1.25528200E-03
    8.60000000E+03     1.93500000E+02     1.41371672E-01     3.65839600E+00     1.98722510E+00     1.05624948E+02     9.47315080E+03     1.55568558E+02     8.97846400E-04     8.05309102E-02     1.32238450E-03
    8.60000000E+03     1.96000000E+02     1.43198180E-01     3.65839600E+00     1.98722510E+00     1.14141760E+02     9.87406788E+03     1.68034224E+02     9.45651700E-04     8.18115268E-02     1.39214600E-03
    8.60000000E+03     1.98500000E+02     1.45024690E-01     3.65839600E+00     1.98722510E+00     1.23225806E+02     1.02873258E+04     1.81321922E+02     9.95361200E-04     8.31021832E-02     1.46463620E-03
    8.60000000E+03     2.01000000E+02     1.46851196E-01     3.65839600E+00     1.98722510E+00     1.32907162E+02     1.07131924E+04     1.95474524E+02     1.04702620E-03     8.44030524E-02     1.53992560E-03
    8.60000000E+03     2.03500000E+02     1.48677702E-01     3.65839600E+00     1.98722510E+00     1.43217128E+02     1.11519394E+04     2.10536558E+02     1.10069910E-03     8.57143092E-02     1.61808590E-03
    8.60000000E+03     2.06000000E+02     1.50504210E-01     3.65839600E+00     1.98722510E+00     1.54188226E+02     1.16038434E+04     2.26554250E+02     1.15643270E-03     8.70361272E-02     1.69918930E-03
    8.60000000E+03     2.08500000E+02     1.52330718E-01     3.65839600E+00     1.98722510E+00     1.65854276E+02     1.20691874E+04     2.43575600E+02     1.21428110E-03     8.83686902E-02     1.78330970E-03
    8.60000000E+03     2.11000000E+02     1.54157226E-01     3.65839600E+00     1.98722510E+00     1.78250366E+02     1.25482574E+04     2.61650356E+02     1.27429880E-03     8.97121710E-02     1.87052100E-03
    8.60000000E+03     2.13500000E+02     1.55983732E-01     3.65839600E+00     1.98722510E+00     1.91412962E+02     1.30413462E+04     2.80830144E+02     1.33654120E-03     9.10667544E-02     1.96089870E-03
    8.60000000E+03     2.16000000E+02     1.57810240E-01     3.65839600E+00     1.98722510E+00     2.05379882E+02     1.35487504E+04     3.01168452E+02     1.40106460E-03     9.24326208E-02     2.05451890E-03
    8.60000000E+03     2.18500000E+02     1.59636748E-01     3.65839600E+00     1.98722510E+00     2.20190384E+02     1.40707734E+04     3.22720698E+02     1.46792600E-03     9.38099546E-02     2.15145890E-03
    8.60000000E+03     2.21000000E+02     1.61463254E-01     3.65839600E+00     1.98722510E+00     2.35885158E+02     1.46077226E+04     3.45544286E+02     1.53718340E-03     9.51989420E-02     2.25179690E-03
    8.60000000E+03     2.23500000E+02     1.63289762E-01     3.65839600E+00     1.98722510E+00     2.52506398E+02     1.51599126E+04     3.69698640E+02     1.60889560E-03     9.65997702E-02     2.35561180E-03
    8.60000000E+03     2.26000000E+02     1.65116270E-01     3.65839600E+00     1.98722510E+00     2.70097802E+02     1.57276620E+04     3.95245226E+02     1.68312190E-03     9.80126262E-02     2.46298380E-03
    8.60000000E+03     2.28500000E+02     1.66942778E-01     3.65839600E+00     1.98722510E+00     2.88704666E+02     1.63112962E+04     4.22247672E+02     1.75992280E-03     9.94377016E-02     2.57399370E-03
    8.60000000E+03     2.31000000E+02     1.68769284E-01     3.65839600E+00     1.98722510E+00     3.08373864E+02     1.69111452E+04     4.50771722E+02     1.83935950E-03     1.00875188E-01     2.68872340E-03
    8.60000000E+03     2.33500000E+02     1.70595790E-01     3.65839600E+00     1.98722510E+00     3.29153960E+02     1.75275476E+04     4.80885428E+02     1.92149440E-03     1.02325278E-01     2.80725620E-03
    8.60000000E+03     2.36000000E+02     1.72422300E-01     3.65839600E+00     1.98722510E+00     3.51095134E+02     1.81608448E+04     5.12658976E+02     2.00639000E-03     1.03788168E-01     2.92967550E-03
    8.60000000E+03     2.38500000E+02     1.74248808E-01     3.65839600E+00     1.98722510E+00     3.74249370E+02     1.88113866E+04     5.46165010E+02     2.09411050E-03     1.05264052E-01     3.05606650E-03
    8.60000000E+03     2.41000000E+02     1.76075314E-01     3.65839600E+00     1.98722510E+00     3.98670386E+02     1.94795290E+04     5.81478470E+02     2.18472060E-03     1.06753136E-01     3.18651490E-03
    8.60000000E+03     2.43500000E+02     1.77901820E-01     3.65839600E+00     1.98722510E+00     4.24413690E+02     2.01656320E+04     6.18676672E+02     2.27828550E-03     1.08255610E-01     3.32110720E-03
    8.60000000E+03     2.46000000E+02     1.79728330E-01     3.65839600E+00     1.98722510E+00     4.51536702E+02     2.08700654E+04     6.57839518E+02     2.37487190E-03     1.09771682E-01     3.45993150E-03
    8.60000000E+03     2.48500000E+02     1.81554836E-01     3.65839600E+00     1.98722510E+00     4.80098726E+02     2.15932038E+04     6.99049396E+02     2.47454730E-03     1.11301560E-01     3.60307650E-03
    8.60000000E+03     2.52250000E+02     1.84294597E-01     3.65839600E+00     1.98722510E+00     5.25973833E+02     2.27162786E+04     7.65171935E+02     2.63040910E-03     1.13624484E-01     3.82665980E-03
    8.60000000E+03     2.57250000E+02     1.87947613E-01     3.65839600E+00     1.98722510E+00     5.92516512E+02     2.42796219E+04     8.60961119E+02     2.84915500E-03     1.16769620E-01     4.14000450E-03
    8.60000000E+03     2.62250000E+02     1.91600626E-01     3.65839600E+00     1.98722510E+00     6.65984708E+02     2.59248831E+04     9.66556485E+02     3.08151470E-03     1.19973708E-01     4.47227900E-03
    8.60000000E+03     2.67250000E+02     1.95253643E-01     3.65839600E+00     1.98722510E+00     7.46952104E+02     2.76554020E+04     1.08274822E+03     3.32807160E-03     1.23238465E-01     4.82424130E-03
    8.60000000E+03     2.72250000E+02     1.98906656E-01     3.65839600E+00     1.98722510E+00     8.36028396E+02     2.94746362E+04     1.21037363E+03     3.58942340E-03     1.26565630E-01     5.19666540E-03
    8.60000000E+03     2.77250000E+02     2.02559672E-01     3.65839600E+00     1.98722510E+00     9.33861041E+02     3.13861677E+04     1.35031933E+03     3.86618360E-03     1.29956976E-01     5.59034140E-03
    8.60000000E+03     2.82250000E+02     2.06212686E-01     3.65839600E+00     1.98722510E+00     1.04113686E+03     3.33937071E+04     1.50352304E+03     4.15898090E-03     1.33414304E-01     6.00607590E-03
    8.60000000E+03     2.87250000E+02     2.09865701E-01     3.65839600E+00     1.98722510E+00     1.15858385E+03     3.55010979E+04     1.67097573E+03     4.46846020E-03     1.36939441E-01     6.44469220E-03
    8.60000000E+03     2.92250000E+02     2.13518716E-01     3.65839600E+00     1.98722510E+00     1.28697291E+03     3.77123200E+04     1.85372368E+03     4.79528220E-03     1.40534247E-01     6.90703060E-03
    8.60000000E+03     2.97250000E+02     2.17171731E-01     3.65839600E+00     1.98722510E+00     1.42711959E+03     4.00314944E+04     2.05287050E+03     5.14012400E-03     1.44200613E-01     7.39394800E-03
    8.60000000E+03     3.02250000E+02     2.20824745E-01     3.65839600E+00     1.98722510E+00     1.57988628E+03     4.24628902E+04     2.26957977E+03     5.50367980E-03     1.47940464E-01     7.90631990E-03
    8.60000000E+03     3.07250000E+02     2.24477761E-01     3.65839600E+00     1.98722510E+00     1.74618367E+03     4.50109229E+04     2.50507637E+03     5.88665980E-03     1.51755749E-01     8.44503740E-03
    8.60000000E+03     3.12250000E+02     2.28130775E-01     3.65839600E+00     1.98722510E+00     1.92697310E+03     4.76801647E+04     2.76064962E+03     6.28979180E-03     1.55648449E-01     9.01101030E-03
    8.60000000E+03     3.17250000E+02     2.31783790E-01     3.65839600E+00     1.98722510E+00     2.12326869E+03     5.04753489E+04     3.03765547E+03     6.71382150E-03     1.59620584E-01     9.60516710E-03
    8.60000000E+03     3.22250000E+02     2.35436805E-01     3.65839600E+00     1.98722510E+00     2.33613896E+03     5.34013694E+04     3.33751844E+03     7.15951130E-03     1.63674197E-01     1.02284529E-02
    8.60000000E+03     3.27250000E+02     2.39089819E-01     3.65839600E+00     1.98722510E+00     2.56670971E+03     5.64632940E+04     3.66173492E+03     7.62764300E-03     1.67811370E-01     1.08818333E-02
    8.60000000E+03     3.32250000E+02     2.42742835E-01     3.65839600E+00     1.98722510E+00     2.81616540E+03     5.96663585E+04     4.01187460E+03     8.11901490E-03     1.72034207E-01     1.15662902E-02
    8.60000000E+03     3.37250000E+02     2.46395849E-01     3.65839600E+00     1.98722510E+00     3.08575239E+03     6.30159843E+04     4.38958447E+03     8.63444580E-03     1.76344861E-01     1.22828274E-02
    8.60000000E+03     3.42250000E+02     2.50048864E-01     3.65839600E+00     1.98722510E+00     3.37678031E+03     6.65177698E+04     4.79658996E+03     9.17477160E-03     1.80745495E-01     1.30324653E-02
    8.60000000E+03     3.47250000E+02     2.53701879E-01     3.65839600E+00     1.98722510E+00     3.69062541E+03     7.01775079E+04     5.23469915E+03     9.74084870E-03     1.85238321E-01     1.38162467E-02
    8.60000000E+03     3.52250000E+02     2.57354894E-01     3.65839600E+00     1.98722510E+00     4.02873282E+03     7.40011869E+04     5.70580518E+03     1.03335533E-02     1.89825583E-01     1.46352339E-02
    8.60000000E+03     3.57250000E+02     2.61007908E-01     3.65839600E+00     1.98722510E+00     4.39261808E+03     7.79949868E+04     6.21188776E+03     1.09537798E-02     1.94509541E-01     1.54905078E-02
    8.60000000E+03     3.62250000E+02     2.64660924E-01     3.65839600E+00     1.98722510E+00     4.78387166E+03     8.21653026E+04     6.75501886E+03     1.16024442E-02     1.99292509E-01     1.63831735E-02
    8.60000000E+03     3.67250000E+02     2.68313937E-01     3.65839600E+00     1.98722510E+00     5.20415990E+03     8.65187316E+04     7.33736319E+03     1.22804828E-02     2.04176816E-01     1.73143547E-02
    8.60000000E+03     3.72250000E+02     2.71966954E-01     3.65839600E+00     1.98722510E+00     5.65522894E+03     9.10620917E+04     7.96118316E+03     1.29888529E-02     2.09164832E-01     1.82851988E-02
    8.60000000E+03     3.77250000E+02     2.75619967E-01     3.65839600E+00     1.98722510E+00     6.13890670E+03     9.58024178E+04     8.62884084E+03     1.37285314E-02     2.14258951E-01     1.92968745E-02
    8.60000000E+03     3.82250000E+02     2.79272983E-01     3.65839600E+00     1.98722510E+00     6.65710683E+03     1.00746975E+05     9.34280285E+03     1.45005195E-02     2.19461609E-01     2.03505741E-02
    8.60000000E+03     3.87250000E+02     2.82925997E-01     3.65839600E+00     1.98722510E+00     7.21183069E+03     1.05903262E+05     1.01056423E+04     1.53058378E-02     2.24775266E-01     2.14475130E-02
    8.60000000E+03     3.92250000E+02     2.86579013E-01     3.65839600E+00     1.98722510E+00     7.80517086E+03     1.11279004E+05     1.09200427E+04     1.61455301E-02     2.30202407E-01     2.25889299E-02
    8.60000000E+03     3.97250000E+02     2.90232026E-01     3.65839600E+00     1.98722510E+00     8.43931481E+03     1.16882185E+05     1.17888034E+04     1.70206635E-02     2.35745561E-01     2.37760900E-02
    8.60000000E+03     4.02250000E+02     2.93885043E-01     3.65839600E+00     1.98722510E+00     9.11654710E+03     1.22721031E+05     1.27148403E+04     1.79323270E-02     2.41407275E-01     2.50102814E-02
    8.60000000E+03     4.07250000E+02     2.97538056E-01     3.65839600E+00     1.98722510E+00     9.83925304E+03     1.28804011E+05     1.37011920E+04     1.88816320E-02     2.47190123E-01     2.62928185E-02
    8.60000000E+03     4.12250000E+02     3.01191072E-01     3.65839600E+00     1.98722510E+00     1.06099230E+04     1.35139873E+05     1.47510239E+04     1.98697163E-02     2.53096726E-01     2.76250438E-02
    8.60000000E+03     4.17250000E+02     3.04844086E-01     3.65839600E+00     1.98722510E+00     1.14311548E+04     1.41737620E+05     1.58676313E+04     2.08977394E-02     2.59129710E-01     2.90083257E-02
    8.60000000E+03     4.22250000E+02     3.08497101E-01     3.65839600E+00     1.98722510E+00     1.23056577E+04     1.48606523E+05     1.70544441E+04     2.19668862E-02     2.65291741E-01     3.04440609E-02
    8.60000000E+03     4.27250000E+02     3.12150116E-01     3.65839600E+00     1.98722510E+00     1.32362554E+04     1.55756135E+05     1.83150307E+04     2.30783649E-02     2.71585505E-01     3.19336737E-02
    8.60000000E+03     4.32250000E+02     3.15803131E-01     3.65839600E+00     1.98722510E+00     1.42258916E+04     1.63196285E+05     1.96531048E+04     2.42334108E-02     2.78013713E-01     3.34786195E-02
    8.60000000E+03     4.37250000E+02     3.19456145E-01     3.65839600E+00     1.98722510E+00     1.52776317E+04     1.70937096E+05     2.10725277E+04     2.54332839E-02     2.84579107E-01     3.50803842E-02
    8.60000000E+03     4.42250000E+02     3.23109161E-01     3.65839600E+00     1.98722510E+00     1.63946676E+04     1.78988973E+05     2.25773141E+04     2.66792689E-02     2.91284437E-01     3.67404836E-02
    8.60000000E+03     4.47250000E+02     3.26762175E-01     3.65839600E+00     1.98722510E+00     1.75803216E+04     1.87362618E+05     2.41716361E+04     2.79726764E-02     2.98132478E-01     3.84604646E-02
    8.60000000E+03     4.52250000E+02     3.30415190E-01     3.65839600E+00     1.98722510E+00     1.88380517E+04     1.96069049E+05     2.58598326E+04     2.93148466E-02     3.05126044E-01     4.02419120E-02
    8.60000000E+03     4.57250000E+02     3.34068205E-01     3.65839600E+00     1.98722510E+00     2.01714532E+04     2.05119574E+05     2.76464088E+04     3.07071432E-02     3.12267939E-01     4.20864401E-02
    8.60000000E+03     4.62250000E+02     3.37721219E-01     3.65839600E+00     1.98722510E+00     2.15842658E+04     2.14525817E+05     2.95360466E+04     3.21509585E-02     3.19561001E-01     4.39957000E-02
    8.60000000E+03     4.67250000E+02     3.41374235E-01     3.65839600E+00     1.98722510E+00     2.30803747E+04     2.24299715E+05     3.15336065E+04     3.36477107E-02     3.27008069E-01     4.59713778E-02
    8.60000000E+03     4.72250000E+02     3.45027249E-01     3.65839600E+00     1.98722510E+00     2.46638184E+04     2.34453530E+05     3.36441378E+04     3.51988480E-02     3.34612008E-01     4.80151984E-02
    8.60000000E+03     4.77250000E+02     3.48680264E-01     3.65839600E+00     1.98722510E+00     2.63387918E+04     2.44999846E+05     3.58728825E+04     3.68058457E-02     3.42375686E-01     5.01289257E-02
    8.60000000E+03     4.82250000E+02     3.52333279E-01     3.65839600E+00     1.98722510E+00     2.81096488E+04     2.55951562E+05     3.82252791E+04     3.84702052E-02     3.50301978E-01     5.23143583E-02
    8.60000000E+03     4.87250000E+02     3.55986294E-01     3.65839600E+00     1.98722510E+00     2.99809117E+04     2.67321924E+05     4.07069766E+04     4.01934614E-02     3.58393772E-01     5.45733428E-02
    8.60000000E+03     4.92250000E+02     3.59639308E-01     3.65839600E+00     1.98722510E+00     3.19572727E+04     2.79124515E+05     4.33238368E+04     4.19771759E-02     3.66653962E-01     5.69077655E-02
    8.60000000E+03     4.97250000E+02     3.63292324E-01     3.65839600E+00     1.98722510E+00     3.40435949E+04     2.91373217E+05     4.60819337E+04     4.38229344E-02     3.75085414E-01     5.93195478E-02
    8.60000000E+03     5.12250000E+02     3.74251368E-01     3.65839600E+00     1.98722510E+00     4.11450549E+04     3.31445492E+05     5.54358812E+04     4.98175426E-02     4.01619035E-01     6.71245742E-02
    8.60000000E+03     5.37250000E+02     3.92516442E-01     3.65839600E+00     1.98722510E+00     5.55010913E+04     4.07791539E+05     7.42467886E+04     6.11009636E-02     4.49244189E-01     8.17423957E-02
    8.60000000E+03     5.62250000E+02     4.10781516E-01     3.65839600E+00     1.98722510E+00     7.39360677E+04     4.98829997E+05     9.82594103E+04     7.43290522E-02     5.01786638E-01     9.87862549E-02
    8.60000000E+03     5.87250000E+02     4.29046590E-01     3.65839600E+00     1.98722510E+00     9.73739059E+04     6.06808865E+05     1.28649533E+05     8.97453691E-02     5.59573992E-01     1.18575383E-01
    8.60000000E+03     6.12250000E+02     4.47311664E-01     3.65839600E+00     1.98722510E+00     1.26897354E+05     7.34173491E+05     1.66816354E+05     1.07611481E-01     6.22898355E-01     1.41467965E-01
    8.60000000E+03     6.37250000E+02     4.65576738E-01     3.65839600E+00     1.98722510E+00     1.63764218E+05     8.83541826E+05     2.14417403E+05     1.28205274E-01     6.92000543E-01     1.67863705E-01
    8.60000000E+03     6.62250000E+02     4.83841812E-01     3.65839600E+00     1.98722510E+00     2.09421795E+05     1.05766674E+06     2.73404233E+05     1.51817938E-01     7.67053422E-01     1.98204163E-01
    8.60000000E+03     6.87250000E+02     5.02106886E-01     3.65839600E+00     1.98722510E+00     2.65517780E+05     1.25938532E+06     3.46055402E+05     1.78749231E-01     8.48145636E-01     2.32969483E-01
    8.60000000E+03     7.12250000E+02     5.20371960E-01     3.65839600E+00     1.98722510E+00     3.33905466E+05     1.49155633E+06     4.35001353E+05     2.09300631E-01     9.35267181E-01     2.72669862E-01
    8.60000000E+03     7.37250000E+02     5.38637034E-01     3.65839600E+00     1.98722510E+00     4.16640769E+05     1.75698983E+06     5.43234214E+05     2.43766148E-01     1.02829898E+00     3.17830278E-01
    8.60000000E+03     7.62250000E+02     5.56902108E-01     3.65839600E+00     1.98722510E+00     5.15967746E+05     2.05837232E+06     6.74093238E+05     2.82420342E-01     1.12700730E+00     3.68966848E-01
    8.60000000E+03     7.87250000E+02     5.75167183E-01     3.65839600E+00     1.98722510E+00     6.34289737E+05     2.39819378E+06     8.31216625E+05     3.25503675E-01     1.23104443E+00     4.26554327E-01
    8.60000000E+03     8.12250000E+02     5.93432257E-01     3.65839600E+00     1.98722510E+00     7.74123015E+05     2.77868054E+06     1.01845066E+06     3.73205305E-01     1.33995526E+00     4.90985107E-01
    8.60000000E+03     8.37250000E+02     6.11697331E-01     3.65839600E+00     1.98722510E+00     9.38030129E+05     3.20173555E+06     1.23970929E+06     4.25643650E-01     1.45318793E+00     5.62521267E-01
    8.60000000E+03     8.62250000E+02     6.29962405E-01     3.65839600E+00     1.98722510E+00     1.12853190E+06     3.66888513E+06     1.49878286E+06     4.82845755E-01     1.57010634E+00     6.41243378E-01
    8.60000000E+03     8.87250000E+02     6.48227479E-01     3.65839600E+00     1.98722510E+00     1.34799771E+06     4.18122590E+06     1.79909979E+06     5.44726452E-01     1.69000079E+00     7.27000419E-01
    8.60000000E+03     9.12250000E+02     6.66492553E-01     3.65839600E+00     1.98722510E+00     1.59851666E+06     4.73936396E+06     2.14345334E+06     6.11068998E-01     1.81209423E+00     8.19366636E-01
    8.60000000E+03     9.37250000E+02     6.84757627E-01     3.65839600E+00     1.98722510E+00     1.88175472E+06     5.34333950E+06     2.53371241E+06     6.81509158E-01     1.93554283E+00     9.17611150E-01
    8.60000000E+03     9.62250000E+02     7.03022701E-01     3.65839600E+00     1.98722510E+00     2.19880600E+06     5.99253181E+06     2.97054079E+06     7.55524782E-01     2.05943090E+00     1.02068538E+00
    8.60000000E+03     9.87250000E+02     7.21287775E-01     3.65839600E+00     1.98722510E+00     2.55005009E+06     6.68555074E+06     3.45315418E+06     8.32433365E-01     2.18276423E+00     1.12723235E+00
    8.60000000E+03     1.01225000E+03     7.39552849E-01     3.65839600E+00     1.98722510E+00     2.93503049E+06     7.42012722E+06     3.97914445E+06     9.11399670E-01     2.30446642E+00     1.23562009E+00
    8.60000000E+03     1.03725000E+03     7.57817923E-01     3.65839600E+00     1.98722510E+00     3.35237021E+06     8.19302532E+06     4.54439824E+06     9.91455056E-01     2.42338394E+00     1.34399860E+00
    8.60000000E+03     1.06225000E+03     7.76082997E-01     3.65839600E+00     1.98722510E+00     3.79974140E+06     9.00000264E+06     5.14313040E+06     1.07152909E+00     2.53830470E+00     1.45037797E+00
    8.60000000E+03     1.08725000E+03     7.94348072E-01     3.65839600E+00     1.98722510E+00     4.27390128E+06     9.83584308E+06     5.76804205E+06     1.15049252E+00     2.64799238E+00     1.55272228E+00
    8.60000000E+03     1.11225000E+03     8.12613146E-01     3.65839600E+00     1.98722510E+00     4.77079936E+06     1.06944770E+07     6.41059722E+06     1.22720883E+00     2.75123485E+00     1.64905095E+00
    8.60000000E+03     1.13725000E+03     8.30878220E-01     3.65839600E+00     1.98722510E+00     5.28575550E+06     1.15691953E+07     7.06140102E+06     1.30059033E+00     2.84690354E+00     1.73753956E+00
    8.60000000E+03     1.16225000E+03     8.49143294E-01     3.65839600E+00     1.98722510E+00     5.81369227E+06     1.24529388E+07     7.71064133E+06     1.36965320E+00     2.93401500E+00     1.81660894E+00
    8.60000000E+03     1.18725000E+03     8.67408368E-01     3.65839600E+00     1.98722510E+00     6.34940192E+06     1.33386382E+07     8.34855190E+06     1.43356568E+00     3.01178755E+00     1.88499491E+00
    8.60000000E+03     1.21225000E+03     8.85673442E-01     3.65839600E+00     1.98722510E+00     6.88781943E+06     1.42195674E+07     8.96584806E+06     1.49168466E+00     3.07968487E+00     1.94179192E+00
    8.60000000E+03     1.23725000E+03     9.03938516E-01     3.65839600E+00     1.98722510E+00     7.42427296E+06     1.50896675E+07     9.55409228E+06     1.54357680E+00     3.13744089E+00     1.98646766E+00
    8.60000000E+03     1.26225000E+03     9.22203590E-01     3.65839600E+00     1.98722510E+00     7.95468919E+06     1.59438109E+07     1.01059604E+07     1.58902353E+00     3.18506375E+00     2.01885033E+00
    8.60000000E+03     1.28725000E+03     9.40468664E-01     3.65839600E+00     1.98722510E+00     8.47573409E+06     1.67779797E+07     1.06153895E+07     1.62801012E+00     3.22281937E+00     2.03909173E+00
    8.60000000E+03     1.31225000E+03     9.58733738E-01     3.65839600E+00     1.98722510E+00     8.98488751E+06     1.75893511E+07     1.10776161E+07     1.66070263E+00     3.25119871E+00     2.04761462E+00
    8.60000000E+03     1.33725000E+03     9.76998812E-01     3.65839600E+00     1.98722510E+00     9.48045150E+06     1.83762944E+07     1.14891163E+07     1.68741601E+00     3.27087361E+00     2.04505076E+00
    8.60000000E+03     1.36225000E+03     9.95263895E-01     3.65839600E+00     1.98722510E+00     9.96150333E+06     1.91382930E+07     1.18474719E+07     1.70857787E+00     3.28264730E+00     2.03217728E+00
    8.60000000E+03     1.38725000E+03     1.01352895E+00     3.65839600E+00     1.98722510E+00     1.04278086E+07     1.98758117E+07     1.21511961E+07     1.72469198E+00     3.28740463E+00     2.00985761E+00
    8.60000000E+03     1.41225000E+03     1.03179405E+00     3.65839600E+00     1.98722510E+00     1.08797108E+07     2.05901358E+07     1.23995431E+07     1.73630464E+00     3.28606703E+00     1.97899114E+00
    8.60000000E+03     1.43725000E+03     1.05005911E+00     3.65839600E+00     1.98722510E+00     1.13180121E+07     2.12831963E+07     1.25923229E+07     1.74397578E+00     3.27955386E+00     1.94047331E+00
    8.60000000E+03     1.46225000E+03     1.06832418E+00     3.65839600E+00     1.98722510E+00     1.17438559E+07     2.19574014E+07     1.27297423E+07     1.74825607E+00     3.26875234E+00     1.89516710E+00
    8.60000000E+03     1.48725000E+03     1.08658925E+00     3.65839600E+00     1.98722510E+00     1.21586196E+07     2.26154835E+07     1.28122728E+07     1.74966986E+00     3.25449565E+00     1.84388466E+00
    8.60000000E+03     1.51225000E+03     1.10485434E+00     3.65839600E+00     1.98722510E+00     1.25638255E+07     2.32603687E+07     1.28405610E+07     1.74870404E+00     3.23754872E+00     1.78737818E+00
    8.60000000E+03     1.53725000E+03     1.12311941E+00     3.65839600E+00     1.98722510E+00     1.29610680E+07     2.38950712E+07     1.28153697E+07     1.74580146E+00     3.21860064E+00     1.72633748E+00
    8.60000000E+03     1.56225000E+03     1.14138447E+00     3.65839600E+00     1.98722510E+00     1.33519588E+07     2.45226109E+07     1.27375538E+07     1.74135837E+00     3.19826205E+00     1.66139273E+00
    8.60000000E+03     1.58725000E+03     1.15964955E+00     3.65839600E+00     1.98722510E+00     1.37380872E+07     2.51459527E+07     1.26080589E+07     1.73572436E+00     3.17706622E+00     1.59312044E+00
    8.60000000E+03     1.61225000E+03     1.17791464E+00     3.65839600E+00     1.98722510E+00     1.41209975E+07     2.57679655E+07     1.24279477E+07     1.72920500E+00     3.15547306E+00     1.52205155E+00
    8.60000000E+03     1.63725000E+03     1.19617970E+00     3.65839600E+00     1.98722510E+00     1.45021722E+07     2.63913918E+07     1.21984329E+07     1.72206473E+00     3.13387416E+00     1.44867992E+00
    8.60000000E+03     1.66225000E+03     1.21444477E+00     3.65839600E+00     1.98722510E+00     1.48830285E+07     2.70188341E+07     1.19209268E+07     1.71453134E+00     3.11259921E+00     1.37347093E+00
    8.60000000E+03     1.68725000E+03     1.23270985E+00     3.65839600E+00     1.98722510E+00     1.52649155E+07     2.76527418E+07     1.15970910E+07     1.70679982E+00     3.09192205E+00     1.29686913E+00
    8.60000000E+03     1.71225000E+03     1.25097493E+00     3.65839600E+00     1.98722510E+00     1.56491199E+07     2.82954099E+07     1.12288918E+07     1.69903677E+00     3.07206718E+00     1.21930528E+00
    8.60000000E+03     1.73725000E+03     1.26924000E+00     3.65839600E+00     1.98722510E+00     1.60368698E+07     2.89489760E+07     1.08186490E+07     1.69138408E+00     3.05321530E+00     1.14120168E+00
    8.60000000E+03     1.76225000E+03     1.28750506E+00     3.65839600E+00     1.98722510E+00     1.64293415E+07     2.96154228E+07     1.03690848E+07     1.68396237E+00     3.03550892E+00     1.06297656E+00
    8.60000000E+03     1.78725000E+03     1.30577015E+00     3.65839600E+00     1.98722510E+00     1.68276636E+07     3.02965762E+07     9.88336198E+06     1.67687391E+00     3.01905672E+00     9.85046912E-01
    8.60000000E+03     1.81225000E+03     1.32403523E+00     3.65839600E+00     1.98722510E+00     1.72329215E+07     3.09941074E+07     9.36511731E+06     1.67020496E+00     3.00393786E+00     9.07830147E-01
    8.60000000E+03     1.83725000E+03     1.34230029E+00     3.65839600E+00     1.98722510E+00     1.76461601E+07     3.17095323E+07     8.81848597E+06     1.66402796E+00     2.99020546E+00     8.31744954E-01
    8.60000000E+03     1.86225000E+03     1.36056536E+00     3.65839600E+00     1.98722510E+00     1.80683839E+07     3.24442093E+07     8.24811247E+06     1.65840295E+00     2.97788971E+00     7.57210551E-01
    8.60000000E+03     1.88725000E+03     1.37883045E+00     3.65839600E+00     1.98722510E+00     1.85005546E+07     3.31993365E+07     7.65915441E+06     1.65337884E+00     2.96700029E+00     6.84645496E-01
    8.60000000E+03     1.91225000E+03     1.39709552E+00     3.65839600E+00     1.98722510E+00     1.89435875E+07     3.39759468E+07     7.05727183E+06     1.64899427E+00     2.95752868E+00     6.14465422E-01
    8.60000000E+03     1.93725000E+03     1.41536059E+00     3.65839600E+00     1.98722510E+00     1.93983466E+07     3.47749038E+07     6.44860707E+06     1.64527834E+00     2.94944993E+00     5.47080307E-01
    8.60000000E+03     1.96225000E+03     1.43362565E+00     3.65839600E+00     1.98722510E+00     1.98656356E+07     3.55968953E+07     5.83974789E+06     1.64225100E+00     2.94272438E+00     4.82890795E-01
    8.60000000E+03     1.98725000E+03     1.45189075E+00     3.65839600E+00     1.98722510E+00     2.03461893E+07     3.64424256E+07     5.23768225E+06     1.63992336E+00     2.93729889E+00     4.22284420E-01
    8.60000000E+03     2.01225000E+03     1.47015582E+00     3.65839600E+00     1.98722510E+00     2.08406635E+07     3.73118109E+07     4.64973593E+06     1.63829800E+00     2.93310824E+00     3.65631087E-01
    8.60000000E+03     2.03725000E+03     1.48842088E+00     3.65839600E+00     1.98722510E+00     2.13496245E+07     3.82051729E+07     4.08349965E+06     1.63736903E+00     2.93007634E+00     3.13278466E-01
    8.60000000E+03     2.06225000E+03     1.50668595E+00     3.65839600E+00     1.98722510E+00     2.18735377E+07     3.91224336E+07     3.54674294E+06     1.63712243E+00     2.92811731E+00     2.65547137E-01
    8.60000000E+03     2.08725000E+03     1.52495105E+00     3.65839600E+00     1.98722510E+00     2.24127569E+07     4.00633135E+07     3.04731539E+06     1.63753608E+00     2.92713670E+00     2.22725609E-01
    8.60000000E+03     2.11225000E+03     1.54321611E+00     3.65839600E+00     1.98722510E+00     2.29675152E+07     4.10273307E+07     2.59304023E+06     1.63858026E+00     2.92703277E+00     1.85065594E-01
    8.60000000E+03     2.13725000E+03     1.56148118E+00     3.65839600E+00     1.98722510E+00     2.35379162E+07     4.20138044E+07     2.19159657E+06     1.64021786E+00     2.92769769E+00     1.52777298E-01
    8.60000000E+03     2.16225000E+03     1.57974625E+00     3.65839600E+00     1.98722510E+00     2.41239279E+07     4.30218595E+07     1.85039841E+06     1.64240494E+00     2.92901897E+00     1.26025278E-01
    8.60000000E+03     2.18725000E+03     1.59801134E+00     3.65839600E+00     1.98722510E+00     2.47253791E+07     4.40504386E+07     1.57646823E+06     1.64509140E+00     2.93088098E+00     1.04924671E-01
    8.60000000E+03     2.21225000E+03     1.61627641E+00     3.65839600E+00     1.98722510E+00     2.53419580E+07     4.50983135E+07     1.37631241E+06     1.64822159E+00     2.93316641E+00     8.95382210E-02
    8.60000000E+03     2.23725000E+03     1.63454147E+00     3.65839600E+00     1.98722510E+00     2.59732147E+07     4.61641057E+07     1.25579981E+06     1.65173536E+00     2.93575795E+00     7.98740921E-02
    8.60000000E+03     2.26225000E+03     1.65280655E+00     3.65839600E+00     1.98722510E+00     2.66185670E+07     4.72463071E+07     1.22004668E+06     1.65556888E+00     2.93853996E+00     7.58845519E-02
    8.60000000E+03     2.28725000E+03     1.67107164E+00     3.65839600E+00     1.98722510E+00     2.72773075E+07     4.83433047E+07     1.27331317E+06     1.65965579E+00     2.94139998E+00     7.74657326E-02
    8.60000000E+03     2.31225000E+03     1.68933670E+00     3.65839600E+00     1.98722510E+00     2.79486177E+07     4.94534105E+07     1.41891332E+06     1.66392828E+00     2.94423058E+00     8.44584149E-02
    8.60000000E+03     2.33725000E+03     1.70760177E+00     3.65839600E+00     1.98722510E+00     2.86315811E+07     5.05748911E+07     1.65914150E+06     1.66831832E+00     2.94693062E+00     9.66498692E-02
    8.60000000E+03     2.36225000E+03     1.72586685E+00     3.65839600E+00     1.98722510E+00     2.93252008E+07     5.17059997E+07     1.99521744E+06     1.67275875E+00     2.94940682E+00     1.13776707E-01
    8.60000000E+03     2.38725000E+03     1.74413193E+00     3.65839600E+00     1.98722510E+00     3.00284197E+07     5.28450101E+07     2.42725217E+06     1.67718447E+00     2.95157496E+00     1.35528716E-01
    8.60000000E+03     2.41225000E+03     1.76239700E+00     3.65839600E+00     1.98722510E+00     3.07401398E+07     5.39902463E+07     2.95423311E+06     1.68153349E+00     2.95336082E+00     1.61553446E-01
    8.60000000E+03     2.43725000E+03     1.78066206E+00     3.65839600E+00     1.98722510E+00     3.14592447E+07     5.51401157E+07     3.57403184E+06     1.68574789E+00     2.95470106E+00     1.91461577E-01
    8.60000000E+03     2.46225000E+03     1.79892715E+00     3.65839600E+00     1.98722510E+00     3.21846202E+07     5.62931351E+07     4.28342908E+06     1.68977461E+00     2.95554370E+00     2.24832685E-01
    8.60000000E+03     2.48725000E+03     1.81719223E+00     3.65839600E+00     1.98722510E+00     3.29151761E+07     5.74479583E+07     5.07815979E+06     1.69356625E+00     2.95584852E+00     2.61221461E-01
    8.60000000E+03     2.52475000E+03     1.84458982E+00     3.65839600E+00     1.98722510E+00     3.40187839E+07     5.91809167E+07     6.42733575E+06     1.69868378E+00     2.95516455E+00     3.20673951E-01
    8.60000000E+03     2.57475000E+03     1.88111999E+00     3.65839600E+00     1.98722510E+00     3.54985295E+07     6.14882356E+07     8.45476128E+06     1.70440409E+00     2.95229865E+00     4.05662490E-01
    8.60000000E+03     2.62475000E+03     1.91765012E+00     3.65839600E+00     1.98722510E+00     3.69826494E+07     6.37875038E+07     1.07015609E+07     1.70866252E+00     2.94713233E+00     4.94151225E-01
    8.60000000E+03     2.67475000E+03     1.95418028E+00     3.65839600E+00     1.98722510E+00     3.84663479E+07     6.60769244E+07     1.30967069E+07     1.71139584E+00     2.93984680E+00     5.82413053E-01
    8.60000000E+03     2.72475000E+03     1.99071042E+00     3.65839600E+00     1.98722510E+00     3.99467131E+07     6.83577973E+07     1.55627585E+07     1.71263672E+00     2.93073908E+00     6.66973485E-01
    8.60000000E+03     2.77475000E+03     2.02724058E+00     3.65839600E+00     1.98722510E+00     4.14227589E+07     7.06342097E+07     1.80188696E+07     1.71249872E+00     2.92018732E+00     7.44714155E-01
    8.60000000E+03     2.82475000E+03     2.06377071E+00     3.65839600E+00     1.98722510E+00     4.28953323E+07     7.29125717E+07     2.03836004E+07     1.71115829E+00     2.90861620E+00     8.12944335E-01
    8.60000000E+03     2.87475000E+03     2.10030087E+00     3.65839600E+00     1.98722510E+00     4.43669260E+07     7.52010614E+07     2.25775359E+07     1.70883590E+00     2.89646524E+00     8.69446968E-01
    8.60000000E+03     2.92475000E+03     2.13683101E+00     3.65839600E+00     1.98722510E+00     4.58414137E+07     7.75090168E+07     2.45257665E+07     1.70577784E+00     2.88416116E+00     9.12506458E-01
    8.60000000E+03     2.97475000E+03     2.17336117E+00     3.65839600E+00     1.98722510E+00     4.73237411E+07     7.98463167E+07     2.61603167E+07     1.70223947E+00     2.87209529E+00     9.40925006E-01
    8.60000000E+03     3.02475000E+03     2.20989131E+00     3.65839600E+00     1.98722510E+00     4.88195891E+07     8.22227795E+07     2.74225811E+07     1.69847070E+00     2.86060607E+00     9.54031848E-01
    8.60000000E+03     3.07475000E+03     2.24642146E+00     3.65839600E+00     1.98722510E+00     5.03350209E+07     8.46475916E+07     2.82657758E+07     1.69470358E+00     2.84996627E+00     9.51687145E-01
    8.60000000E+03     3.12475000E+03     2.28295161E+00     3.65839600E+00     1.98722510E+00     5.18761256E+07     8.71287919E+07     2.86573501E+07     1.69114232E+00     2.84037490E+00     9.34279771E-01
    8.60000000E+03     3.17475000E+03     2.31948176E+00     3.65839600E+00     1.98722510E+00     5.34486740E+07     8.96728300E+07     2.85812171E+07     1.68795556E+00     2.83195337E+00     9.02715892E-01
    8.60000000E+03     3.22475000E+03     2.35601190E+00     3.65839600E+00     1.98722510E+00     5.50577927E+07     9.22842147E+07     2.80396159E+07     1.68527085E+00     2.82474571E+00     8.58394539E-01
    8.60000000E+03     3.27475000E+03     2.39254205E+00     3.65839600E+00     1.98722510E+00     5.67076766E+07     9.49652802E+07     2.70543534E+07     1.68317164E+00     2.81872281E+00     8.03165612E-01
    8.60000000E+03     3.32475000E+03     2.42907220E+00     3.65839600E+00     1.98722510E+00     5.84013581E+07     9.77160835E+07     2.56672161E+07     1.68169657E+00     2.81379017E+00     7.39268202E-01
    8.60000000E+03     3.37475000E+03     2.46560235E+00     3.65839600E+00     1.98722510E+00     6.01405465E+07     1.00534452E+08     2.39393277E+07     1.68084120E+00     2.80979892E+00     6.69247329E-01
    8.60000000E+03     3.42475000E+03     2.50213250E+00     3.65839600E+00     1.98722510E+00     6.19255509E+07     1.03416178E+08     2.19493673E+07     1.68056200E+00     2.80655943E+00     5.95851771E-01
    8.60000000E+03     3.47475000E+03     2.53866264E+00     3.65839600E+00     1.98722510E+00     6.37553021E+07     1.06355357E+08     1.97906445E+07     1.68078255E+00     2.80385659E+00     5.21917350E-01
    8.60000000E+03     3.52475000E+03     2.57519280E+00     3.65839600E+00     1.98722510E+00     6.56274659E+07     1.09344836E+08     1.75671612E+07     1.68140119E+00     2.80146575E+00     4.50242735E-01
    8.60000000E+03     3.57475000E+03     2.61172294E+00     3.65839600E+00     1.98722510E+00     6.75386421E+07     1.12376748E+08     1.53889069E+07     1.68229986E+00     2.79916810E+00     3.83466335E-01
    8.60000000E+03     3.62475000E+03     2.64825309E+00     3.65839600E+00     1.98722510E+00     6.94846351E+07     1.15443075E+08     1.33667227E+07     1.68335319E+00     2.79676449E+00     3.23953163E-01
    8.60000000E+03     3.67475000E+03     2.68478323E+00     3.65839600E+00     1.98722510E+00     7.14607660E+07     1.18536206E+08     1.16070874E+07     1.68443736E+00     2.79408651E+00     2.73699068E-01
    8.60000000E+03     3.72475000E+03     2.72131339E+00     3.65839600E+00     1.98722510E+00     7.34622026E+07     1.21649424E+08     1.02071898E+07     1.68543787E+00     2.79100456E+00     2.34258358E-01
    8.60000000E+03     3.77475000E+03     2.75784353E+00     3.65839600E+00     1.98722510E+00     7.54842846E+07     1.24777316E+08     9.25057799E+06     1.68625606E+00     2.78743235E+00     2.06697624E-01
    8.60000000E+03     3.82475000E+03     2.79437369E+00     3.65839600E+00     1.98722510E+00     7.75228105E+07     1.27916057E+08     8.80359256E+06     1.68681364E+00     2.78332793E+00     1.91576132E-01
    8.60000000E+03     3.87475000E+03     2.83090382E+00     3.65839600E+00     1.98722510E+00     7.95742799E+07     1.31063571E+08     8.91270592E+06     1.68705559E+00     2.77869167E+00     1.88950839E-01
    8.60000000E+03     3.92475000E+03     2.86743399E+00     3.65839600E+00     1.98722510E+00     8.16360661E+07     1.34219560E+08     9.60278666E+06     1.68695101E+00     2.77356173E+00     1.98402263E-01
    8.60000000E+03     3.97475000E+03     2.90396412E+00     3.65839600E+00     1.98722510E+00     8.37065273E+07     1.37385424E+08     1.08762704E+07     1.68649252E+00     2.76800772E+00     2.19077112E-01
    8.60000000E+03     4.02475000E+03     2.94049428E+00     3.65839600E+00     1.98722510E+00     8.57850487E+07     1.40564080E+08     1.27131481E+07     1.68569433E+00     2.76212308E+00     2.49742882E-01
    8.60000000E+03     4.07475000E+03     2.97702442E+00     3.65839600E+00     1.98722510E+00     8.78720232E+07     1.43759707E+08     1.50716984E+07     1.68458920E+00     2.75601705E+00     2.88850694E-01
    8.60000000E+03     4.12475000E+03     3.01355458E+00     3.65839600E+00     1.98722510E+00     8.99687749E+07     1.46977422E+08     1.78898826E+07     1.68322476E+00     2.74980658E+00     3.34603112E-01
    8.60000000E+03     4.17475000E+03     3.05008471E+00     3.65839600E+00     1.98722510E+00     9.20774359E+07     1.50222936E+08     2.10873556E+07     1.68165941E+00     2.74360868E+00     3.85024897E-01
    8.60000000E+03     4.22475000E+03     3.08661487E+00     3.65839600E+00     1.98722510E+00     9.42007869E+07     1.53502187E+08     2.45680444E+07     1.67995806E+00     2.73753358E+00     4.38034926E-01
    8.60000000E+03     4.27475000E+03     3.12314501E+00     3.65839600E+00     1.98722510E+00     9.63420714E+07     1.56820975E+08     2.82232794E+07     1.67818797E+00     2.73167888E+00     4.91518458E-01
    8.60000000E+03     4.32475000E+03     3.15967517E+00     3.65839600E+00     1.98722510E+00     9.85047883E+07     1.60184628E+08     3.19354554E+07     1.67641478E+00     2.72612491E+00     5.43398846E-01
    8.60000000E+03     4.37475000E+03     3.19620531E+00     3.65839600E+00     1.98722510E+00     1.00692477E+08     1.63597683E+08     3.55821791E+07     1.67469900E+00     2.72093131E+00     5.91707724E-01
    8.60000000E+03     4.42475000E+03     3.23273546E+00     3.65839600E+00     1.98722510E+00     1.02908516E+08     1.67063652E+08     3.90408153E+07     1.67309300E+00     2.71613513E+00     6.34652048E-01
    8.60000000E+03     4.47475000E+03     3.26926561E+00     3.65839600E+00     1.98722510E+00     1.05155910E+08     1.70584822E+08     4.21933208E+07     1.67163861E+00     2.71175017E+00     6.70676372E-01
    8.60000000E+03     4.52475000E+03     3.30579576E+00     3.65839600E+00     1.98722510E+00     1.07437141E+08     1.74162146E+08     4.49311866E+07     1.67036556E+00     2.70776771E+00     6.98517983E-01
    8.60000000E+03     4.57475000E+03     3.34232590E+00     3.65839600E+00     1.98722510E+00     1.09754010E+08     1.77795224E+08     4.71602475E+07     1.66929050E+00     2.70415857E+00     7.17251942E-01
    8.60000000E+03     4.62475000E+03     3.37885605E+00     3.65839600E+00     1.98722510E+00     1.12107558E+08     1.81482352E+08     4.88051170E+07     1.66841706E+00     2.70087616E+00     7.26323757E-01
    8.60000000E+03     4.67475000E+03     3.41538620E+00     3.65839600E+00     1.98722510E+00     1.14498014E+08     1.85220672E+08     4.98129677E+07     1.66773646E+00     2.69786046E+00     7.25567173E-01
    8.60000000E+03     4.72475000E+03     3.45191635E+00     3.65839600E+00     1.98722510E+00     1.16924813E+08     1.89006381E+08     5.01564074E+07     1.66722906E+00     2.69504264E+00     7.15205573E-01
    8.60000000E+03     4.77475000E+03     3.48844650E+00     3.65839600E+00     1.98722510E+00     1.19386641E+08     1.92835005E+08     4.98352345E+07     1.66686621E+00     2.69234984E+00     6.95836315E-01
    8.60000000E+03     4.82475000E+03     3.52497664E+00     3.65839600E+00     1.98722510E+00     1.21881561E+08     1.96701708E+08     4.88769528E+07     1.66661276E+00     2.68971004E+00     6.68398749E-01
    8.60000000E+03     4.87475000E+03     3.56150680E+00     3.65839600E+00     1.98722510E+00     1.24407144E+08     2.00601618E+08     4.73359805E+07     1.66642973E+00     2.68705641E+00     6.34127500E-01
    8.60000000E+03     4.92475000E+03     3.59803694E+00     3.65839600E+00     1.98722510E+00     1.26960645E+08     2.04530136E+08     4.52916056E+07     1.66627698E+00     2.68433105E+00     5.94493900E-01
    8.60000000E+03     4.97475000E+03     3.63456709E+00     3.65839600E+00     1.98722510E+00     1.29539187E+08     2.08483229E+08     4.28448007E+07     1.66611580E+00     2.68148798E+00     5.51138851E-01
    8.60000000E+03     5.00000000E+03     3.65301480E+00     3.65839600E+00     1.98722510E+00     1.30849100E+08     2.10486990E+08     4.15024510E+07     1.66602240E+00     2.68000350E+00     5.28425610E-01
