    8.60000000E+03     5.00000000E-01     3.65301500E-04     5.48926210E+00     2.82676790E+00     0.00000000E+00     6.91157000E-05     0.00000000E+00     0.00000000E+00     8.80008000E-05     0.00000000E+00
    8.60000000E+03     1.00000000E+00     7.30603000E-04     5.48926210E+00     2.82676790E+00     0.00000000E+00     5.52929500E-04     0.00000000E+00     0.00000000E+00     1.76002900E-04     0.00000000E+00
    8.60000000E+03     1.50000000E+00     1.09590440E-03     5.48926210E+00     2.82676790E+00     0.00000000E+00     1.86616020E-03     0.00000000E+00     0.00000000E+00     2.64007700E-04     0.00000000E+00
    8.60000000E+03     2.00000000E+00     1.46120590E-03     5.48926210E+00     2.82676790E+00     1.00000000E-10     4.42356800E-03     2.00000000E-10     0.00000000E+00     3.52016300E-04     0.00000000E+00
    8.60000000E+03     2.50000000E+00     1.82650740E-03     5.48926210E+00     2.82676790E+00     5.00000000E-10     8.63997400E-03     8.00000000E-10     0.00000000E+00     4.40030200E-04     0.00000000E+00
    8.60000000E+03     3.00000000E+00     2.19180890E-03     5.48926210E+00     2.82676790E+00     1.60000000E-09     1.49302830E-02     2.40000000E-09     1.00000000E-10     5.28050700E-04     1.00000000E-10
    8.60000000E+03     3.50000000E+00     2.55711040E-03     5.48926210E+00     2.82676790E+00     4.00000000E-09     2.37095020E-02     6.00000000E-09     1.00000000E-10     6.16079100E-04     2.00000000E-10
    8.60000000E+03     4.00000000E+00     2.92241190E-03     5.48926210E+00     2.82676790E+00     8.90000000E-09     3.53927610E-02     1.34000000E-08     2.00000000E-10     7.04116600E-04     3.00000000E-10
    8.60000000E+03     4.50000000E+00     3.28771330E-03     5.48926210E+00     2.82676790E+00     1.81000000E-08     5.03953340E-02     2.71000000E-08     3.00000000E-10     7.92164600E-04     4.00000000E-10
    8.60000000E+03     5.00000000E+00     3.65301480E-03     5.48926210E+00     2.82676790E+00     3.40000000E-08     6.91326690E-02     5.10000000E-08     4.00000000E-10     8.80224500E-04     6.00000000E-10
    8.60000000E+03     5.50000000E+00     4.01831630E-03     5.48926210E+00     2.82676790E+00     6.03000000E-08     9.20203860E-02     9.04000000E-08     6.00000000E-10     9.68297400E-04     1.00000000E-09
    8.60000000E+03     6.00000000E+00     4.38361780E-03     5.48926210E+00     2.82676790E+00     1.01600000E-07     1.19474320E-01     1.52400000E-07     9.00000000E-10     1.05638490E-03     1.30000000E-09
    8.60000000E+03     6.50000000E+00     4.74891930E-03     5.48926210E+00     2.82676790E+00     1.64200000E-07     1.51910530E-01     2.46300000E-07     1.20000000E-09     1.14448810E-03     1.90000000E-09
    8.60000000E+03     7.00000000E+00     5.11422070E-03     5.48926210E+00     2.82676790E+00     2.56200000E-07     1.89745340E-01     3.84200000E-07     1.70000000E-09     1.23260850E-03     2.50000000E-09
    8.60000000E+03     7.50000000E+00     5.47952220E-03     5.48926210E+00     2.82676790E+00     3.87500000E-07     2.33395310E-01     5.81200000E-07     2.20000000E-09     1.32074730E-03     3.30000000E-09
    8.60000000E+03     8.00000000E+00     5.84482370E-03     5.48926210E+00     2.82676790E+00     5.70800000E-07     2.83277310E-01     8.56100000E-07     2.80000000E-09     1.40890570E-03     4.30000000E-09
    8.60000000E+03     8.50000000E+00     6.21012520E-03     5.48926210E+00     2.82676790E+00     8.21200000E-07     3.39808540E-01     1.23170000E-06     3.60000000E-09     1.49708530E-03     5.40000000E-09
    8.60000000E+03     9.00000000E+00     6.57542670E-03     5.48926210E+00     2.82676790E+00     1.15710000E-06     4.03406500E-01     1.73550000E-06     4.50000000E-09     1.58528730E-03     6.80000000E-09
    8.60000000E+03     9.50000000E+00     6.94072810E-03     5.48926210E+00     2.82676790E+00     1.60050000E-06     4.74489080E-01     2.40060000E-06     5.60000000E-09     1.67351310E-03     8.50000000E-09
    8.60000000E+03     1.00000000E+01     7.30602960E-03     5.48926210E+00     2.82676790E+00     2.17730000E-06     5.53474420E-01     3.26570000E-06     6.90000000E-09     1.76176380E-03     1.04000000E-08
    8.60000000E+03     1.05000000E+01     7.67133110E-03     5.48926210E+00     2.82676790E+00     2.91780000E-06     6.40781300E-01     4.37630000E-06     8.40000000E-09     1.85004100E-03     1.26000000E-08
    8.60000000E+03     1.10000000E+01     8.03663260E-03     5.48926210E+00     2.82676790E+00     3.85730000E-06     7.36828730E-01     5.78530000E-06     1.01000000E-08     1.93834600E-03     1.52000000E-08
    8.60000000E+03     1.15000000E+01     8.40193410E-03     5.48926210E+00     2.82676790E+00     5.03640000E-06     8.42036170E-01     7.55360000E-06     1.21000000E-08     2.02668000E-03     1.82000000E-08
    8.60000000E+03     1.20000000E+01     8.76723560E-03     5.48926210E+00     2.82676790E+00     6.50160000E-06     9.56823550E-01     9.75110000E-06     1.44000000E-08     2.11504440E-03     2.16000000E-08
    8.60000000E+03     1.25000000E+01     9.13253700E-03     5.48926210E+00     2.82676790E+00     8.30610000E-06     1.08161130E+00     1.24573000E-05     1.69000000E-08     2.20344040E-03     2.54000000E-08
    8.60000000E+03     1.30000000E+01     9.49783850E-03     5.48926210E+00     2.82676790E+00     1.05100000E-05     1.21682050E+00     1.57625000E-05     1.98000000E-08     2.29186970E-03     2.97000000E-08
    8.60000000E+03     1.35000000E+01     9.86314000E-03     5.48926210E+00     2.82676790E+00     1.31810000E-05     1.36287230E+00     1.97681000E-05     2.30000000E-08     2.38033320E-03     3.45000000E-08
    8.60000000E+03     1.40000000E+01     1.02284410E-02     5.48926210E+00     2.82676790E+00     1.63952000E-05     1.52018900E+00     2.45883000E-05     2.66000000E-08     2.46883260E-03     3.99000000E-08
    8.60000000E+03     1.45000000E+01     1.05937430E-02     5.48926210E+00     2.82676790E+00     2.02377000E-05     1.68919310E+00     3.03505000E-05     3.06000000E-08     2.55736900E-03     4.59000000E-08
    8.60000000E+03     1.50000000E+01     1.09590440E-02     5.48926210E+00     2.82676790E+00     2.48030000E-05     1.87030760E+00     3.71966000E-05     3.51000000E-08     2.64594400E-03     5.26000000E-08
    8.60000000E+03     1.55000000E+01     1.13243460E-02     5.48926210E+00     2.82676790E+00     3.01961000E-05     2.06395640E+00     4.52838000E-05     4.00000000E-08     2.73455870E-03     6.00000000E-08
    8.60000000E+03     1.60000000E+01     1.16896470E-02     5.48926210E+00     2.82676790E+00     3.65329000E-05     2.27056390E+00     5.47861000E-05     4.54000000E-08     2.82321460E-03     6.81000000E-08
    8.60000000E+03     1.65000000E+01     1.20549490E-02     5.48926210E+00     2.82676790E+00     4.39413000E-05     2.49055490E+00     6.58949000E-05     5.14000000E-08     2.91191270E-03     7.70000000E-08
    8.60000000E+03     1.70000000E+01     1.24202500E-02     5.48926210E+00     2.82676790E+00     5.25614000E-05     2.72435550E+00     7.88205000E-05     5.79000000E-08     3.00065490E-03     8.68000000E-08
    8.60000000E+03     1.75000000E+01     1.27855520E-02     5.48926210E+00     2.82676790E+00     6.25469000E-05     2.97239190E+00     9.37932000E-05     6.50000000E-08     3.08944230E-03     9.75000000E-08
    8.60000000E+03     1.80000000E+01     1.31508530E-02     5.48926210E+00     2.82676790E+00     7.40657000E-05     3.23509080E+00     1.11064500E-04     7.28000000E-08     3.17827580E-03     1.09100000E-07
    8.60000000E+03     1.85000000E+01     1.35161550E-02     5.48926210E+00     2.82676790E+00     8.73007000E-05     3.51288110E+00     1.30908500E-04     8.12000000E-08     3.26715780E-03     1.21800000E-07
    8.60000000E+03     1.90000000E+01     1.38814560E-02     5.48926210E+00     2.82676790E+00     1.02450400E-04     3.80619020E+00     1.53623000E-04     9.03000000E-08     3.35608850E-03     1.35500000E-07
    8.60000000E+03     1.95000000E+01     1.42467580E-02     5.48926210E+00     2.82676790E+00     1.19730500E-04     4.11544850E+00     1.79531000E-04     1.00200000E-07     3.44507010E-03     1.50300000E-07
    8.60000000E+03     2.00000000E+01     1.46120590E-02     5.48926210E+00     2.82676790E+00     1.39374100E-04     4.44108560E+00     2.08981900E-04     1.10900000E-07     3.53410350E-03     1.66300000E-07
    8.60000000E+03     2.05000000E+01     1.49773610E-02     5.48926210E+00     2.82676790E+00     1.61633200E-04     4.78353300E+00     2.42353200E-04     1.22400000E-07     3.62319050E-03     1.83600000E-07
    8.60000000E+03     2.10000000E+01     1.53426620E-02     5.48926210E+00     2.82676790E+00     1.86779300E-04     5.14322190E+00     2.80051700E-04     1.34800000E-07     3.71233180E-03     2.02100000E-07
    8.60000000E+03     2.15000000E+01     1.57079640E-02     5.48926210E+00     2.82676790E+00     2.15104300E-04     5.52058570E+00     3.22515100E-04     1.48100000E-07     3.80152940E-03     2.22100000E-07
    8.60000000E+03     2.20000000E+01     1.60732650E-02     5.48926210E+00     2.82676790E+00     2.46922200E-04     5.91605790E+00     3.70213400E-04     1.62400000E-07     3.89078440E-03     2.43500000E-07
    8.60000000E+03     2.25000000E+01     1.64385670E-02     5.48926210E+00     2.82676790E+00     2.82569300E-04     6.33007260E+00     4.23650500E-04     1.77700000E-07     3.98009800E-03     2.66400000E-07
    8.60000000E+03     2.30000000E+01     1.68038680E-02     5.48926210E+00     2.82676790E+00     3.22405800E-04     6.76306590E+00     4.83366100E-04     1.94000000E-07     4.06947200E-03     2.90900000E-07
    8.60000000E+03     2.35000000E+01     1.71691700E-02     5.48926210E+00     2.82676790E+00     3.66816700E-04     7.21547390E+00     5.49936900E-04     2.11400000E-07     4.15890740E-03     3.17000000E-07
    8.60000000E+03     2.40000000E+01     1.75344710E-02     5.48926210E+00     2.82676790E+00     4.16212900E-04     7.68773360E+00     6.23978400E-04     2.30000000E-07     4.24840550E-03     3.44800000E-07
    8.60000000E+03     2.45000000E+01     1.78997730E-02     5.48926210E+00     2.82676790E+00     4.71032500E-04     8.18028450E+00     7.06146800E-04     2.49800000E-07     4.33796810E-03     3.74500000E-07
    8.60000000E+03     2.50000000E+01     1.82650740E-02     5.48926210E+00     2.82676790E+00     5.31741900E-04     8.69356500E+00     7.97140300E-04     2.70800000E-07     4.42759620E-03     4.06000000E-07
    8.60000000E+03     2.55000000E+01     1.86303760E-02     5.48926210E+00     2.82676790E+00     5.98836900E-04     9.22801620E+00     8.97701600E-04     2.93100000E-07     4.51729140E-03     4.39400000E-07
    8.60000000E+03     2.60000000E+01     1.89956770E-02     5.48926210E+00     2.82676790E+00     6.72843800E-04     9.78407920E+00     1.00861890E-03     3.16800000E-07     4.60705480E-03     4.74900000E-07
    8.60000000E+03     2.65000000E+01     1.93609790E-02     5.48926210E+00     2.82676790E+00     7.54321000E-04     1.03621970E+01     1.13072840E-03     3.41900000E-07     4.69688800E-03     5.12500000E-07
    8.60000000E+03     2.70000000E+01     1.97262800E-02     5.48926210E+00     2.82676790E+00     8.43860200E-04     1.09628130E+01     1.26491570E-03     3.68500000E-07     4.78679230E-03     5.52300000E-07
    8.60000000E+03     2.75000000E+01     2.00915810E-02     5.48926210E+00     2.82676790E+00     9.42087400E-04     1.15863730E+01     1.41211820E-03     3.96500000E-07     4.87676940E-03     5.94400000E-07
    8.60000000E+03     2.80000000E+01     2.04568830E-02     5.48926210E+00     2.82676790E+00     1.04966430E-03     1.22333210E+01     1.57332650E-03     4.26200000E-07     4.96682010E-03     6.38800000E-07
    8.60000000E+03     2.85000000E+01     2.08221840E-02     5.48926210E+00     2.82676790E+00     1.16729010E-03     1.29041070E+01     1.74958730E-03     4.57400000E-07     5.05694650E-03     6.85600000E-07
    8.60000000E+03     2.90000000E+01     2.11874860E-02     5.48926210E+00     2.82676790E+00     1.29570200E-03     1.35991780E+01     1.94200390E-03     4.90400000E-07     5.14714930E-03     7.35000000E-07
    8.60000000E+03     2.95000000E+01     2.15527870E-02     5.48926210E+00     2.82676790E+00     1.43567740E-03     1.43189830E+01     2.15174010E-03     5.25100000E-07     5.23743030E-03     7.87000000E-07
    8.60000000E+03     3.00000000E+01     2.19180890E-02     5.48926210E+00     2.82676790E+00     1.58803500E-03     1.50639740E+01     2.38002090E-03     5.61700000E-07     5.32779070E-03     8.41800000E-07
    8.60000000E+03     3.05000000E+01     2.22833900E-02     5.48926210E+00     2.82676790E+00     1.75363590E-03     1.58346020E+01     2.62813500E-03     6.00100000E-07     5.41823180E-03     8.99300000E-07
    8.60000000E+03     3.10000000E+01     2.26486920E-02     5.48926210E+00     2.82676790E+00     1.93338610E-03     1.66313220E+01     2.89743830E-03     6.40400000E-07     5.50875550E-03     9.59700000E-07
    8.60000000E+03     3.15000000E+01     2.30139930E-02     5.48926210E+00     2.82676790E+00     2.12823650E-03     1.74545880E+01     3.18935340E-03     6.82700000E-07     5.59936270E-03     1.02310000E-06
    8.60000000E+03     3.20000000E+01     2.33792950E-02     5.48926210E+00     2.82676790E+00     2.33918590E-03     1.83048560E+01     3.50537440E-03     7.27100000E-07     5.69005500E-03     1.08960000E-06
    8.60000000E+03     3.25000000E+01     2.37445960E-02     5.48926210E+00     2.82676790E+00     2.56728090E-03     1.91825820E+01     3.84706750E-03     7.73700000E-07     5.78083350E-03     1.15930000E-06
    8.60000000E+03     3.30000000E+01     2.41098980E-02     5.48926210E+00     2.82676790E+00     2.81361960E-03     2.00882270E+01     4.21607500E-03     8.22400000E-07     5.87169990E-03     1.23230000E-06
    8.60000000E+03     3.35000000E+01     2.44751990E-02     5.48926210E+00     2.82676790E+00     3.07935150E-03     2.10222520E+01     4.61411620E-03     8.73400000E-07     5.96265580E-03     1.30870000E-06
    8.60000000E+03     3.40000000E+01     2.48405010E-02     5.48926210E+00     2.82676790E+00     3.36567930E-03     2.19851170E+01     5.04299010E-03     9.26800000E-07     6.05370240E-03     1.38860000E-06
    8.60000000E+03     3.45000000E+01     2.52058020E-02     5.48926210E+00     2.82676790E+00     3.67386140E-03     2.29772870E+01     5.50457850E-03     9.82500000E-07     6.14484140E-03     1.47210000E-06
    8.60000000E+03     3.50000000E+01     2.55711040E-02     5.48926210E+00     2.82676790E+00     4.00521160E-03     2.39992220E+01     6.00084600E-03     1.04070000E-06     6.23607310E-03     1.55930000E-06
    8.60000000E+03     3.55000000E+01     2.59364050E-02     5.48926210E+00     2.82676790E+00     4.36110510E-03     2.50513950E+01     6.53384870E-03     1.10150000E-06     6.32740050E-03     1.65030000E-06
    8.60000000E+03     3.60000000E+01     2.63017070E-02     5.48926210E+00     2.82676790E+00     4.74297360E-03     2.61342660E+01     7.10572700E-03     1.16490000E-06     6.41882340E-03     1.74520000E-06
    8.60000000E+03     3.65000000E+01     2.66670080E-02     5.48926210E+00     2.82676790E+00     5.15231440E-03     2.72483120E+01     7.71871970E-03     1.23100000E-06     6.51034470E-03     1.84420000E-06
    8.60000000E+03     3.70000000E+01     2.70323100E-02     5.48926210E+00     2.82676790E+00     5.59068630E-03     2.83939990E+01     8.37515640E-03     1.29990000E-06     6.60196520E-03     1.94730000E-06
    8.60000000E+03     3.75000000E+01     2.73976110E-02     5.48926210E+00     2.82676790E+00     6.05971330E-03     2.95717990E+01     9.07746460E-03     1.37160000E-06     6.69368590E-03     2.05470000E-06
    8.60000000E+03     3.80000000E+01     2.77629130E-02     5.48926210E+00     2.82676790E+00     6.56108900E-03     3.07821900E+01     9.82817530E-03     1.44630000E-06     6.78550910E-03     2.16650000E-06
    8.60000000E+03     3.85000000E+01     2.81282140E-02     5.48926210E+00     2.82676790E+00     7.09657250E-03     3.20256410E+01     1.06299170E-02     1.52400000E-06     6.87743500E-03     2.28280000E-06
    8.60000000E+03     3.90000000E+01     2.84935160E-02     5.48926210E+00     2.82676790E+00     7.66799950E-03     3.33026390E+01     1.14854330E-02     1.60470000E-06     6.96946670E-03     2.40360000E-06
    8.60000000E+03     3.95000000E+01     2.88588170E-02     5.48926210E+00     2.82676790E+00     8.27727140E-03     3.46136520E+01     1.23975650E-02     1.68870000E-06     7.06160380E-03     2.52930000E-06
    8.60000000E+03     4.00000000E+01     2.92241190E-02     5.48926210E+00     2.82676790E+00     8.92637100E-03     3.59591680E+01     1.33692730E-02     1.77580000E-06     7.15384900E-03     2.65970000E-06
    8.60000000E+03     4.05000000E+01     2.95894200E-02     5.48926210E+00     2.82676790E+00     9.61735560E-03     3.73396710E+01     1.44036310E-02     1.86640000E-06     7.24620390E-03     2.79520000E-06
    8.60000000E+03     4.10000000E+01     2.99547210E-02     5.48926210E+00     2.82676790E+00     1.03523580E-02     3.87556360E+01     1.55038240E-02     1.96030000E-06     7.33866860E-03     2.93580000E-06
    8.60000000E+03     4.15000000E+01     3.03200230E-02     5.48926210E+00     2.82676790E+00     1.11335960E-02     4.02075580E+01     1.66731660E-02     2.05770000E-06     7.43124560E-03     3.08160000E-06
    8.60000000E+03     4.20000000E+01     3.06853240E-02     5.48926210E+00     2.82676790E+00     1.19633710E-02     4.16959230E+01     1.79150910E-02     2.15880000E-06     7.52393650E-03     3.23270000E-06
    8.60000000E+03     4.25000000E+01     3.10506260E-02     5.48926210E+00     2.82676790E+00     1.28440600E-02     4.32212130E+01     1.92331500E-02     2.26350000E-06     7.61674130E-03     3.38940000E-06
    8.60000000E+03     4.30000000E+01     3.14159270E-02     5.48926210E+00     2.82676790E+00     1.37781430E-02     4.47839320E+01     2.06310450E-02     2.37190000E-06     7.70966360E-03     3.55170000E-06
    8.60000000E+03     4.35000000E+01     3.17812290E-02     5.48926210E+00     2.82676790E+00     1.47681730E-02     4.63845640E+01     2.21125860E-02     2.48430000E-06     7.80270310E-03     3.71970000E-06
    8.60000000E+03     4.40000000E+01     3.21465300E-02     5.48926210E+00     2.82676790E+00     1.58168030E-02     4.80236090E+01     2.36817340E-02     2.60050000E-06     7.89586210E-03     3.89370000E-06
    8.60000000E+03     4.45000000E+01     3.25118320E-02     5.48926210E+00     2.82676790E+00     1.69267760E-02     4.97015610E+01     2.53425830E-02     2.72080000E-06     7.98914170E-03     4.07360000E-06
    8.60000000E+03     4.50000000E+01     3.28771330E-02     5.48926210E+00     2.82676790E+00     1.81009330E-02     5.14189220E+01     2.70993700E-02     2.84530000E-06     8.08254360E-03     4.25980000E-06
    8.60000000E+03     4.55000000E+01     3.32424350E-02     5.48926210E+00     2.82676790E+00     1.93422090E-02     5.31761920E+01     2.89564770E-02     2.97390000E-06     8.17606910E-03     4.45220000E-06
    8.60000000E+03     4.60000000E+01     3.36077360E-02     5.48926210E+00     2.82676790E+00     2.06536400E-02     5.49738720E+01     3.09184320E-02     3.10690000E-06     8.26971940E-03     4.65110000E-06
    8.60000000E+03     4.65000000E+01     3.39730380E-02     5.48926210E+00     2.82676790E+00     2.20383640E-02     5.68124680E+01     3.29899180E-02     3.24430000E-06     8.36349620E-03     4.85650000E-06
    8.60000000E+03     4.70000000E+01     3.43383390E-02     5.48926210E+00     2.82676790E+00     2.34996290E-02     5.86924920E+01     3.51757770E-02     3.38620000E-06     8.45740150E-03     5.06870000E-06
    8.60000000E+03     4.75000000E+01     3.47036410E-02     5.48926210E+00     2.82676790E+00     2.50407790E-02     6.06144470E+01     3.74809960E-02     3.53270000E-06     8.55143590E-03     5.28780000E-06
    8.60000000E+03     4.80000000E+01     3.50689420E-02     5.48926210E+00     2.82676790E+00     2.66652750E-02     6.25788490E+01     3.99107370E-02     3.68390000E-06     8.64560140E-03     5.51390000E-06
    8.60000000E+03     4.85000000E+01     3.54342440E-02     5.48926210E+00     2.82676790E+00     2.83766850E-02     6.45862080E+01     4.24703200E-02     3.84000000E-06     8.73989920E-03     5.74710000E-06
    8.60000000E+03     4.90000000E+01     3.57995450E-02     5.48926210E+00     2.82676790E+00     3.01786940E-02     6.66370430E+01     4.51652380E-02     4.00090000E-06     8.83433110E-03     5.98770000E-06
    8.60000000E+03     4.95000000E+01     3.61648470E-02     5.48926210E+00     2.82676790E+00     3.20751010E-02     6.87318710E+01     4.80011540E-02     4.16680000E-06     8.92889850E-03     6.23580000E-06
    8.60000000E+03     5.10000000E+01     3.72607512E-02     5.48926210E+00     2.82676790E+00     3.84813076E-02     7.53316014E+01     5.75796398E-02     4.70120000E-06     9.21356810E-03     7.03440000E-06
    8.60000000E+03     5.35000000E+01     3.90872586E-02     5.48926210E+00     2.82676790E+00     5.12749942E-02     8.71858432E+01     7.67039224E-02     5.69330000E-06     9.69063550E-03     8.51680000E-06
    8.60000000E+03     5.60000000E+01     4.09137658E-02     5.48926210E+00     2.82676790E+00     6.74347010E-02     1.00259146E+02     1.00851679E-01     6.83490000E-06     1.01714213E-02     1.02220000E-05
    8.60000000E+03     5.85000000E+01     4.27402732E-02     5.48926210E+00     2.82676790E+00     8.76351854E-02     1.14619770E+02     1.31027030E-01     8.14040000E-06     1.06561146E-02     1.21711000E-05
    8.60000000E+03     6.10000000E+01     4.45667808E-02     5.48926210E+00     2.82676790E+00     1.12648164E-01     1.30337588E+02     1.68377526E-01     9.62470000E-06     1.11449048E-02     1.43863000E-05
    8.60000000E+03     6.35000000E+01     4.63932882E-02     5.48926210E+00     2.82676790E+00     1.43351214E-01     1.47484140E+02     2.14207136E-01     1.13037000E-05     1.16379832E-02     1.68909000E-05
    8.60000000E+03     6.60000000E+01     4.82197958E-02     5.48926210E+00     2.82676790E+00     1.80737116E-01     1.66132732E+02     2.69989836E-01     1.31935000E-05     1.21355430E-02     1.97089000E-05
    8.60000000E+03     6.85000000E+01     5.00463028E-02     5.48926210E+00     2.82676790E+00     2.25923626E-01     1.86358554E+02     3.37383772E-01     1.53114000E-05     1.26377798E-02     2.28653000E-05
    8.60000000E+03     7.10000000E+01     5.18728102E-02     5.48926210E+00     2.82676790E+00     2.80163562E-01     2.08238696E+02     4.18245850E-01     1.76749000E-05     1.31448896E-02     2.63863000E-05
    8.60000000E+03     7.35000000E+01     5.36993178E-02     5.48926210E+00     2.82676790E+00     3.44855414E-01     2.31852294E+02     5.14647020E-01     2.03025000E-05     1.36570712E-02     3.02987000E-05
    8.60000000E+03     7.60000000E+01     5.55258252E-02     5.48926210E+00     2.82676790E+00     4.21554302E-01     2.57280600E+02     6.28888072E-01     2.32133000E-05     1.41745250E-02     3.46305000E-05
    8.60000000E+03     7.85000000E+01     5.73523328E-02     5.48926210E+00     2.82676790E+00     5.11983392E-01     2.84607072E+02     7.63515964E-01     2.64271000E-05     1.46974540E-02     3.94105000E-05
    8.60000000E+03     8.10000000E+01     5.91788400E-02     5.48926210E+00     2.82676790E+00     6.18045656E-01     3.13917458E+02     9.21340660E-01     2.99642000E-05     1.52260622E-02     4.46687000E-05
    8.60000000E+03     8.35000000E+01     6.10053472E-02     5.48926210E+00     2.82676790E+00     7.41836150E-01     3.45299916E+02     1.10545260E+00     3.38458000E-05     1.57605566E-02     5.04356000E-05
    8.60000000E+03     8.60000000E+01     6.28318548E-02     5.48926210E+00     2.82676790E+00     8.85654628E-01     3.78845068E+02     1.31924064E+00     3.80937000E-05     1.63011454E-02     5.67431000E-05
    8.60000000E+03     8.85000000E+01     6.46583622E-02     5.48926210E+00     2.82676790E+00     1.05201859E+00     4.14646118E+02     1.56641048E+00     4.27304000E-05     1.68480392E-02     6.36239000E-05
    8.60000000E+03     9.10000000E+01     6.64848698E-02     5.48926210E+00     2.82676790E+00     1.24367716E+00     4.52799008E+02     1.85100426E+00     4.77792000E-05     1.74014530E-02     7.11114000E-05
    8.60000000E+03     9.35000000E+01     6.83113772E-02     5.48926210E+00     2.82676790E+00     1.46362426E+00     4.93402386E+02     2.17741914E+00     5.32638000E-05     1.79615994E-02     7.92402000E-05
    8.60000000E+03     9.60000000E+01     7.01378842E-02     5.48926210E+00     2.82676790E+00     1.71511380E+00     5.36557828E+02     2.55042844E+00     5.92091000E-05     1.85286980E-02     8.80459000E-05
    8.60000000E+03     9.85000000E+01     7.19643918E-02     5.48926210E+00     2.82676790E+00     2.00167404E+00     5.82369882E+02     2.97520178E+00     6.56401000E-05     1.91029674E-02     9.75648000E-05
    8.60000000E+03     1.01000000E+02     7.37908992E-02     5.48926210E+00     2.82676790E+00     2.32712302E+00     6.30946206E+02     3.45732652E+00     7.25830000E-05     1.96846302E-02     1.07834200E-04
    8.60000000E+03     1.03500000E+02     7.56174068E-02     5.48926210E+00     2.82676790E+00     2.69558418E+00     6.82397646E+02     4.00282942E+00     8.00644000E-05     2.02739124E-02     1.18892500E-04
    8.60000000E+03     1.06000000E+02     7.74439142E-02     5.48926210E+00     2.82676790E+00     3.11150252E+00     7.36838348E+02     4.61819876E+00     8.81118000E-05     2.08710394E-02     1.30778800E-04
    8.60000000E+03     1.08500000E+02     7.92704214E-02     5.48926210E+00     2.82676790E+00     3.57966150E+00     7.94385908E+02     5.31040778E+00     9.67534000E-05     2.14762428E-02     1.43533400E-04
    8.60000000E+03     1.11000000E+02     8.10969288E-02     5.48926210E+00     2.82676790E+00     4.10519972E+00     8.55161446E+02     6.08693746E+00     1.06017900E-04     2.20897544E-02     1.57197200E-04
    8.60000000E+03     1.13500000E+02     8.29234362E-02     5.48926210E+00     2.82676790E+00     4.69362822E+00     9.19289680E+02     6.95579996E+00     1.15935100E-04     2.27118084E-02     1.71812200E-04
    8.60000000E+03     1.16000000E+02     8.47499438E-02     5.48926210E+00     2.82676790E+00     5.35084974E+00     9.86899188E+02     7.92556488E+00     1.26535100E-04     2.33426436E-02     1.87421500E-04
    8.60000000E+03     1.18500000E+02     8.65764512E-02     5.48926210E+00     2.82676790E+00     6.08317524E+00     1.05812234E+03     9.00538162E+00     1.37849100E-04     2.39824994E-02     2.04068800E-04
    8.60000000E+03     1.21000000E+02     8.84029586E-02     5.48926210E+00     2.82676790E+00     6.89734514E+00     1.13309558E+03     1.02050078E+01     1.49908900E-04     2.46316202E-02     2.21799000E-04
    8.60000000E+03     1.23500000E+02     9.02294658E-02     5.48926210E+00     2.82676790E+00     7.80054664E+00     1.21195946E+03     1.15348328E+01     1.62746900E-04     2.52902524E-02     2.40657600E-04
    8.60000000E+03     1.26000000E+02     9.20559732E-02     5.48926210E+00     2.82676790E+00     8.80043466E+00     1.29485882E+03     1.30059048E+01     1.76396300E-04     2.59586440E-02     2.60691500E-04
    8.60000000E+03     1.28500000E+02     9.38824808E-02     5.48926210E+00     2.82676790E+00     9.90515238E+00     1.38194280E+03     1.46299604E+01     1.90891300E-04     2.66370476E-02     2.81948000E-04
    8.60000000E+03     1.31000000E+02     9.57089882E-02     5.48926210E+00     2.82676790E+00     1.11233516E+01     1.47336508E+03     1.64194474E+01     2.06266500E-04     2.73257178E-02     3.04475600E-04
    8.60000000E+03     1.33500000E+02     9.75354958E-02     5.48926210E+00     2.82676790E+00     1.24642152E+01     1.56928420E+03     1.83875594E+01     2.22557600E-04     2.80249144E-02     3.28323800E-04
    8.60000000E+03     1.36000000E+02     9.93620036E-02     5.48926210E+00     2.82676790E+00     1.39374762E+01     1.66986312E+03     2.05482576E+01     2.39800600E-04     2.87348958E-02     3.53542700E-04
    8.60000000E+03     1.38500000E+02     1.01188510E-01     5.48926210E+00     2.82676790E+00     1.55534446E+01     1.77526996E+03     2.29163034E+01     2.58032700E-04     2.94559282E-02     3.80183700E-04
    8.60000000E+03     1.41000000E+02     1.03015018E-01     5.48926210E+00     2.82676790E+00     1.73230264E+01     1.88567788E+03     2.55072916E+01     2.77291700E-04     3.01882792E-02     4.08298900E-04
    8.60000000E+03     1.43500000E+02     1.04841526E-01     5.48926210E+00     2.82676790E+00     1.92577484E+01     2.00126522E+03     2.83376742E+01     2.97616100E-04     3.09322188E-02     4.37941300E-04
    8.60000000E+03     1.46000000E+02     1.06668032E-01     5.48926210E+00     2.82676790E+00     2.13697850E+01     2.12221572E+03     3.14247964E+01     3.19045300E-04     3.16880224E-02     4.69164800E-04
    8.60000000E+03     1.48500000E+02     1.08494540E-01     5.48926210E+00     2.82676790E+00     2.36719744E+01     2.24871838E+03     3.47869214E+01     3.41619400E-04     3.24559654E-02     5.02024400E-04
    8.60000000E+03     1.51000000E+02     1.10321048E-01     5.48926210E+00     2.82676790E+00     2.61778566E+01     2.38096828E+03     3.84432750E+01     3.65379400E-04     3.32363314E-02     5.36575900E-04
    8.60000000E+03     1.53500000E+02     1.12147554E-01     5.48926210E+00     2.82676790E+00     2.89016852E+01     2.51916598E+03     4.24140628E+01     3.90367000E-04     3.40294030E-02     5.72875900E-04
    8.60000000E+03     1.56000000E+02     1.13974062E-01     5.48926210E+00     2.82676790E+00     3.18584616E+01     2.66351794E+03     4.67205108E+01     4.16624600E-04     3.48354676E-02     6.10982100E-04
    8.60000000E+03     1.58500000E+02     1.15800570E-01     5.48926210E+00     2.82676790E+00     3.50639638E+01     2.81423708E+03     5.13849060E+01     4.44195600E-04     3.56548184E-02     6.50953000E-04
    8.60000000E+03     1.61000000E+02     1.17627078E-01     5.48926210E+00     2.82676790E+00     3.85347648E+01     2.97154236E+03     5.64306148E+01     4.73124200E-04     3.64877492E-02     6.92848100E-04
    8.60000000E+03     1.63500000E+02     1.19453584E-01     5.48926210E+00     2.82676790E+00     4.22882674E+01     3.13565910E+03     6.18821290E+01     5.03455200E-04     3.73345588E-02     7.36727700E-04
    8.60000000E+03     1.66000000E+02     1.21280090E-01     5.48926210E+00     2.82676790E+00     4.63427346E+01     3.30681956E+03     6.77651046E+01     5.35234500E-04     3.81955502E-02     7.82653200E-04
    8.60000000E+03     1.68500000E+02     1.23106600E-01     5.48926210E+00     2.82676790E+00     5.07173144E+01     3.48526268E+03     7.41063908E+01     5.68508800E-04     3.90710314E-02     8.30686900E-04
    8.60000000E+03     1.71000000E+02     1.24933108E-01     5.48926210E+00     2.82676790E+00     5.54320538E+01     3.67123376E+03     8.09340448E+01     6.03325200E-04     3.99613072E-02     8.80891800E-04
    8.60000000E+03     1.73500000E+02     1.26759614E-01     5.48926210E+00     2.82676790E+00     6.05079742E+01     3.86498636E+03     8.82774328E+01     6.39732300E-04     4.08666972E-02     9.33332000E-04
    8.60000000E+03     1.76000000E+02     1.28586120E-01     5.48926210E+00     2.82676790E+00     6.59670522E+01     4.06678050E+03     9.61671966E+01     6.77779200E-04     4.17875170E-02     9.88072600E-04
    8.60000000E+03     1.78500000E+02     1.30412630E-01     5.48926210E+00     2.82676790E+00     7.18322744E+01     4.27688384E+03     1.04635326E+02     7.17515700E-04     4.27240880E-02     1.04517950E-03
    8.60000000E+03     1.81000000E+02     1.32239136E-01     5.48926210E+00     2.82676790E+00     7.81276684E+01     4.49557182E+03     1.13715194E+02     7.58992800E-04     4.36767348E-02     1.10471960E-03
    8.60000000E+03     1.83500000E+02     1.34065644E-01     5.48926210E+00     2.82676790E+00     8.48783430E+01     4.72312790E+03     1.23441614E+02     8.02262100E-04     4.46457900E-02     1.16676060E-03
    8.60000000E+03     1.86000000E+02     1.35892150E-01     5.48926210E+00     2.82676790E+00     9.21105004E+01     4.95984336E+03     1.33850840E+02     8.47376300E-04     4.56315856E-02     1.23137140E-03
    8.60000000E+03     1.88500000E+02     1.37718660E-01     5.48926210E+00     2.82676790E+00     9.98514886E+01     5.20601776E+03     1.44980638E+02     8.94388900E-04     4.66344602E-02     1.29862160E-03
    8.60000000E+03     1.91000000E+02     1.39545166E-01     5.48926210E+00     2.82676790E+00     1.08129834E+02     5.46195932E+03     1.56870328E+02     9.43354200E-04     4.76547558E-02     1.36858200E-03
    8.60000000E+03     1.93500000E+02     1.41371672E-01     5.48926210E+00     2.82676790E+00     1.16975262E+02     5.72798470E+03     1.69560806E+02     9.94327500E-04     4.86928194E-02     1.44132410E-03
    8.60000000E+03     1.96000000E+02     1.43198180E-01     5.48926210E+00     2.82676790E+00     1.26418756E+02     6.00441940E+03     1.83094606E+02     1.04736500E-03     4.97490006E-02     1.51692060E-03
    8.60000000E+03     1.98500000E+02     1.45024690E-01     5.48926210E+00     2.82676790E+00     1.36492576E+02     6.29159820E+03     1.97515934E+02     1.10252380E-03     5.08236554E-02     1.59544500E-03
    8.60000000E+03     2.01000000E+02     1.46851196E-01     5.48926210E+00     2.82676790E+00     1.47230304E+02     6.58986504E+03     2.12870728E+02     1.15986190E-03     5.19171430E-02     1.67697190E-03
    8.60000000E+03     2.03500000E+02     1.48677702E-01     5.48926210E+00     2.82676790E+00     1.58666884E+02     6.89957330E+03     2.29206678E+02     1.21943830E-03     5.30298268E-02     1.76157670E-03
    8.60000000E+03     2.06000000E+02     1.50504210E-01     5.48926210E+00     2.82676790E+00     1.70838640E+02     7.22108588E+03     2.46573274E+02     1.28131280E-03     5.41620738E-02     1.84933590E-03
    8.60000000E+03     2.08500000E+02     1.52330718E-01     5.48926210E+00     2.82676790E+00     1.83783374E+02     7.55477628E+03     2.65021914E+02     1.34554650E-03     5.53142598E-02     1.94032740E-03
    8.60000000E+03     2.11000000E+02     1.54157226E-01     5.48926210E+00     2.82676790E+00     1.97540314E+02     7.90102724E+03     2.84605838E+02     1.41220090E-03     5.64867580E-02     2.03462930E-03
    8.60000000E+03     2.13500000E+02     1.55983732E-01     5.48926210E+00     2.82676790E+00     2.12150246E+02     8.26023256E+03     3.05380294E+02     1.48133900E-03     5.76799516E-02     2.13232140E-03
    8.60000000E+03     2.16000000E+02     1.57810240E-01     5.48926210E+00     2.82676790E+00     2.27655500E+02     8.63279626E+03     3.27402502E+02     1.55302450E-03     5.88942266E-02     2.23348420E-03
    8.60000000E+03     2.18500000E+02     1.59636748E-01     5.48926210E+00     2.82676790E+00     2.44100014E+02     9.01913336E+03     3.50731760E+02     1.62732220E-03     6.01299732E-02     2.33819950E-03
    8.60000000E+03     2.21000000E+02     1.61463254E-01     5.48926210E+00     2.82676790E+00     2.61529380E+02     9.41966994E+03     3.75429468E+02     1.70429780E-03     6.13875870E-02     2.44654990E-03
    8.60000000E+03     2.23500000E+02     1.63289762E-01     5.48926210E+00     2.82676790E+00     2.79990878E+02     9.83484346E+03     4.01559186E+02     1.78401810E-03     6.26674678E-02     2.55861920E-03
    8.60000000E+03     2.26000000E+02     1.65116270E-01     5.48926210E+00     2.82676790E+00     2.99533514E+02     1.02651022E+04     4.29186668E+02     1.86655090E-03     6.39700188E-02     2.67449230E-03
    8.60000000E+03     2.28500000E+02     1.66942778E-01     5.48926210E+00     2.82676790E+00     3.20208096E+02     1.07109076E+04     4.58379974E+02     1.95196500E-03     6.52956500E-02     2.79425520E-03
    8.60000000E+03     2.31000000E+02     1.68769284E-01     5.48926210E+00     2.82676790E+00     3.42067238E+02     1.11727314E+04     4.89209444E+02     2.04033010E-03     6.66447730E-02     2.91799480E-03
    8.60000000E+03     2.33500000E+02     1.70595790E-01     5.48926210E+00     2.82676790E+00     3.65165494E+02     1.16510598E+04     5.21747890E+02     2.13171760E-03     6.80178106E-02     3.04579970E-03
    8.60000000E+03     2.36000000E+02     1.72422300E-01     5.48926210E+00     2.82676790E+00     3.89559252E+02     1.21463892E+04     5.56070426E+02     2.22619900E-03     6.94151800E-02     3.17775900E-03
    8.60000000E+03     2.38500000E+02     1.74248808E-01     5.48926210E+00     2.82676790E+00     4.15306968E+02     1.26592302E+04     5.92254812E+02     2.32384760E-03     7.08373130E-02     3.31396350E-03
    8.60000000E+03     2.41000000E+02     1.76075314E-01     5.48926210E+00     2.82676790E+00     4.42469082E+02     1.31901064E+04     6.30381284E+02     2.42473760E-03     7.22846408E-02     3.45450490E-03
    8.60000000E+03     2.43500000E+02     1.77901820E-01     5.48926210E+00     2.82676790E+00     4.71108082E+02     1.37395530E+04     6.70532672E+02     2.52894400E-03     7.37575972E-02     3.59947610E-03
    8.60000000E+03     2.46000000E+02     1.79728330E-01     5.48926210E+00     2.82676790E+00     5.01288656E+02     1.43081216E+04     7.12794584E+02     2.63654330E-03     7.52566266E-02     3.74897130E-03
    8.60000000E+03     2.48500000E+02     1.81554836E-01     5.48926210E+00     2.82676790E+00     5.33077668E+02     1.48963756E+04     7.57255366E+02     2.74761320E-03     7.67821758E-02     3.90308630E-03
    8.60000000E+03     2.52250000E+02     1.84294597E-01     5.48926210E+00     2.82676790E+00     5.84151850E+02     1.58195784E+04     8.28573475E+02     2.92135590E-03     7.91246631E-02     4.14374040E-03
    8.60000000E+03     2.57250000E+02     1.87947613E-01     5.48926210E+00     2.82676790E+00     6.58265983E+02     1.71215584E+04     9.31855066E+02     3.16531240E-03     8.23405490E-02     4.48091080E-03
    8.60000000E+03     2.62250000E+02     1.91600626E-01     5.48926210E+00     2.82676790E+00     7.40134871E+02     1.85131613E+04     1.04567007E+03     3.42460430E-03     8.56707658E-02     4.83834600E-03
    8.60000000E+03     2.67250000E+02     1.95253643E-01     5.48926210E+00     2.82676790E+00     8.30408049E+02     1.99996063E+04     1.17086940E+03     3.69990840E-03     8.91191046E-02     5.21687650E-03
    8.60000000E+03     2.72250000E+02     1.98906656E-01     5.48926210E+00     2.82676790E+00     9.29776927E+02     2.15863635E+04     1.30835664E+03     3.99192100E-03     9.26894198E-02     5.61735600E-03
    8.60000000E+03     2.77250000E+02     2.02559672E-01     5.48926210E+00     2.82676790E+00     1.03897696E+03     2.32791639E+04     1.45909094E+03     4.30135840E-03     9.63856356E-02     6.04066370E-03
    8.60000000E+03     2.82250000E+02     2.06212686E-01     5.48926210E+00     2.82676790E+00     1.15878967E+03     2.50840078E+04     1.62408957E+03     4.62895760E-03     1.00211739E-01     6.48770520E-03
    8.60000000E+03     2.87250000E+02     2.09865701E-01     5.48926210E+00     2.82676790E+00     1.29004493E+03     2.70071732E+04     1.80443111E+03     4.97547700E-03     1.04171780E-01     6.95941430E-03
    8.60000000E+03     2.92250000E+02     2.13518716E-01     5.48926210E+00     2.82676790E+00     1.43362318E+03     2.90552239E+04     2.00125852E+03     5.34169690E-03     1.08269870E-01     7.45675480E-03
    8.60000000E+03     2.97250000E+02     2.17171731E-01     5.48926210E+00     2.82676790E+00     1.59045779E+03     3.12350166E+04     2.21578233E+03     5.72841960E-03     1.12510171E-01     7.98072150E-03
    8.60000000E+03     3.02250000E+02     2.20824745E-01     5.48926210E+00     2.82676790E+00     1.76153769E+03     3.35537124E+04     2.44928467E+03     6.13647120E-03     1.16896908E-01     8.53234400E-03
    8.60000000E+03     3.07250000E+02     2.24477761E-01     5.48926210E+00     2.82676790E+00     1.94790944E+03     3.60187778E+04     2.70312233E+03     6.56670030E-03     1.21434338E-01     9.11268590E-03
    8.60000000E+03     3.12250000E+02     2.28130775E-01     5.48926210E+00     2.82676790E+00     2.15068032E+03     3.86379966E+04     2.97873132E+03     7.01998010E-03     1.26126757E-01     9.72284940E-03
    8.60000000E+03     3.17250000E+02     2.31783790E-01     5.48926210E+00     2.82676790E+00     2.37102110E+03     4.14194776E+04     3.27763144E+03     7.49720950E-03     1.30978509E-01     1.03639779E-02
    8.60000000E+03     3.22250000E+02     2.35436805E-01     5.48926210E+00     2.82676790E+00     2.61016840E+03     4.43716549E+04     3.60143008E+03     7.99931160E-03     1.35993947E-01     1.10372569E-02
    8.60000000E+03     3.27250000E+02     2.39089819E-01     5.48926210E+00     2.82676790E+00     2.86942825E+03     4.75032999E+04     3.95182818E+03     8.52723700E-03     1.41177458E-01     1.17439184E-02
    8.60000000E+03     3.32250000E+02     2.42742835E-01     5.48926210E+00     2.82676790E+00     3.15017839E+03     5.08235194E+04     4.33062441E+03     9.08196200E-03     1.46533424E-01     1.24852426E-02
    8.60000000E+03     3.37250000E+02     2.46395849E-01     5.48926210E+00     2.82676790E+00     3.45387248E+03     5.43417669E+04     4.73972224E+03     9.66449190E-03     1.52066236E-01     1.32625634E-02
    8.60000000E+03     3.42250000E+02     2.50048864E-01     5.48926210E+00     2.82676790E+00     3.78204206E+03     5.80678362E+04     5.18113444E+03     1.02758589E-02     1.57780263E-01     1.40772690E-02
    8.60000000E+03     3.47250000E+02     2.53701879E-01     5.48926210E+00     2.82676790E+00     4.13630125E+03     6.20118731E+04     5.65699116E+03     1.09171252E-02     1.63679859E-01     1.49308084E-02
    8.60000000E+03     3.52250000E+02     2.57354894E-01     5.48926210E+00     2.82676790E+00     4.51834980E+03     6.61843722E+04     6.16954647E+03     1.15893841E-02     1.69769350E-01     1.58246952E-02
    8.60000000E+03     3.57250000E+02     2.61007908E-01     5.48926210E+00     2.82676790E+00     4.92997579E+03     7.05961677E+04     6.72118441E+03     1.22937567E-02     1.76052986E-01     1.67605071E-02
    8.60000000E+03     3.62250000E+02     2.64660924E-01     5.48926210E+00     2.82676790E+00     5.37306135E+03     7.52584489E+04     7.31442995E+03     1.30313986E-02     1.82534977E-01     1.77398988E-02
    8.60000000E+03     3.67250000E+02     2.68313937E-01     5.48926210E+00     2.82676790E+00     5.84958457E+03     8.01827384E+04     7.95195467E+03     1.38034954E-02     1.89219443E-01     1.87645987E-02
    8.60000000E+03     3.72250000E+02     2.71966954E-01     5.48926210E+00     2.82676790E+00     6.36162500E+03     8.53808999E+04     8.63658805E+03     1.46112676E-02     1.96110404E-01     1.98364189E-02
    8.60000000E+03     3.77250000E+02     2.75619967E-01     5.48926210E+00     2.82676790E+00     6.91136672E+03     9.08651205E+04     9.37132583E+03     1.54559676E-02     2.03211765E-01     2.09572569E-02
    8.60000000E+03     3.82250000E+02     2.79272983E-01     5.48926210E+00     2.82676790E+00     7.50110380E+03     9.66479114E+04     1.01593423E+04     1.63388848E-02     2.10527300E-01     2.21291046E-02
    8.60000000E+03     3.87250000E+02     2.82925997E-01     5.48926210E+00     2.82676790E+00     8.13324352E+03     1.02742090E+05     1.10039990E+04     1.72613414E-02     2.18060622E-01     2.33540513E-02
    8.60000000E+03     3.92250000E+02     2.86579013E-01     5.48926210E+00     2.82676790E+00     8.81031153E+03     1.09160757E+05     1.19088591E+04     1.82246973E-02     2.25815170E-01     2.46342887E-02
    8.60000000E+03     3.97250000E+02     2.90232026E-01     5.48926210E+00     2.82676790E+00     9.53495699E+03     1.15917311E+05     1.28776990E+04     1.92303502E-02     2.33794185E-01     2.59721209E-02
    8.60000000E+03     4.02250000E+02     2.93885043E-01     5.48926210E+00     2.82676790E+00     1.03099563E+04     1.23025387E+05     1.39145213E+04     2.02797329E-02     2.42000683E-01     2.73699656E-02
    8.60000000E+03     4.07250000E+02     2.97538056E-01     5.48926210E+00     2.82676790E+00     1.11382184E+04     1.30498868E+05     1.50235688E+04     2.13743173E-02     2.50437424E-01     2.88303621E-02
    8.60000000E+03     4.12250000E+02     3.01191072E-01     5.48926210E+00     2.82676790E+00     1.20227906E+04     1.38351848E+05     1.62093419E+04     2.25156157E-02     2.59106918E-01     3.03559803E-02
    8.60000000E+03     4.17250000E+02     3.04844086E-01     5.48926210E+00     2.82676790E+00     1.29668633E+04     1.46598604E+05     1.74766110E+04     2.37051784E-02     2.68011363E-01     3.19496227E-02
    8.60000000E+03     4.22250000E+02     3.08497101E-01     5.48926210E+00     2.82676790E+00     1.39737741E+04     1.55253564E+05     1.88304358E+04     2.49445958E-02     2.77152632E-01     3.36142329E-02
    8.60000000E+03     4.27250000E+02     3.12150116E-01     5.48926210E+00     2.82676790E+00     1.50470149E+04     1.64331286E+05     2.02761792E+04     2.62354982E-02     2.86532255E-01     3.53528999E-02
    8.60000000E+03     4.32250000E+02     3.15803131E-01     5.48926210E+00     2.82676790E+00     1.61902361E+04     1.73846403E+05     2.18195302E+04     2.75795576E-02     2.96151385E-01     3.71688678E-02
    8.60000000E+03     4.37250000E+02     3.19456145E-01     5.48926210E+00     2.82676790E+00     1.74072534E+04     1.83813604E+05     2.34665190E+04     2.89784866E-02     3.06010778E-01     3.90655384E-02
    8.60000000E+03     4.42250000E+02     3.23109161E-01     5.48926210E+00     2.82676790E+00     1.87020515E+04     1.94247574E+05     2.52235372E+04     3.04340386E-02     3.16110749E-01     4.10464773E-02
    8.60000000E+03     4.47250000E+02     3.26762175E-01     5.48926210E+00     2.82676790E+00     2.00787903E+04     2.05162960E+05     2.70973567E+04     3.19480074E-02     3.26451166E-01     4.31154164E-02
    8.60000000E+03     4.52250000E+02     3.30415190E-01     5.48926210E+00     2.82676790E+00     2.15418133E+04     2.16574327E+05     2.90951554E+04     3.35222310E-02     3.37031434E-01     4.52762691E-02
    8.60000000E+03     4.57250000E+02     3.34068205E-01     5.48926210E+00     2.82676790E+00     2.30956485E+04     2.28496101E+05     3.12245315E+04     3.51585852E-02     3.47850443E-01     4.75331196E-02
    8.60000000E+03     4.62250000E+02     3.37721219E-01     5.48926210E+00     2.82676790E+00     2.47450174E+04     2.40942519E+05     3.34935287E+04     3.68589880E-02     3.58906563E-01     4.98902372E-02
    8.60000000E+03     4.67250000E+02     3.41374235E-01     5.48926210E+00     2.82676790E+00     2.64948389E+04     2.53927575E+05     3.59106561E+04     3.86253959E-02     3.70197626E-01     5.23520733E-02
    8.60000000E+03     4.72250000E+02     3.45027249E-01     5.48926210E+00     2.82676790E+00     2.83502364E+04     2.67464975E+05     3.84849120E+04     4.04598070E-02     3.81720912E-01     5.49232682E-02
    8.60000000E+03     4.77250000E+02     3.48680264E-01     5.48926210E+00     2.82676790E+00     3.03165428E+04     2.81568075E+05     4.12258051E+04     4.23642579E-02     3.93473130E-01     5.76086496E-02
    8.60000000E+03     4.82250000E+02     3.52333279E-01     5.48926210E+00     2.82676790E+00     3.23993027E+04     2.96249813E+05     4.41433709E+04     4.43408202E-02     4.05450394E-01     6.04132282E-02
    8.60000000E+03     4.87250000E+02     3.55986294E-01     5.48926210E+00     2.82676790E+00     3.46042846E+04     3.11522691E+05     4.72482028E+04     4.63916067E-02     4.17648248E-01     6.33422079E-02
    8.60000000E+03     4.92250000E+02     3.59639308E-01     5.48926210E+00     2.82676790E+00     3.69374798E+04     3.27398688E+05     5.05514649E+04     4.85187650E-02     4.30061649E-01     6.64009750E-02
    8.60000000E+03     4.97250000E+02     3.63292324E-01     5.48926210E+00     2.82676790E+00     3.94051061E+04     3.43889199E+05     5.40649066E+04     5.07244690E-02     4.42684922E-01     6.95950864E-02
    8.60000000E+03     5.12250000E+02     3.74251368E-01     5.48926210E+00     2.82676790E+00     4.78420801E+04     3.97805917E+05     6.62567433E+04     5.79227139E-02     4.81930403E-01     8.02070545E-02
    8.60000000E+03     5.37250000E+02     3.92516442E-01     5.48926210E+00     2.82676790E+00     6.50129032E+04     4.99768109E+05     9.17035783E+04     7.15683963E-02     5.50499211E-01     1.00934463E-01
    8.60000000E+03     5.62250000E+02     4.10781516E-01     5.48926210E+00     2.82676790E+00     8.72393300E+04     6.18795263E+05     1.25831038E+05     8.76984135E-02     6.22427148E-01     1.26470851E-01
    8.60000000E+03     5.87250000E+02     4.29046590E-01     5.48926210E+00     2.82676790E+00     1.15679069E+05     7.55186317E+05     1.71107322E+05     1.06611576E-01     6.96406623E-01     1.57665887E-01
    8.60000000E+03     6.12250000E+02     4.47311664E-01     5.48926210E+00     2.82676790E+00     1.51655320E+05     9.08873019E+05     2.30393083E+05     1.28601967E-01     7.71168004E-01     1.95334888E-01
    8.60000000E+03     6.37250000E+02     4.65576738E-01     5.48926210E+00     2.82676790E+00     1.96653006E+05     1.07967299E+06     3.06863787E+05     1.53948632E-01     8.45703378E-01     2.40185117E-01
    8.60000000E+03     6.62250000E+02     4.83841812E-01     5.48926210E+00     2.82676790E+00     2.52309378E+05     1.26762319E+06     4.03897602E+05     1.82905939E-01     9.19447994E-01     2.92751190E-01
    8.60000000E+03     6.87250000E+02     5.02106886E-01     5.48926210E+00     2.82676790E+00     3.20398434E+05     1.47329879E+06     5.24947599E+05     2.15694536E-01     9.92364164E-01     3.53351802E-01
    8.60000000E+03     7.12250000E+02     5.20371960E-01     5.48926210E+00     2.82676790E+00     4.02807317E+05     1.69802198E+06     6.73415497E+05     2.52491899E-01     1.06490505E+00     4.22071682E-01
    8.60000000E+03     7.37250000E+02     5.38637034E-01     5.48926210E+00     2.82676790E+00     5.01502042E+05     1.94390240E+06     8.52535893E+05     2.93421614E-01     1.13787616E+00     4.98764377E-01
    8.60000000E+03     7.62250000E+02     5.56902108E-01     5.48926210E+00     2.82676790E+00     6.18479721E+05     2.21370439E+06     1.06526920E+06     3.38540775E-01     1.21223960E+00     5.83066301E-01
    8.60000000E+03     7.87250000E+02     5.75167183E-01     5.48926210E+00     2.82676790E+00     7.55707366E+05     2.51058312E+06     1.31419843E+06     3.87826869E-01     1.28891341E+00     6.74414512E-01
    8.60000000E+03     8.12250000E+02     5.93432257E-01     5.48926210E+00     2.82676790E+00     9.15050540E+05     2.83775365E+06     1.60142696E+06     4.41166371E-01     1.36860694E+00     7.72064693E-01
    8.60000000E+03     8.37250000E+02     6.11697331E-01     5.48926210E+00     2.82676790E+00     1.09819833E+06     3.19815697E+06     1.92848100E+06     4.98347838E-01     1.45171399E+00     8.75110184E-01
    8.60000000E+03     8.62250000E+02     6.29962405E-01     5.48926210E+00     2.82676790E+00     1.30659446E+06     3.59417757E+06     2.29622792E+06     5.59062264E-01     1.53826994E+00     9.82505924E-01
    8.60000000E+03     8.87250000E+02     6.48227479E-01     5.48926210E+00     2.82676790E+00     1.54138310E+06     4.02744580E+06     2.70482208E+06     6.22911578E-01     1.62796484E+00     1.09309929E+00
    8.60000000E+03     9.12250000E+02     6.66492553E-01     5.48926210E+00     2.82676790E+00     1.80337588E+06     4.49874151E+06     3.15368669E+06     6.89424717E-01     1.72019927E+00     1.20566789E+00
    8.60000000E+03     9.37250000E+02     6.84757627E-01     5.48926210E+00     2.82676790E+00     2.09304171E+06     5.00799548E+06     3.64153222E+06     7.58078779E-01     1.81416526E+00     1.31896099E+00
    8.60000000E+03     9.62250000E+02     7.03022701E-01     5.48926210E+00     2.82676790E+00     2.41051482E+06     5.55436807E+06     4.16640201E+06     8.28321419E-01     1.90893487E+00     1.43173893E+00
    8.60000000E+03     9.87250000E+02     7.21287775E-01     5.48926210E+00     2.82676790E+00     2.75561357E+06     6.13637635E+06     4.72573149E+06     8.99591081E-01     2.00354209E+00     1.54280576E+00
    8.60000000E+03     1.01225000E+03     7.39552849E-01     5.48926210E+00     2.82676790E+00     3.12786088E+06     6.75203631E+06     5.31640560E+06     9.71332313E-01     2.09704761E+00     1.65103158E+00
    8.60000000E+03     1.03725000E+03     7.57817923E-01     5.48926210E+00     2.82676790E+00     3.52649864E+06     7.39899305E+06     5.93480347E+06     1.04300516E+00     2.18858237E+00     1.75536393E+00
    8.60000000E+03     1.06225000E+03     7.76082997E-01     5.48926210E+00     2.82676790E+00     3.95049330E+06     8.07462230E+06     6.57682730E+06     1.11408928E+00     2.27737018E+00     1.85483053E+00
    8.60000000E+03     1.08725000E+03     7.94348072E-01     5.48926210E+00     2.82676790E+00     4.39853331E+06     8.77609767E+06     7.23791893E+06     1.18408450E+00     2.36273407E+00     1.94853658E+00
    8.60000000E+03     1.11225000E+03     8.12613146E-01     5.48926210E+00     2.82676790E+00     4.86902179E+06     9.50042703E+06     7.91307146E+06     1.25250973E+00     2.44409144E+00     2.03566040E+00
    8.60000000E+03     1.13725000E+03     8.30878220E-01     5.48926210E+00     2.82676790E+00     5.36007379E+06     1.02444734E+07     8.59685109E+06     1.31890299E+00     2.52094520E+00     2.11545156E+00
    8.60000000E+03     1.16225000E+03     8.49143294E-01     5.48926210E+00     2.82676790E+00     5.86952126E+06     1.10049681E+07     9.28343380E+06     1.38282289E+00     2.59287415E+00     2.18723191E+00
    8.60000000E+03     1.18725000E+03     8.67408368E-01     5.48926210E+00     2.82676790E+00     6.39493336E+06     1.17785319E+07     9.96666738E+06     1.44385310E+00     2.65952619E+00     2.25040121E+00
    8.60000000E+03     1.21225000E+03     8.85673442E-01     5.48926210E+00     2.82676790E+00     6.93365386E+06     1.25617092E+07     1.06401587E+07     1.50160897E+00     2.72061535E+00     2.30444583E+00
    8.60000000E+03     1.23725000E+03     9.03938516E-01     5.48926210E+00     2.82676790E+00     7.48285540E+06     1.33510189E+07     1.12973834E+07     1.55574602E+00     2.77592200E+00     2.34894922E+00
    8.60000000E+03     1.26225000E+03     9.22203590E-01     5.48926210E+00     2.82676790E+00     8.03960962E+06     1.41430227E+07     1.19318146E+07     1.60596892E+00     2.82529552E+00     2.38360252E+00
    8.60000000E+03     1.28725000E+03     9.40468664E-01     5.48926210E+00     2.82676790E+00     8.60096585E+06     1.49344017E+07     1.25370556E+07     1.65203988E+00     2.86865774E+00     2.40821254E+00
    8.60000000E+03     1.31225000E+03     9.58733738E-01     5.48926210E+00     2.82676790E+00     9.16403701E+06     1.57220421E+07     1.31069754E+07     1.69378576E+00     2.90600582E+00     2.42270724E+00
    8.60000000E+03     1.33725000E+03     9.76998812E-01     5.48926210E+00     2.82676790E+00     9.72608362E+06     1.65031161E+07     1.36358320E+07     1.73110274E+00     2.93741360E+00     2.42713659E+00
    8.60000000E+03     1.36225000E+03     9.95263895E-01     5.48926210E+00     2.82676790E+00     1.02845909E+07     1.72751567E+07     1.41183764E+07     1.76395810E+00     2.96303024E+00     2.42166867E+00
    8.60000000E+03     1.38725000E+03     1.01352895E+00     5.48926210E+00     2.82676790E+00     1.08373343E+07     1.80361155E+07     1.45499328E+07     1.79238905E+00     2.98307605E+00     2.40658168E+00
    8.60000000E+03     1.41225000E+03     1.03179405E+00     5.48926210E+00     2.82676790E+00     1.13824314E+07     1.87844075E+07     1.49264543E+07     1.81649892E+00     2.99783616E+00     2.38225231E+00
    8.60000000E+03     1.43725000E+03     1.05005911E+00     5.48926210E+00     2.82676790E+00     1.19183759E+07     1.95189339E+07     1.52445506E+07     1.83645091E+00     3.00765147E+00     2.34914144E+00
    8.60000000E+03     1.46225000E+03     1.06832418E+00     5.48926210E+00     2.82676790E+00     1.24440560E+07     2.02390870E+07     1.55014920E+07     1.85245989E+00     3.01290836E+00     2.30777821E+00
    8.60000000E+03     1.48725000E+03     1.08658925E+00     5.48926210E+00     2.82676790E+00     1.29587547E+07     2.09447369E+07     1.56951917E+07     1.86478304E+00     3.01402725E+00     2.25874355E+00
    8.60000000E+03     1.51225000E+03     1.10485434E+00     5.48926210E+00     2.82676790E+00     1.34621376E+07     2.16362053E+07     1.58241765E+07     1.87371008E+00     3.01145124E+00     2.20265473E+00
    8.60000000E+03     1.53725000E+03     1.12311941E+00     5.48926210E+00     2.82676790E+00     1.39542289E+07     2.23142258E+07     1.58875466E+07     1.87955321E+00     3.00563487E+00     2.14015091E+00
    8.60000000E+03     1.56225000E+03     1.14138447E+00     5.48926210E+00     2.82676790E+00     1.44353785E+07     2.29798984E+07     1.58849323E+07     1.88263812E+00     2.99703416E+00     2.07188098E+00
    8.60000000E+03     1.58725000E+03     1.15964955E+00     5.48926210E+00     2.82676790E+00     1.49062232E+07     2.36346362E+07     1.58164516E+07     1.88329503E+00     2.98609732E+00     1.99849340E+00
    8.60000000E+03     1.61225000E+03     1.17791464E+00     5.48926210E+00     2.82676790E+00     1.53676481E+07     2.42801163E+07     1.56826773E+07     1.88185206E+00     2.97325777E+00     1.92062921E+00
    8.60000000E+03     1.63725000E+03     1.19617970E+00     5.48926210E+00     2.82676790E+00     1.58207434E+07     2.49182246E+07     1.54846081E+07     1.87862861E+00     2.95892775E+00     1.83891660E+00
    8.60000000E+03     1.66225000E+03     1.21444477E+00     5.48926210E+00     2.82676790E+00     1.62667675E+07     2.55510095E+07     1.52236536E+07     1.87393106E+00     2.94349417E+00     1.75396827E+00
    8.60000000E+03     1.68725000E+03     1.23270985E+00     5.48926210E+00     2.82676790E+00     1.67071074E+07     2.61806342E+07     1.49016267E+07     1.86804886E+00     2.92731518E+00     1.66638006E+00
    8.60000000E+03     1.71225000E+03     1.25097493E+00     5.48926210E+00     2.82676790E+00     1.71432498E+07     2.68093379E+07     1.45207521E+07     1.86125242E+00     2.91071850E+00     1.57673170E+00
    8.60000000E+03     1.73725000E+03     1.26924000E+00     5.48926210E+00     2.82676790E+00     1.75767486E+07     2.74393978E+07     1.40836775E+07     1.85379138E+00     2.89400025E+00     1.48558784E+00
    8.60000000E+03     1.76225000E+03     1.28750506E+00     5.48926210E+00     2.82676790E+00     1.80092038E+07     2.80730992E+07     1.35934976E+07     1.84589411E+00     2.87742502E+00     1.39350029E+00
    8.60000000E+03     1.78725000E+03     1.30577015E+00     5.48926210E+00     2.82676790E+00     1.84422370E+07     2.87127055E+07     1.30537786E+07     1.83776734E+00     2.86122612E+00     1.30101004E+00
    8.60000000E+03     1.81225000E+03     1.32403523E+00     5.48926210E+00     2.82676790E+00     1.88774746E+07     2.93604337E+07     1.24685876E+07     1.82959662E+00     2.84560647E+00     1.20864946E+00
    8.60000000E+03     1.83725000E+03     1.34230029E+00     5.48926210E+00     2.82676790E+00     1.93165327E+07     3.00184336E+07     1.18425235E+07     1.82154695E+00     2.83073982E+00     1.11694443E+00
    8.60000000E+03     1.86225000E+03     1.36056536E+00     5.48926210E+00     2.82676790E+00     1.97610024E+07     3.06887664E+07     1.11807387E+07     1.81376356E+00     2.81677209E+00     1.02641524E+00
    8.60000000E+03     1.88725000E+03     1.37883045E+00     5.48926210E+00     2.82676790E+00     2.02124366E+07     3.13733870E+07     1.04889616E+07     1.80637273E+00     2.80382270E+00     9.37577526E-01
    8.60000000E+03     1.91225000E+03     1.39709552E+00     5.48926210E+00     2.82676790E+00     2.06723387E+07     3.20741251E+07     9.77350537E+06     1.79948270E+00     2.79198593E+00     8.50941804E-01
    8.60000000E+03     1.93725000E+03     1.41536059E+00     5.48926210E+00     2.82676790E+00     2.11421502E+07     3.27926701E+07     9.04127001E+06     1.79318466E+00     2.78133245E+00     7.67012657E-01
    8.60000000E+03     1.96225000E+03     1.43362565E+00     5.48926210E+00     2.82676790E+00     2.16232381E+07     3.35305532E+07     8.29972661E+06     1.78755337E+00     2.77191055E+00     6.86286470E-01
    8.60000000E+03     1.98725000E+03     1.45189075E+00     5.48926210E+00     2.82676790E+00     2.21168824E+07     3.42891318E+07     7.55689176E+06     1.78264801E+00     2.76374740E+00     6.09248833E-01
    8.60000000E+03     2.01225000E+03     1.47015582E+00     5.48926210E+00     2.82676790E+00     2.26242633E+07     3.50695745E+07     6.82128099E+06     1.77851280E+00     2.75685040E+00     5.36370669E-01
    8.60000000E+03     2.03725000E+03     1.48842088E+00     5.48926210E+00     2.82676790E+00     2.31464475E+07     3.58728458E+07     6.10184788E+06     1.77517767E+00     2.75120826E+00     4.68103897E-01
    8.60000000E+03     2.06225000E+03     1.50668595E+00     5.48926210E+00     2.82676790E+00     2.36843751E+07     3.66996937E+07     5.40790418E+06     1.77265879E+00     2.74679237E+00     4.04876356E-01
    8.60000000E+03     2.08725000E+03     1.52495105E+00     5.48926210E+00     2.82676790E+00     2.42388456E+07     3.75506373E+07     4.74902102E+06     1.77095918E+00     2.74355795E+00     3.47086165E-01
    8.60000000E+03     2.11225000E+03     1.54321611E+00     5.48926210E+00     2.82676790E+00     2.48105068E+07     3.84259581E+07     4.13491644E+06     1.77006936E+00     2.74144544E+00     2.95095995E-01
    8.60000000E+03     2.13725000E+03     1.56148118E+00     5.48926210E+00     2.82676790E+00     2.53998429E+07     3.93256936E+07     3.57532375E+06     1.76996798E+00     2.74038183E+00     2.49226930E-01
    8.60000000E+03     2.16225000E+03     1.57974625E+00     5.48926210E+00     2.82676790E+00     2.60071643E+07     4.02496334E+07     3.07985063E+06     1.77062253E+00     2.74028220E+00     2.09752683E-01
    8.60000000E+03     2.18725000E+03     1.59801134E+00     5.48926210E+00     2.82676790E+00     2.66326024E+07     4.11973225E+07     2.65782515E+06     1.77199033E+00     2.74105138E+00     1.76893895E-01
    8.60000000E+03     2.21225000E+03     1.61627641E+00     5.48926210E+00     2.82676790E+00     2.72761038E+07     4.21680644E+07     2.31813793E+06     1.77401932E+00     2.74258561E+00     1.50813143E-01
    8.60000000E+03     2.23725000E+03     1.63454147E+00     5.48926210E+00     2.82676790E+00     2.79374308E+07     4.31609329E+07     2.06908246E+06     1.77664928E+00     2.74477443E+00     1.31610669E-01
    8.60000000E+03     2.26225000E+03     1.65280655E+00     5.48926210E+00     2.82676790E+00     2.86161640E+07     4.41747885E+07     1.91819645E+06     1.77981305E+00     2.74750265E+00     1.19320977E-01
    8.60000000E+03     2.28725000E+03     1.67107164E+00     5.48926210E+00     2.82676790E+00     2.93117081E+07     4.52082956E+07     1.87211285E+06     1.78343773E+00     2.75065231E+00     1.13910669E-01
    8.60000000E+03     2.31225000E+03     1.68933670E+00     5.48926210E+00     2.82676790E+00     3.00233042E+07     4.62599499E+07     1.93642255E+06     1.78744616E+00     2.75410476E+00     1.15277484E-01
    8.60000000E+03     2.33725000E+03     1.70760177E+00     5.48926210E+00     2.82676790E+00     3.07500434E+07     4.73281061E+07     2.11555398E+06     1.79175842E+00     2.75774261E+00     1.23250695E-01
    8.60000000E+03     2.36225000E+03     1.72586685E+00     5.48926210E+00     2.82676790E+00     3.14908839E+07     4.84110094E+07     2.41267292E+06     1.79629322E+00     2.76145173E+00     1.37592819E-01
    8.60000000E+03     2.38725000E+03     1.74413193E+00     5.48926210E+00     2.82676790E+00     3.22446743E+07     4.95068322E+07     2.82960761E+06     1.80096948E+00     2.76512322E+00     1.58002757E-01
    8.60000000E+03     2.41225000E+03     1.76239700E+00     5.48926210E+00     2.82676790E+00     3.30101747E+07     5.06137070E+07     3.36679723E+06     1.80570770E+00     2.76865484E+00     1.84120057E-01
    8.60000000E+03     2.43725000E+03     1.78066206E+00     5.48926210E+00     2.82676790E+00     3.37860828E+07     5.17297659E+07     4.02327003E+06     1.81043138E+00     2.77195272E+00     2.15530415E-01
    8.60000000E+03     2.46225000E+03     1.79892715E+00     5.48926210E+00     2.82676790E+00     3.45710591E+07     5.28531740E+07     4.79664571E+06     1.81506812E+00     2.77493252E+00     2.51771987E-01
    8.60000000E+03     2.48725000E+03     1.81719223E+00     5.48926210E+00     2.82676790E+00     3.53637547E+07     5.39821660E+07     5.68316566E+06     1.81955085E+00     2.77752046E+00     2.92342539E-01
    8.60000000E+03     2.52475000E+03     1.84458982E+00     5.48926210E+00     2.82676790E+00     3.65649204E+07     5.56827202E+07     7.22589568E+06     1.82581814E+00     2.78046816E+00     3.60506086E-01
    8.60000000E+03     2.57475000E+03     1.88111999E+00     5.48926210E+00     2.82676790E+00     3.81803977E+07     5.79546816E+07     9.60267181E+06     1.83316552E+00     2.78262282E+00     4.60722432E-01
    8.60000000E+03     2.62475000E+03     1.91765012E+00     5.48926210E+00     2.82676790E+00     3.98046966E+07     6.02239165E+07     1.23022732E+07     1.83904184E+00     2.78247167E+00     5.68042787E-01
    8.60000000E+03     2.67475000E+03     1.95418028E+00     5.48926210E+00     2.82676790E+00     4.14303493E+07     6.24838430E+07     1.52427263E+07     1.84326258E+00     2.77997305E+00     6.77821093E-01
    8.60000000E+03     2.72475000E+03     1.99071042E+00     5.48926210E+00     2.82676790E+00     4.30519233E+07     6.47311417E+07     1.83320030E+07     1.84576320E+00     2.77524061E+00     7.85626701E-01
    8.60000000E+03     2.77475000E+03     2.02724058E+00     5.48926210E+00     2.82676790E+00     4.46661961E+07     6.69657022E+07     2.14719636E+07     1.84658627E+00     2.76851362E+00     8.87399210E-01
    8.60000000E+03     2.82475000E+03     2.06377071E+00     5.48926210E+00     2.82676790E+00     4.62721596E+07     6.91903620E+07     2.45620596E+07     1.84586319E+00     2.76012385E+00     9.79559062E-01
    8.60000000E+03     2.87475000E+03     2.10030087E+00     5.48926210E+00     2.82676790E+00     4.78708950E+07     7.14104976E+07     2.75027093E+07     1.84379389E+00     2.75046242E+00     1.05907929E+00
    8.60000000E+03     2.92475000E+03     2.13683101E+00     5.48926210E+00     2.82676790E+00     4.94653446E+07     7.36335171E+07     3.01983585E+07     1.84062587E+00     2.73994890E+00     1.12352674E+00
    8.60000000E+03     2.97475000E+03     2.17336117E+00     5.48926210E+00     2.82676790E+00     5.10600165E+07     7.58683040E+07     3.25603204E+07     1.83663457E+00     2.72900441E+00     1.17108239E+00
    8.60000000E+03     3.02475000E+03     2.20989131E+00     5.48926210E+00     2.82676790E+00     5.26606471E+07     7.81246428E+07     3.45094921E+07     1.83210568E+00     2.71802900E+00     1.20054852E+00
    8.60000000E+03     3.07475000E+03     2.24642146E+00     5.48926210E+00     2.82676790E+00     5.42738335E+07     8.04126450E+07     3.59790325E+07     1.82731969E+00     2.70738354E+00     1.21134828E+00
    8.60000000E+03     3.12475000E+03     2.28295161E+00     5.48926210E+00     2.82676790E+00     5.59066514E+07     8.27421925E+07     3.69170282E+07     1.82253872E+00     2.69737572E+00     1.20352021E+00
    8.60000000E+03     3.17475000E+03     2.31948176E+00     5.48926210E+00     2.82676790E+00     5.75662688E+07     8.51224150E+07     3.72890938E+07     1.81799586E+00     2.68825008E+00     1.17770704E+00
    8.60000000E+03     3.22475000E+03     2.35601190E+00     5.48926210E+00     2.82676790E+00     5.92595598E+07     8.75612087E+07     3.70807844E+07     1.81388650E+00     2.68018147E+00     1.13513651E+00
    8.60000000E+03     3.27475000E+03     2.39254205E+00     5.48926210E+00     2.82676790E+00     6.09927356E+07     9.00648205E+07     3.62996004E+07     1.81036207E+00     2.67327215E+00     1.07758919E+00
    8.60000000E+03     3.32475000E+03     2.42907220E+00     5.48926210E+00     2.82676790E+00     6.27710087E+07     9.26375132E+07     3.49763600E+07     1.80752593E+00     2.66755218E+00     1.00735006E+00
    8.60000000E+03     3.37475000E+03     2.46560235E+00     5.48926210E+00     2.82676790E+00     6.45983049E+07     9.52813421E+07     3.31656365E+07     1.80543185E+00     2.66298331E+00     9.27138793E-01
    8.60000000E+03     3.42475000E+03     2.50213250E+00     5.48926210E+00     2.82676790E+00     6.64770439E+07     9.79960542E+07     3.09450514E+07     1.80408472E+00     2.65946604E+00     8.40017853E-01
    8.60000000E+03     3.47475000E+03     2.53866264E+00     5.48926210E+00     2.82676790E+00     6.84080163E+07     1.00779137E+08     2.84132541E+07     1.80344404E+00     2.65684981E+00     7.49279123E-01
    8.60000000E+03     3.52475000E+03     2.57519280E+00     5.48926210E+00     2.82676790E+00     7.03903586E+07     1.03626015E+08     2.56865508E+07     1.80342972E+00     2.65494553E+00     6.58312917E-01
    8.60000000E+03     3.57475000E+03     2.61172294E+00     5.48926210E+00     2.82676790E+00     7.24216412E+07     1.06530379E+08     2.28942852E+07     1.80392986E+00     2.65353993E+00     5.70466431E-01
    8.60000000E+03     3.62475000E+03     2.64825309E+00     5.48926210E+00     2.82676790E+00     7.44980652E+07     1.09484653E+08     2.01732289E+07     1.80481021E+00     2.65241063E+00     4.88900844E-01
    8.60000000E+03     3.67475000E+03     2.68478323E+00     5.48926210E+00     2.82676790E+00     7.66147479E+07     1.12480522E+08     1.76613295E+07     1.80592434E+00     2.65134079E+00     4.16456688E-01
    8.60000000E+03     3.72475000E+03     2.72131339E+00     5.48926210E+00     2.82676790E+00     7.87660780E+07     1.15509514E+08     1.54912688E+07     1.80712384E+00     2.65013245E+00     3.55537405E-01
    8.60000000E+03     3.77475000E+03     2.75784353E+00     5.48926210E+00     2.82676790E+00     8.09461114E+07     1.18563561E+08     1.37842733E+07     1.80826801E+00     2.64861743E+00     3.08018541E-01
    8.60000000E+03     3.82475000E+03     2.79437369E+00     5.48926210E+00     2.82676790E+00     8.31489681E+07     1.21635522E+08     1.26445693E+07     1.80923196E+00     2.64666537E+00     2.75187413E-01
    8.60000000E+03     3.87475000E+03     2.83090382E+00     5.48926210E+00     2.82676790E+00     8.53692074E+07     1.24719595E+08     1.21548032E+07     1.80991301E+00     2.64418832E+00     2.57715095E-01
    8.60000000E+03     3.92475000E+03     2.86743399E+00     5.48926210E+00     2.82676790E+00     8.76021450E+07     1.27811628E+08     1.23725945E+07     1.81023485E+00     2.64114217E+00     2.55658978E-01
    8.60000000E+03     3.97475000E+03     2.90396412E+00     5.48926210E+00     2.82676790E+00     8.98441054E+07     1.30909294E+08     1.33283239E+07     1.81014969E+00     2.63752497E+00     2.68492717E-01
    8.60000000E+03     4.02475000E+03     2.94049428E+00     5.48926210E+00     2.82676790E+00     9.20925898E+07     1.34012140E+08     1.50240998E+07     1.80963822E+00     2.63337286E+00     2.95157779E-01
    8.60000000E+03     4.07475000E+03     2.97702442E+00     5.48926210E+00     2.82676790E+00     9.43463649E+07     1.37121515E+08     1.74338263E+07     1.80870799E+00     2.62875409E+00     3.34131204E-01
    8.60000000E+03     4.12475000E+03     3.01355458E+00     5.48926210E+00     2.82676790E+00     9.66054656E+07     1.40240400E+08     2.05042409E+07     1.80739035E+00     2.62376176E+00     3.83504048E-01
    8.60000000E+03     4.17475000E+03     3.05008471E+00     5.48926210E+00     2.82676790E+00     9.88711300E+07     1.43373149E+08     2.41568015E+07     1.80573635E+00     2.61850600E+00     4.41066152E-01
    8.60000000E+03     4.22475000E+03     3.08661487E+00     5.48926210E+00     2.82676790E+00     1.01145669E+08     1.46525172E+08     2.82903018E+07     1.80381201E+00     2.61310605E+00     5.04393561E-01
    8.60000000E+03     4.27475000E+03     3.12314501E+00     5.48926210E+00     2.82676790E+00     1.03432291E+08     1.49702575E+08     3.27841473E+07     1.80169344E+00     2.60768271E+00     5.70936483E-01
    8.60000000E+03     4.32475000E+03     3.15967517E+00     5.48926210E+00     2.82676790E+00     1.05734883E+08     1.52911789E+08     3.75022389E+07     1.79946168E+00     2.60235128E+00     6.38106319E-01
    8.60000000E+03     4.37475000E+03     3.19620531E+00     5.48926210E+00     2.82676790E+00     1.08057762E+08     1.56159176E+08     4.22974270E+07     1.79719796E+00     2.59721564E+00     7.03360812E-01
    8.60000000E+03     4.42475000E+03     3.23273546E+00     5.48926210E+00     2.82676790E+00     1.10405428E+08     1.59450676E+08     4.70164773E+07     1.79497926E+00     2.59236330E+00     7.64286178E-01
    8.60000000E+03     4.47475000E+03     3.26926561E+00     5.48926210E+00     2.82676790E+00     1.12782290E+08     1.62791474E+08     5.15054977E+07     1.79287441E+00     2.58786160E+00     8.18675456E-01
    8.60000000E+03     4.52475000E+03     3.30579576E+00     5.48926210E+00     2.82676790E+00     1.15192428E+08     1.66185707E+08     5.56157114E+07     1.79094096E+00     2.58375538E+00     8.64601426E-01
    8.60000000E+03     4.57475000E+03     3.34232590E+00     5.48926210E+00     2.82676790E+00     1.17639352E+08     1.69636253E+08     5.92093787E+07     1.78922265E+00     2.58006589E+00     9.00481560E-01
    8.60000000E+03     4.62475000E+03     3.37885605E+00     5.48926210E+00     2.82676790E+00     1.20125818E+08     1.73144581E+08     6.21656647E+07     1.78774803E+00     2.57679102E+00     9.25132802E-01
    8.60000000E+03     4.67475000E+03     3.41538620E+00     5.48926210E+00     2.82676790E+00     1.22653678E+08     1.76710693E+08     6.43861512E+07     1.78652971E+00     2.57390691E+00     9.37812991E-01
    8.60000000E+03     4.72475000E+03     3.45191635E+00     5.48926210E+00     2.82676790E+00     1.25223792E+08     1.80333156E+08     6.57996841E+07     1.78556476E+00     2.57137067E+00     9.38246245E-01
    8.60000000E+03     4.77475000E+03     3.48844650E+00     5.48926210E+00     2.82676790E+00     1.27835989E+08     1.84009217E+08     6.63662293E+07     1.78483581E+00     2.56912406E+00     9.26629899E-01
    8.60000000E+03     4.82475000E+03     3.52497664E+00     5.48926210E+00     2.82676790E+00     1.30489115E+08     1.87735012E+08     6.60794694E+07     1.78431312E+00     2.56709797E+00     9.03621838E-01
    8.60000000E+03     4.87475000E+03     3.56150680E+00     5.48926210E+00     2.82676790E+00     1.33181123E+08     1.91505830E+08     6.49679109E+07     1.78395709E+00     2.56521719E+00     8.70307967E-01
    8.60000000E+03     4.92475000E+03     3.59803694E+00     5.48926210E+00     2.82676790E+00     1.35909221E+08     1.95316428E+08     6.30943946E+07     1.78372135E+00     2.56340540E+00     8.28151208E-01
    8.60000000E+03     4.97475000E+03     3.63456709E+00     5.48926210E+00     2.82676790E+00     1.38670078E+08     1.99161385E+08     6.05539824E+07     1.78355603E+00     2.56158987E+00     7.78924472E-01
    8.60000000E+03     5.00000000E+03     3.65301480E+00     5.48926210E+00     2.82676790E+00     1.40074470E+08     2.01113360E+08     5.90756270E+07     1.78348350E+00     2.56065470E+00     7.52174220E-01
