    1.07140000E+05     5.00000000E-01     2.93223000E-05     8.74310680E+00     6.40899840E-01     0.00000000E+00     4.98400000E-07     0.00000000E+00     0.00000000E+00     6.34500000E-07     0.00000000E+00
    1.07140000E+05     1.00000000E+00     5.86446000E-05     8.74310680E+00     6.40899840E-01     0.00000000E+00     3.98700000E-06     0.00000000E+00     0.00000000E+00     1.26910000E-06     0.00000000E+00
    1.07140000E+05     1.50000000E+00     8.79669000E-05     8.74310680E+00     6.40899840E-01     0.00000000E+00     1.34560000E-05     0.00000000E+00     0.00000000E+00     1.90360000E-06     0.00000000E+00
    1.07140000E+05     2.00000000E+00     1.17289300E-04     8.74310680E+00     6.40899840E-01     0.00000000E+00     3.18957000E-05     0.00000000E+00     0.00000000E+00     2.53820000E-06     0.00000000E+00
    1.07140000E+05     2.50000000E+00     1.46611600E-04     8.74310680E+00     6.40899840E-01     0.00000000E+00     6.22964000E-05     0.00000000E+00     0.00000000E+00     3.17270000E-06     0.00000000E+00
    1.07140000E+05     3.00000000E+00     1.75933900E-04     8.74310680E+00     6.40899840E-01     0.00000000E+00     1.07648200E-04     0.00000000E+00     0.00000000E+00     3.80730000E-06     0.00000000E+00
    1.07140000E+05     3.50000000E+00     2.05256200E-04     8.74310680E+00     6.40899840E-01     0.00000000E+00     1.70941500E-04     0.00000000E+00     0.00000000E+00     4.44180000E-06     0.00000000E+00
    1.07140000E+05     4.00000000E+00     2.34578500E-04     8.74310680E+00     6.40899840E-01     0.00000000E+00     2.55166500E-04     0.00000000E+00     0.00000000E+00     5.07640000E-06     0.00000000E+00
    1.07140000E+05     4.50000000E+00     2.63900800E-04     8.74310680E+00     6.40899840E-01     0.00000000E+00     3.63313700E-04     0.00000000E+00     0.00000000E+00     5.71090000E-06     0.00000000E+00
    1.07140000E+05     5.00000000E+00     2.93223100E-04     8.74310680E+00     6.40899840E-01     0.00000000E+00     4.98373300E-04     0.00000000E+00     0.00000000E+00     6.34550000E-06     0.00000000E+00
    1.07140000E+05     5.50000000E+00     3.22545500E-04     8.74310680E+00     6.40899840E-01     0.00000000E+00     6.63335700E-04     0.00000000E+00     0.00000000E+00     6.98000000E-06     0.00000000E+00
    1.07140000E+05     6.00000000E+00     3.51867800E-04     8.74310680E+00     6.40899840E-01     0.00000000E+00     8.61191300E-04     0.00000000E+00     0.00000000E+00     7.61460000E-06     0.00000000E+00
    1.07140000E+05     6.50000000E+00     3.81190100E-04     8.74310680E+00     6.40899840E-01     0.00000000E+00     1.09493060E-03     0.00000000E+00     0.00000000E+00     8.24920000E-06     0.00000000E+00
    1.07140000E+05     7.00000000E+00     4.10512400E-04     8.74310680E+00     6.40899840E-01     0.00000000E+00     1.36754420E-03     0.00000000E+00     0.00000000E+00     8.88370000E-06     0.00000000E+00
    1.07140000E+05     7.50000000E+00     4.39834700E-04     8.74310680E+00     6.40899840E-01     0.00000000E+00     1.68202250E-03     0.00000000E+00     0.00000000E+00     9.51830000E-06     0.00000000E+00
    1.07140000E+05     8.00000000E+00     4.69157000E-04     8.74310680E+00     6.40899840E-01     0.00000000E+00     2.04135630E-03     0.00000000E+00     0.00000000E+00     1.01529000E-05     0.00000000E+00
    1.07140000E+05     8.50000000E+00     4.98479300E-04     8.74310680E+00     6.40899840E-01     0.00000000E+00     2.44853590E-03     1.00000000E-10     0.00000000E+00     1.07874000E-05     0.00000000E+00
    1.07140000E+05     9.00000000E+00     5.27801700E-04     8.74310680E+00     6.40899840E-01     0.00000000E+00     2.90655240E-03     1.00000000E-10     0.00000000E+00     1.14220000E-05     0.00000000E+00
    1.07140000E+05     9.50000000E+00     5.57124000E-04     8.74310680E+00     6.40899840E-01     1.00000000E-10     3.41839620E-03     1.00000000E-10     0.00000000E+00     1.20566000E-05     0.00000000E+00
    1.07140000E+05     1.00000000E+01     5.86446300E-04     8.74310680E+00     6.40899840E-01     1.00000000E-10     3.98705870E-03     1.00000000E-10     0.00000000E+00     1.26912000E-05     0.00000000E+00
    1.07140000E+05     1.05000000E+01     6.15768600E-04     8.74310680E+00     6.40899840E-01     1.00000000E-10     4.61553040E-03     2.00000000E-10     0.00000000E+00     1.33258000E-05     0.00000000E+00
    1.07140000E+05     1.10000000E+01     6.45090900E-04     8.74310680E+00     6.40899840E-01     2.00000000E-10     5.30680200E-03     2.00000000E-10     0.00000000E+00     1.39604000E-05     0.00000000E+00
    1.07140000E+05     1.15000000E+01     6.74413200E-04     8.74310680E+00     6.40899840E-01     2.00000000E-10     6.06386540E-03     3.00000000E-10     0.00000000E+00     1.45950000E-05     0.00000000E+00
    1.07140000E+05     1.20000000E+01     7.03735500E-04     8.74310680E+00     6.40899840E-01     3.00000000E-10     6.88971110E-03     4.00000000E-10     0.00000000E+00     1.52296000E-05     0.00000000E+00
    1.07140000E+05     1.25000000E+01     7.33057900E-04     8.74310680E+00     6.40899840E-01     4.00000000E-10     7.78733020E-03     5.00000000E-10     0.00000000E+00     1.58642000E-05     0.00000000E+00
    1.07140000E+05     1.30000000E+01     7.62380200E-04     8.74310680E+00     6.40899840E-01     4.00000000E-10     8.75971480E-03     7.00000000E-10     0.00000000E+00     1.64988000E-05     0.00000000E+00
    1.07140000E+05     1.35000000E+01     7.91702500E-04     8.74310680E+00     6.40899840E-01     6.00000000E-10     9.80985480E-03     8.00000000E-10     0.00000000E+00     1.71335000E-05     0.00000000E+00
    1.07140000E+05     1.40000000E+01     8.21024800E-04     8.74310680E+00     6.40899840E-01     7.00000000E-10     1.09407430E-02     1.00000000E-09     0.00000000E+00     1.77681000E-05     0.00000000E+00
    1.07140000E+05     1.45000000E+01     8.50347100E-04     8.74310680E+00     6.40899840E-01     9.00000000E-10     1.21553720E-02     1.30000000E-09     0.00000000E+00     1.84027000E-05     0.00000000E+00
    1.07140000E+05     1.50000000E+01     8.79669400E-04     8.74310680E+00     6.40899840E-01     1.00000000E-09     1.34567310E-02     1.60000000E-09     0.00000000E+00     1.90374000E-05     0.00000000E+00
    1.07140000E+05     1.55000000E+01     9.08991700E-04     8.74310680E+00     6.40899840E-01     1.30000000E-09     1.48478130E-02     1.90000000E-09     0.00000000E+00     1.96720000E-05     0.00000000E+00
    1.07140000E+05     1.60000000E+01     9.38314100E-04     8.74310680E+00     6.40899840E-01     1.50000000E-09     1.63316110E-02     2.30000000E-09     0.00000000E+00     2.03067000E-05     0.00000000E+00
    1.07140000E+05     1.65000000E+01     9.67636400E-04     8.74310680E+00     6.40899840E-01     1.90000000E-09     1.79111150E-02     2.80000000E-09     0.00000000E+00     2.09414000E-05     0.00000000E+00
    1.07140000E+05     1.70000000E+01     9.96958700E-04     8.74310680E+00     6.40899840E-01     2.20000000E-09     1.95893180E-02     3.30000000E-09     0.00000000E+00     2.15760000E-05     0.00000000E+00
    1.07140000E+05     1.75000000E+01     1.02628100E-03     8.74310680E+00     6.40899840E-01     2.60000000E-09     2.13692130E-02     4.00000000E-09     0.00000000E+00     2.22107000E-05     0.00000000E+00
    1.07140000E+05     1.80000000E+01     1.05560330E-03     8.74310680E+00     6.40899840E-01     3.10000000E-09     2.32537900E-02     4.70000000E-09     0.00000000E+00     2.28454000E-05     0.00000000E+00
    1.07140000E+05     1.85000000E+01     1.08492560E-03     8.74310680E+00     6.40899840E-01     3.70000000E-09     2.52460450E-02     5.50000000E-09     0.00000000E+00     2.34801000E-05     0.00000000E+00
    1.07140000E+05     1.90000000E+01     1.11424790E-03     8.74310680E+00     6.40899840E-01     4.30000000E-09     2.73489690E-02     6.50000000E-09     0.00000000E+00     2.41148000E-05     0.00000000E+00
    1.07140000E+05     1.95000000E+01     1.14357030E-03     8.74310680E+00     6.40899840E-01     5.00000000E-09     2.95655530E-02     7.60000000E-09     0.00000000E+00     2.47495000E-05     0.00000000E+00
    1.07140000E+05     2.00000000E+01     1.17289260E-03     8.74310680E+00     6.40899840E-01     5.90000000E-09     3.18987940E-02     8.80000000E-09     0.00000000E+00     2.53843000E-05     0.00000000E+00
    1.07140000E+05     2.05000000E+01     1.20221490E-03     8.74310680E+00     6.40899840E-01     6.80000000E-09     3.43516810E-02     1.02000000E-08     0.00000000E+00     2.60190000E-05     0.00000000E+00
    1.07140000E+05     2.10000000E+01     1.23153720E-03     8.74310680E+00     6.40899840E-01     7.90000000E-09     3.69272080E-02     1.18000000E-08     0.00000000E+00     2.66537000E-05     0.00000000E+00
    1.07140000E+05     2.15000000E+01     1.26085950E-03     8.74310680E+00     6.40899840E-01     9.10000000E-09     3.96283700E-02     1.36000000E-08     0.00000000E+00     2.72885000E-05     0.00000000E+00
    1.07140000E+05     2.20000000E+01     1.29018180E-03     8.74310680E+00     6.40899840E-01     1.04000000E-08     4.24581600E-02     1.56000000E-08     0.00000000E+00     2.79232000E-05     0.00000000E+00
    1.07140000E+05     2.25000000E+01     1.31950410E-03     8.74310680E+00     6.40899840E-01     1.19000000E-08     4.54195730E-02     1.79000000E-08     0.00000000E+00     2.85580000E-05     0.00000000E+00
    1.07140000E+05     2.30000000E+01     1.34882650E-03     8.74310680E+00     6.40899840E-01     1.36000000E-08     4.85155960E-02     2.04000000E-08     0.00000000E+00     2.91928000E-05     0.00000000E+00
    1.07140000E+05     2.35000000E+01     1.37814880E-03     8.74310680E+00     6.40899840E-01     1.55000000E-08     5.17492340E-02     2.32000000E-08     0.00000000E+00     2.98276000E-05     0.00000000E+00
    1.07140000E+05     2.40000000E+01     1.40747110E-03     8.74310680E+00     6.40899840E-01     1.75000000E-08     5.51234730E-02     2.63000000E-08     0.00000000E+00     3.04624000E-05     0.00000000E+00
    1.07140000E+05     2.45000000E+01     1.43679340E-03     8.74310680E+00     6.40899840E-01     1.98000000E-08     5.86413100E-02     2.98000000E-08     0.00000000E+00     3.10972000E-05     0.00000000E+00
    1.07140000E+05     2.50000000E+01     1.46611570E-03     8.74310680E+00     6.40899840E-01     2.24000000E-08     6.23057380E-02     3.36000000E-08     0.00000000E+00     3.17321000E-05     0.00000000E+00
    1.07140000E+05     2.55000000E+01     1.49543800E-03     8.74310680E+00     6.40899840E-01     2.52000000E-08     6.61197510E-02     3.78000000E-08     0.00000000E+00     3.23669000E-05     0.00000000E+00
    1.07140000E+05     2.60000000E+01     1.52476030E-03     8.74310680E+00     6.40899840E-01     2.83000000E-08     7.00863490E-02     4.25000000E-08     0.00000000E+00     3.30017000E-05     0.00000000E+00
    1.07140000E+05     2.65000000E+01     1.55408270E-03     8.74310680E+00     6.40899840E-01     3.18000000E-08     7.42085210E-02     4.77000000E-08     0.00000000E+00     3.36366000E-05     0.00000000E+00
    1.07140000E+05     2.70000000E+01     1.58340500E-03     8.74310680E+00     6.40899840E-01     3.56000000E-08     7.84892730E-02     5.33000000E-08     0.00000000E+00     3.42715000E-05     0.00000000E+00
    1.07140000E+05     2.75000000E+01     1.61272730E-03     8.74310680E+00     6.40899840E-01     3.97000000E-08     8.29315880E-02     5.95000000E-08     0.00000000E+00     3.49064000E-05     0.00000000E+00
    1.07140000E+05     2.80000000E+01     1.64204960E-03     8.74310680E+00     6.40899840E-01     4.42000000E-08     8.75384570E-02     6.63000000E-08     0.00000000E+00     3.55413000E-05     0.00000000E+00
    1.07140000E+05     2.85000000E+01     1.67137190E-03     8.74310680E+00     6.40899840E-01     4.92000000E-08     9.23128980E-02     7.38000000E-08     0.00000000E+00     3.61762000E-05     0.00000000E+00
    1.07140000E+05     2.90000000E+01     1.70069420E-03     8.74310680E+00     6.40899840E-01     5.46000000E-08     9.72578850E-02     8.19000000E-08     0.00000000E+00     3.68111000E-05     0.00000000E+00
    1.07140000E+05     2.95000000E+01     1.73001650E-03     8.74310680E+00     6.40899840E-01     6.05000000E-08     1.02376430E-01     9.07000000E-08     0.00000000E+00     3.74461000E-05     0.00000000E+00
    1.07140000E+05     3.00000000E+01     1.75933890E-03     8.74310680E+00     6.40899840E-01     6.69000000E-08     1.07671510E-01     1.00300000E-07     0.00000000E+00     3.80810000E-05     0.00000000E+00
    1.07140000E+05     3.05000000E+01     1.78866120E-03     8.74310680E+00     6.40899840E-01     7.39000000E-08     1.13146160E-01     1.10800000E-07     0.00000000E+00     3.87160000E-05     0.00000000E+00
    1.07140000E+05     3.10000000E+01     1.81798350E-03     8.74310680E+00     6.40899840E-01     8.14000000E-08     1.18803330E-01     1.22200000E-07     0.00000000E+00     3.93510000E-05     0.00000000E+00
    1.07140000E+05     3.15000000E+01     1.84730580E-03     8.74310680E+00     6.40899840E-01     8.97000000E-08     1.24646030E-01     1.34500000E-07     0.00000000E+00     3.99860000E-05     0.00000000E+00
    1.07140000E+05     3.20000000E+01     1.87662810E-03     8.74310680E+00     6.40899840E-01     9.85000000E-08     1.30677280E-01     1.47800000E-07     0.00000000E+00     4.06210000E-05     0.00000000E+00
    1.07140000E+05     3.25000000E+01     1.90595040E-03     8.74310680E+00     6.40899840E-01     1.08100000E-07     1.36900070E-01     1.62200000E-07     0.00000000E+00     4.12560000E-05     0.00000000E+00
    1.07140000E+05     3.30000000E+01     1.93527270E-03     8.74310680E+00     6.40899840E-01     1.18500000E-07     1.43317380E-01     1.77800000E-07     0.00000000E+00     4.18910000E-05     1.00000000E-10
    1.07140000E+05     3.35000000E+01     1.96459500E-03     8.74310680E+00     6.40899840E-01     1.29700000E-07     1.49932230E-01     1.94600000E-07     0.00000000E+00     4.25261000E-05     1.00000000E-10
    1.07140000E+05     3.40000000E+01     1.99391740E-03     8.74310680E+00     6.40899840E-01     1.41800000E-07     1.56747590E-01     2.12600000E-07     0.00000000E+00     4.31612000E-05     1.00000000E-10
    1.07140000E+05     3.45000000E+01     2.02323970E-03     8.74310680E+00     6.40899840E-01     1.54700000E-07     1.63766490E-01     2.32100000E-07     0.00000000E+00     4.37963000E-05     1.00000000E-10
    1.07140000E+05     3.50000000E+01     2.05256200E-03     8.74310680E+00     6.40899840E-01     1.68700000E-07     1.70991910E-01     2.53000000E-07     0.00000000E+00     4.44314000E-05     1.00000000E-10
    1.07140000E+05     3.55000000E+01     2.08188430E-03     8.74310680E+00     6.40899840E-01     1.83700000E-07     1.78426850E-01     2.75500000E-07     0.00000000E+00     4.50665000E-05     1.00000000E-10
    1.07140000E+05     3.60000000E+01     2.11120660E-03     8.74310680E+00     6.40899840E-01     1.99800000E-07     1.86074310E-01     2.99600000E-07     0.00000000E+00     4.57016000E-05     1.00000000E-10
    1.07140000E+05     3.65000000E+01     2.14052890E-03     8.74310680E+00     6.40899840E-01     2.17000000E-07     1.93937310E-01     3.25500000E-07     1.00000000E-10     4.63368000E-05     1.00000000E-10
    1.07140000E+05     3.70000000E+01     2.16985120E-03     8.74310680E+00     6.40899840E-01     2.35500000E-07     2.02018810E-01     3.53200000E-07     1.00000000E-10     4.69719000E-05     1.00000000E-10
    1.07140000E+05     3.75000000E+01     2.19917360E-03     8.74310680E+00     6.40899840E-01     2.55200000E-07     2.10321850E-01     3.82800000E-07     1.00000000E-10     4.76071000E-05     1.00000000E-10
    1.07140000E+05     3.80000000E+01     2.22849590E-03     8.74310680E+00     6.40899840E-01     2.76300000E-07     2.18849400E-01     4.14500000E-07     1.00000000E-10     4.82423000E-05     1.00000000E-10
    1.07140000E+05     3.85000000E+01     2.25781820E-03     8.74310680E+00     6.40899840E-01     2.98900000E-07     2.27604490E-01     4.48300000E-07     1.00000000E-10     4.88776000E-05     1.00000000E-10
    1.07140000E+05     3.90000000E+01     2.28714050E-03     8.74310680E+00     6.40899840E-01     3.22900000E-07     2.36590090E-01     4.84400000E-07     1.00000000E-10     4.95128000E-05     1.00000000E-10
    1.07140000E+05     3.95000000E+01     2.31646280E-03     8.74310680E+00     6.40899840E-01     3.48600000E-07     2.45809220E-01     5.22800000E-07     1.00000000E-10     5.01481000E-05     1.00000000E-10
    1.07140000E+05     4.00000000E+01     2.34578510E-03     8.74310680E+00     6.40899840E-01     3.75900000E-07     2.55264880E-01     5.63800000E-07     1.00000000E-10     5.07833000E-05     1.00000000E-10
    1.07140000E+05     4.05000000E+01     2.37510740E-03     8.74310680E+00     6.40899840E-01     4.05000000E-07     2.64960070E-01     6.07400000E-07     1.00000000E-10     5.14186000E-05     1.00000000E-10
    1.07140000E+05     4.10000000E+01     2.40442980E-03     8.74310680E+00     6.40899840E-01     4.35900000E-07     2.74897780E-01     6.53800000E-07     1.00000000E-10     5.20539000E-05     1.00000000E-10
    1.07140000E+05     4.15000000E+01     2.43375210E-03     8.74310680E+00     6.40899840E-01     4.68800000E-07     2.85081040E-01     7.03200000E-07     1.00000000E-10     5.26893000E-05     1.00000000E-10
    1.07140000E+05     4.20000000E+01     2.46307440E-03     8.74310680E+00     6.40899840E-01     5.03700000E-07     2.95512820E-01     7.55600000E-07     1.00000000E-10     5.33246000E-05     1.00000000E-10
    1.07140000E+05     4.25000000E+01     2.49239670E-03     8.74310680E+00     6.40899840E-01     5.40800000E-07     3.06196130E-01     8.11200000E-07     1.00000000E-10     5.39600000E-05     1.00000000E-10
    1.07140000E+05     4.30000000E+01     2.52171900E-03     8.74310680E+00     6.40899840E-01     5.80100000E-07     3.17134000E-01     8.70100000E-07     1.00000000E-10     5.45954000E-05     1.00000000E-10
    1.07140000E+05     4.35000000E+01     2.55104130E-03     8.74310680E+00     6.40899840E-01     6.21800000E-07     3.28329430E-01     9.32600000E-07     1.00000000E-10     5.52308000E-05     2.00000000E-10
    1.07140000E+05     4.40000000E+01     2.58036360E-03     8.74310680E+00     6.40899840E-01     6.65900000E-07     3.39785370E-01     9.98800000E-07     1.00000000E-10     5.58662000E-05     2.00000000E-10
    1.07140000E+05     4.45000000E+01     2.60968600E-03     8.74310680E+00     6.40899840E-01     7.12600000E-07     3.51504890E-01     1.06890000E-06     1.00000000E-10     5.65017000E-05     2.00000000E-10
    1.07140000E+05     4.50000000E+01     2.63900830E-03     8.74310680E+00     6.40899840E-01     7.62000000E-07     3.63490960E-01     1.14300000E-06     1.00000000E-10     5.71372000E-05     2.00000000E-10
    1.07140000E+05     4.55000000E+01     2.66833060E-03     8.74310680E+00     6.40899840E-01     8.14300000E-07     3.75746600E-01     1.22140000E-06     1.00000000E-10     5.77727000E-05     2.00000000E-10
    1.07140000E+05     4.60000000E+01     2.69765290E-03     8.74310680E+00     6.40899840E-01     8.69500000E-07     3.88274790E-01     1.30410000E-06     1.00000000E-10     5.84082000E-05     2.00000000E-10
    1.07140000E+05     4.65000000E+01     2.72697520E-03     8.74310680E+00     6.40899840E-01     9.27700000E-07     4.01078580E-01     1.39150000E-06     1.00000000E-10     5.90437000E-05     2.00000000E-10
    1.07140000E+05     4.70000000E+01     2.75629750E-03     8.74310680E+00     6.40899840E-01     9.89200000E-07     4.14160940E-01     1.48370000E-06     1.00000000E-10     5.96793000E-05     2.00000000E-10
    1.07140000E+05     4.75000000E+01     2.78561980E-03     8.74310680E+00     6.40899840E-01     1.05400000E-06     4.27524890E-01     1.58100000E-06     1.00000000E-10     6.03149000E-05     2.00000000E-10
    1.07140000E+05     4.80000000E+01     2.81494220E-03     8.74310680E+00     6.40899840E-01     1.12240000E-06     4.41173400E-01     1.68350000E-06     2.00000000E-10     6.09505000E-05     2.00000000E-10
    1.07140000E+05     4.85000000E+01     2.84426450E-03     8.74310680E+00     6.40899840E-01     1.19440000E-06     4.55109530E-01     1.79150000E-06     2.00000000E-10     6.15861000E-05     2.00000000E-10
    1.07140000E+05     4.90000000E+01     2.87358680E-03     8.74310680E+00     6.40899840E-01     1.27020000E-06     4.69336280E-01     1.90520000E-06     2.00000000E-10     6.22217000E-05     3.00000000E-10
    1.07140000E+05     4.95000000E+01     2.90290910E-03     8.74310680E+00     6.40899840E-01     1.35000000E-06     4.83856670E-01     2.02490000E-06     2.00000000E-10     6.28574000E-05     3.00000000E-10
    1.07140000E+05     5.10000000E+01     2.99087600E-03     8.74310680E+00     6.40899840E-01     1.61950000E-06     5.29515136E-01     2.42910000E-06     2.00000000E-10     6.47646000E-05     3.00000000E-10
    1.07140000E+05     5.35000000E+01     3.13748760E-03     8.74310680E+00     6.40899840E-01     2.15750000E-06     6.11271332E-01     3.23610000E-06     2.00000000E-10     6.79436000E-05     4.00000000E-10
    1.07140000E+05     5.60000000E+01     3.28409920E-03     8.74310680E+00     6.40899840E-01     2.83700000E-06     7.01045062E-01     4.25530000E-06     3.00000000E-10     7.11233000E-05     4.00000000E-10
    1.07140000E+05     5.85000000E+01     3.43071080E-03     8.74310680E+00     6.40899840E-01     3.68630000E-06     7.99212814E-01     5.52900000E-06     3.00000000E-10     7.43037000E-05     5.00000000E-10
    1.07140000E+05     6.10000000E+01     3.57732230E-03     8.74310680E+00     6.40899840E-01     4.73760000E-06     9.06151382E-01     7.10580000E-06     4.00000000E-10     7.74847000E-05     6.00000000E-10
    1.07140000E+05     6.35000000E+01     3.72393390E-03     8.74310680E+00     6.40899840E-01     6.02770000E-06     1.02223780E+00     9.04090000E-06     5.00000000E-10     8.06664000E-05     7.00000000E-10
    1.07140000E+05     6.60000000E+01     3.87054550E-03     8.74310680E+00     6.40899840E-01     7.59820000E-06     1.14784944E+00     1.13964000E-05     6.00000000E-10     8.38489000E-05     8.00000000E-10
    1.07140000E+05     6.85000000E+01     4.01715700E-03     8.74310680E+00     6.40899840E-01     9.49600000E-06     1.28336396E+00     1.42427000E-05     6.00000000E-10     8.70322000E-05     1.00000000E-09
    1.07140000E+05     7.10000000E+01     4.16376860E-03     8.74310680E+00     6.40899840E-01     1.17733000E-05     1.42915920E+00     1.76583000E-05     7.00000000E-10     9.02162000E-05     1.10000000E-09
    1.07140000E+05     7.35000000E+01     4.31038020E-03     8.74310680E+00     6.40899840E-01     1.44887000E-05     1.58561346E+00     2.17309000E-05     9.00000000E-10     9.34011000E-05     1.30000000E-09
    1.07140000E+05     7.60000000E+01     4.45699180E-03     8.74310680E+00     6.40899840E-01     1.77072000E-05     1.75310532E+00     2.65579000E-05     1.00000000E-09     9.65868000E-05     1.50000000E-09
    1.07140000E+05     7.85000000E+01     4.60360330E-03     8.74310680E+00     6.40899840E-01     2.15006000E-05     1.93201366E+00     3.22472000E-05     1.10000000E-09     9.97735000E-05     1.70000000E-09
    1.07140000E+05     8.10000000E+01     4.75021490E-03     8.74310680E+00     6.40899840E-01     2.59485000E-05     2.12271776E+00     3.89180000E-05     1.30000000E-09     1.02961000E-04     1.90000000E-09
    1.07140000E+05     8.35000000E+01     4.89682650E-03     8.74310680E+00     6.40899840E-01     3.11381000E-05     2.32559728E+00     4.67011000E-05     1.40000000E-09     1.06149500E-04     2.10000000E-09
    1.07140000E+05     8.60000000E+01     5.04343800E-03     8.74310680E+00     6.40899840E-01     3.71653000E-05     2.54103218E+00     5.57403000E-05     1.60000000E-09     1.09339000E-04     2.40000000E-09
    1.07140000E+05     8.85000000E+01     5.19004960E-03     8.74310680E+00     6.40899840E-01     4.41350000E-05     2.76940300E+00     6.61929000E-05     1.80000000E-09     1.12529500E-04     2.70000000E-09
    1.07140000E+05     9.10000000E+01     5.33666120E-03     8.74310680E+00     6.40899840E-01     5.21615000E-05     3.01109036E+00     7.82302000E-05     2.00000000E-09     1.15721000E-04     3.00000000E-09
    1.07140000E+05     9.35000000E+01     5.48327280E-03     8.74310680E+00     6.40899840E-01     6.13693000E-05     3.26647550E+00     9.20391000E-05     2.20000000E-09     1.18913600E-04     3.30000000E-09
    1.07140000E+05     9.60000000E+01     5.62988430E-03     8.74310680E+00     6.40899840E-01     7.18936000E-05     3.53594024E+00     1.07822100E-04     2.50000000E-09     1.22107300E-04     3.70000000E-09
    1.07140000E+05     9.85000000E+01     5.77649590E-03     8.74310680E+00     6.40899840E-01     8.38810000E-05     3.81986630E+00     1.25798900E-04     2.80000000E-09     1.25302100E-04     4.10000000E-09
    1.07140000E+05     1.01000000E+02     5.92310750E-03     8.74310680E+00     6.40899840E-01     9.74897000E-05     4.11863654E+00     1.46207000E-04     3.00000000E-09     1.28498100E-04     4.60000000E-09
    1.07140000E+05     1.03500000E+02     6.06971900E-03     8.74310680E+00     6.40899840E-01     1.12890800E-04     4.43263392E+00     1.69302600E-04     3.40000000E-09     1.31695300E-04     5.00000000E-09
    1.07140000E+05     1.06000000E+02     6.21633060E-03     8.74310680E+00     6.40899840E-01     1.30268100E-04     4.76224154E+00     1.95361600E-04     3.70000000E-09     1.34893700E-04     5.50000000E-09
    1.07140000E+05     1.08500000E+02     6.36294220E-03     8.74310680E+00     6.40899840E-01     1.49819800E-04     5.10784370E+00     2.24680800E-04     4.00000000E-09     1.38093300E-04     6.10000000E-09
    1.07140000E+05     1.11000000E+02     6.50955370E-03     8.74310680E+00     6.40899840E-01     1.71758100E-04     5.46982470E+00     2.57578500E-04     4.40000000E-09     1.41294200E-04     6.70000000E-09
    1.07140000E+05     1.13500000E+02     6.65616530E-03     8.74310680E+00     6.40899840E-01     1.96310700E-04     5.84856940E+00     2.94396000E-04     4.80000000E-09     1.44496500E-04     7.30000000E-09
    1.07140000E+05     1.16000000E+02     6.80277690E-03     8.74310680E+00     6.40899840E-01     2.23721100E-04     6.24446358E+00     3.35498200E-04     5.30000000E-09     1.47700100E-04     7.90000000E-09
    1.07140000E+05     1.18500000E+02     6.94938850E-03     8.74310680E+00     6.40899840E-01     2.54249500E-04     6.65789262E+00     3.81275200E-04     5.80000000E-09     1.50905000E-04     8.60000000E-09
    1.07140000E+05     1.21000000E+02     7.09600000E-03     8.74310680E+00     6.40899840E-01     2.88173300E-04     7.08924376E+00     4.32142900E-04     6.30000000E-09     1.54111300E-04     9.40000000E-09
    1.07140000E+05     1.23500000E+02     7.24261160E-03     8.74310680E+00     6.40899840E-01     3.25788200E-04     7.53890350E+00     4.88544500E-04     6.80000000E-09     1.57319100E-04     1.02000000E-08
    1.07140000E+05     1.26000000E+02     7.38922320E-03     8.74310680E+00     6.40899840E-01     3.67408800E-04     8.00725972E+00     5.50951500E-04     7.40000000E-09     1.60528300E-04     1.10000000E-08
    1.07140000E+05     1.28500000E+02     7.53583470E-03     8.74310680E+00     6.40899840E-01     4.13369300E-04     8.49470106E+00     6.19864700E-04     8.00000000E-09     1.63739100E-04     1.19000000E-08
    1.07140000E+05     1.31000000E+02     7.68244630E-03     8.74310680E+00     6.40899840E-01     4.64024500E-04     9.00161578E+00     6.95815900E-04     8.60000000E-09     1.66951300E-04     1.29000000E-08
    1.07140000E+05     1.33500000E+02     7.82905790E-03     8.74310680E+00     6.40899840E-01     5.19750300E-04     9.52839366E+00     7.79368700E-04     9.30000000E-09     1.70165100E-04     1.39000000E-08
    1.07140000E+05     1.36000000E+02     7.97566950E-03     8.74310680E+00     6.40899840E-01     5.80945100E-04     1.00754248E+01     8.71119800E-04     1.00000000E-08     1.73380500E-04     1.50000000E-08
    1.07140000E+05     1.38500000E+02     8.12228100E-03     8.74310680E+00     6.40899840E-01     6.48030100E-04     1.06430996E+01     9.71700500E-04     1.08000000E-08     1.76597500E-04     1.61000000E-08
    1.07140000E+05     1.41000000E+02     8.26889260E-03     8.74310680E+00     6.40899840E-01     7.21450300E-04     1.12318094E+01     1.08177790E-03     1.15000000E-08     1.79816100E-04     1.73000000E-08
    1.07140000E+05     1.43500000E+02     8.41550420E-03     8.74310680E+00     6.40899840E-01     8.01675700E-04     1.18419466E+01     1.20205590E-03     1.24000000E-08     1.83036400E-04     1.86000000E-08
    1.07140000E+05     1.46000000E+02     8.56211570E-03     8.74310680E+00     6.40899840E-01     8.89201800E-04     1.24739034E+01     1.33327720E-03     1.33000000E-08     1.86258500E-04     1.99000000E-08
    1.07140000E+05     1.48500000E+02     8.70872730E-03     8.74310680E+00     6.40899840E-01     9.84550700E-04     1.31280738E+01     1.47622410E-03     1.42000000E-08     1.89482200E-04     2.13000000E-08
    1.07140000E+05     1.51000000E+02     8.85533890E-03     8.74310680E+00     6.40899840E-01     1.08827200E-03     1.38048514E+01     1.63172010E-03     1.52000000E-08     1.92707700E-04     2.28000000E-08
    1.07140000E+05     1.53500000E+02     9.00195050E-03     8.74310680E+00     6.40899840E-01     1.20094390E-03     1.45046306E+01     1.80063140E-03     1.62000000E-08     1.95935100E-04     2.43000000E-08
    1.07140000E+05     1.56000000E+02     9.14856200E-03     8.74310680E+00     6.40899840E-01     1.32317400E-03     1.52278074E+01     1.98386830E-03     1.73000000E-08     1.99164200E-04     2.59000000E-08
    1.07140000E+05     1.58500000E+02     9.29517360E-03     8.74310680E+00     6.40899840E-01     1.45560030E-03     1.59747780E+01     2.18238670E-03     1.84000000E-08     2.02395200E-04     2.76000000E-08
    1.07140000E+05     1.61000000E+02     9.44178520E-03     8.74310680E+00     6.40899840E-01     1.59889210E-03     1.67459390E+01     2.39718910E-03     1.96000000E-08     2.05628100E-04     2.94000000E-08
    1.07140000E+05     1.63500000E+02     9.58839670E-03     8.74310680E+00     6.40899840E-01     1.75375130E-03     1.75416882E+01     2.62932720E-03     2.09000000E-08     2.08863000E-04     3.13000000E-08
    1.07140000E+05     1.66000000E+02     9.73500830E-03     8.74310680E+00     6.40899840E-01     1.92091330E-03     1.83624242E+01     2.87990250E-03     2.22000000E-08     2.12099700E-04     3.33000000E-08
    1.07140000E+05     1.68500000E+02     9.88161990E-03     8.74310680E+00     6.40899840E-01     2.10114780E-03     1.92085464E+01     3.15006780E-03     2.36000000E-08     2.15338500E-04     3.53000000E-08
    1.07140000E+05     1.71000000E+02     1.00282314E-02     8.74310680E+00     6.40899840E-01     2.29526030E-03     2.00804544E+01     3.44102980E-03     2.50000000E-08     2.18579300E-04     3.75000000E-08
    1.07140000E+05     1.73500000E+02     1.01748430E-02     8.74310680E+00     6.40899840E-01     2.50409290E-03     2.09785494E+01     3.75404960E-03     2.65000000E-08     2.21822100E-04     3.97000000E-08
    1.07140000E+05     1.76000000E+02     1.03214546E-02     8.74310680E+00     6.40899840E-01     2.72852550E-03     2.19032332E+01     4.09044500E-03     2.80000000E-08     2.25067000E-04     4.20000000E-08
    1.07140000E+05     1.78500000E+02     1.04680662E-02     8.74310680E+00     6.40899840E-01     2.96947670E-03     2.28549076E+01     4.45159190E-03     2.97000000E-08     2.28314000E-04     4.45000000E-08
    1.07140000E+05     1.81000000E+02     1.06146776E-02     8.74310680E+00     6.40899840E-01     3.22790530E-03     2.38339766E+01     4.83892590E-03     3.14000000E-08     2.31563100E-04     4.70000000E-08
    1.07140000E+05     1.83500000E+02     1.07612894E-02     8.74310680E+00     6.40899840E-01     3.50481100E-03     2.48408442E+01     5.25394450E-03     3.31000000E-08     2.34814400E-04     4.97000000E-08
    1.07140000E+05     1.86000000E+02     1.09079010E-02     8.74310680E+00     6.40899840E-01     3.80123600E-03     2.58759150E+01     5.69820780E-03     3.50000000E-08     2.38067900E-04     5.24000000E-08
    1.07140000E+05     1.88500000E+02     1.10545124E-02     8.74310680E+00     6.40899840E-01     4.11826630E-03     2.69395962E+01     6.17334210E-03     3.69000000E-08     2.41323700E-04     5.53000000E-08
    1.07140000E+05     1.91000000E+02     1.12011240E-02     8.74310680E+00     6.40899840E-01     4.45703190E-03     2.80322938E+01     6.68103940E-03     3.89000000E-08     2.44581700E-04     5.83000000E-08
    1.07140000E+05     1.93500000E+02     1.13477356E-02     8.74310680E+00     6.40899840E-01     4.81870880E-03     2.91544148E+01     7.22306040E-03     4.10000000E-08     2.47842000E-04     6.14000000E-08
    1.07140000E+05     1.96000000E+02     1.14943472E-02     8.74310680E+00     6.40899840E-01     5.20452100E-03     3.03063700E+01     7.80123750E-03     4.31000000E-08     2.51104600E-04     6.46000000E-08
    1.07140000E+05     1.98500000E+02     1.16409586E-02     8.74310680E+00     6.40899840E-01     5.61573950E-03     3.14885668E+01     8.41747370E-03     4.54000000E-08     2.54369600E-04     6.80000000E-08
    1.07140000E+05     2.01000000E+02     1.17875704E-02     8.74310680E+00     6.40899840E-01     6.05368590E-03     3.27014172E+01     9.07374710E-03     4.77000000E-08     2.57637000E-04     7.15000000E-08
    1.07140000E+05     2.03500000E+02     1.19341818E-02     8.74310680E+00     6.40899840E-01     6.51973280E-03     3.39453328E+01     9.77211240E-03     5.01000000E-08     2.60906800E-04     7.51000000E-08
    1.07140000E+05     2.06000000E+02     1.20807934E-02     8.74310680E+00     6.40899840E-01     7.01530410E-03     3.52207256E+01     1.05147012E-02     5.26000000E-08     2.64179100E-04     7.89000000E-08
    1.07140000E+05     2.08500000E+02     1.22274050E-02     8.74310680E+00     6.40899840E-01     7.54187710E-03     3.65280078E+01     1.13037240E-02     5.52000000E-08     2.67453800E-04     8.28000000E-08
    1.07140000E+05     2.11000000E+02     1.23740166E-02     8.74310680E+00     6.40899840E-01     8.10098550E-03     3.78675964E+01     1.21414768E-02     5.79000000E-08     2.70731100E-04     8.68000000E-08
    1.07140000E+05     2.13500000E+02     1.25206282E-02     8.74310680E+00     6.40899840E-01     8.69421750E-03     3.92399048E+01     1.30303362E-02     6.07000000E-08     2.74010900E-04     9.10000000E-08
    1.07140000E+05     2.16000000E+02     1.26672396E-02     8.74310680E+00     6.40899840E-01     9.32321980E-03     4.06453516E+01     1.39727668E-02     6.36000000E-08     2.77293300E-04     9.53000000E-08
    1.07140000E+05     2.18500000E+02     1.28138514E-02     8.74310680E+00     6.40899840E-01     9.98969720E-03     4.20843530E+01     1.49713196E-02     6.66000000E-08     2.80578300E-04     9.98000000E-08
    1.07140000E+05     2.21000000E+02     1.29604628E-02     8.74310680E+00     6.40899840E-01     1.06954158E-02     4.35573282E+01     1.60286370E-02     6.97000000E-08     2.83865900E-04     1.04500000E-07
    1.07140000E+05     2.23500000E+02     1.31070744E-02     8.74310680E+00     6.40899840E-01     1.14422014E-02     4.50646946E+01     1.71474506E-02     7.29000000E-08     2.87156200E-04     1.09300000E-07
    1.07140000E+05     2.26000000E+02     1.32536860E-02     8.74310680E+00     6.40899840E-01     1.22319458E-02     4.66068766E+01     1.83305914E-02     7.62000000E-08     2.90449300E-04     1.14200000E-07
    1.07140000E+05     2.28500000E+02     1.34002976E-02     8.74310680E+00     6.40899840E-01     1.30666034E-02     4.81842958E+01     1.95809836E-02     7.97000000E-08     2.93745000E-04     1.19400000E-07
    1.07140000E+05     2.31000000E+02     1.35469092E-02     8.74310680E+00     6.40899840E-01     1.39481934E-02     4.97973718E+01     2.09016472E-02     8.32000000E-08     2.97043600E-04     1.24700000E-07
    1.07140000E+05     2.33500000E+02     1.36935206E-02     8.74310680E+00     6.40899840E-01     1.48788058E-02     5.14465312E+01     2.22957082E-02     8.69000000E-08     3.00344900E-04     1.30200000E-07
    1.07140000E+05     2.36000000E+02     1.38401324E-02     8.74310680E+00     6.40899840E-01     1.58605960E-02     5.31321978E+01     2.37663926E-02     9.06000000E-08     3.03649100E-04     1.35800000E-07
    1.07140000E+05     2.38500000E+02     1.39867438E-02     8.74310680E+00     6.40899840E-01     1.68957942E-02     5.48548016E+01     2.53170342E-02     9.45000000E-08     3.06956100E-04     1.41700000E-07
    1.07140000E+05     2.41000000E+02     1.41333554E-02     8.74310680E+00     6.40899840E-01     1.79866970E-02     5.66147658E+01     2.69510682E-02     9.86000000E-08     3.10266100E-04     1.47700000E-07
    1.07140000E+05     2.43500000E+02     1.42799670E-02     8.74310680E+00     6.40899840E-01     1.91356794E-02     5.84125220E+01     2.86720476E-02     1.02700000E-07     3.13579000E-04     1.53900000E-07
    1.07140000E+05     2.46000000E+02     1.44265786E-02     8.74310680E+00     6.40899840E-01     2.03451898E-02     6.02485000E+01     3.04836320E-02     1.07000000E-07     3.16894800E-04     1.60300000E-07
    1.07140000E+05     2.48500000E+02     1.45731902E-02     8.74310680E+00     6.40899840E-01     2.16177482E-02     6.21231258E+01     3.23895916E-02     1.11400000E-07     3.20213700E-04     1.66900000E-07
    1.07140000E+05     2.52250000E+02     1.47931075E-02     8.74310680E+00     6.40899840E-01     2.36592395E-02     6.50134555E+01     3.54470842E-02     1.18300000E-07     3.25198000E-04     1.77300000E-07
    1.07140000E+05     2.57250000E+02     1.50863306E-02     8.74310680E+00     6.40899840E-01     2.66159669E-02     6.90000390E+01     3.98750714E-02     1.28000000E-07     3.31854100E-04     1.91700000E-07
    1.07140000E+05     2.62250000E+02     1.53795538E-02     8.74310680E+00     6.40899840E-01     2.98744360E-02     7.31490558E+01     4.47546356E-02     1.38200000E-07     3.38522800E-04     2.07100000E-07
    1.07140000E+05     2.67250000E+02     1.56727769E-02     8.74310680E+00     6.40899840E-01     3.34587954E-02     7.74640109E+01     5.01218724E-02     1.49100000E-07     3.45204300E-04     2.23300000E-07
    1.07140000E+05     2.72250000E+02     1.59660001E-02     8.74310680E+00     6.40899840E-01     3.73946179E-02     8.19484345E+01     5.60150022E-02     1.60600000E-07     3.51898900E-04     2.40500000E-07
    1.07140000E+05     2.77250000E+02     1.62592232E-02     8.74310680E+00     6.40899840E-01     4.17089562E-02     8.66058806E+01     6.24744504E-02     1.72700000E-07     3.58606800E-04     2.58600000E-07
    1.07140000E+05     2.82250000E+02     1.65524464E-02     8.74310680E+00     6.40899840E-01     4.64303905E-02     9.14399196E+01     6.95429189E-02     1.85500000E-07     3.65328400E-04     2.77800000E-07
    1.07140000E+05     2.87250000E+02     1.68456695E-02     8.74310680E+00     6.40899840E-01     5.15890939E-02     9.64541474E+01     7.72654844E-02     1.99000000E-07     3.72063900E-04     2.98000000E-07
    1.07140000E+05     2.92250000E+02     1.71388926E-02     8.74310680E+00     6.40899840E-01     5.72168869E-02     1.01652184E+02     8.56896757E-02     2.13200000E-07     3.78813500E-04     3.19300000E-07
    1.07140000E+05     2.97250000E+02     1.74321158E-02     8.74310680E+00     6.40899840E-01     6.33472953E-02     1.07037665E+02     9.48655635E-02     2.28200000E-07     3.85577500E-04     3.41700000E-07
    1.07140000E+05     3.02250000E+02     1.77253389E-02     8.74310680E+00     6.40899840E-01     7.00156138E-02     1.12614262E+02     1.04845849E-01     2.43900000E-07     3.92356300E-04     3.65200000E-07
    1.07140000E+05     3.07250000E+02     1.80185621E-02     8.74310680E+00     6.40899840E-01     7.72589592E-02     1.18385657E+02     1.15685951E-01     2.60500000E-07     3.99149900E-04     3.90000000E-07
    1.07140000E+05     3.12250000E+02     1.83117852E-02     8.74310680E+00     6.40899840E-01     8.51163440E-02     1.24355566E+02     1.27444100E-01     2.77800000E-07     4.05958800E-04     4.16000000E-07
    1.07140000E+05     3.17250000E+02     1.86050084E-02     8.74310680E+00     6.40899840E-01     9.36287316E-02     1.30527728E+02     1.40181443E-01     2.96100000E-07     4.12783200E-04     4.43300000E-07
    1.07140000E+05     3.22250000E+02     1.88982315E-02     8.74310680E+00     6.40899840E-01     1.02839101E-01     1.36905903E+02     1.53962110E-01     3.15200000E-07     4.19623400E-04     4.71800000E-07
    1.07140000E+05     3.27250000E+02     1.91914546E-02     8.74310680E+00     6.40899840E-01     1.12792516E-01     1.43493883E+02     1.68853342E-01     3.35200000E-07     4.26479500E-04     5.01800000E-07
    1.07140000E+05     3.32250000E+02     1.94846778E-02     8.74310680E+00     6.40899840E-01     1.23536184E-01     1.50295484E+02     1.84925558E-01     3.56200000E-07     4.33352000E-04     5.33100000E-07
    1.07140000E+05     3.37250000E+02     1.97779008E-02     8.74310680E+00     6.40899840E-01     1.35119534E-01     1.57314546E+02     2.02252485E-01     3.78100000E-07     4.40241100E-04     5.65900000E-07
    1.07140000E+05     3.42250000E+02     2.00711241E-02     8.74310680E+00     6.40899840E-01     1.47594280E-01     1.64554943E+02     2.20911241E-01     4.01000000E-07     4.47147000E-04     6.00200000E-07
    1.07140000E+05     3.47250000E+02     2.03643472E-02     8.74310680E+00     6.40899840E-01     1.61014480E-01     1.72020566E+02     2.40982430E-01     4.25000000E-07     4.54070000E-04     6.36000000E-07
    1.07140000E+05     3.52250000E+02     2.06575703E-02     8.74310680E+00     6.40899840E-01     1.75436625E-01     1.79715344E+02     2.62550258E-01     4.50000000E-07     4.61010400E-04     6.73400000E-07
    1.07140000E+05     3.57250000E+02     2.09507935E-02     8.74310680E+00     6.40899840E-01     1.90919701E-01     1.87643232E+02     2.85702651E-01     4.76100000E-07     4.67968500E-04     7.12500000E-07
    1.07140000E+05     3.62250000E+02     2.12440166E-02     8.74310680E+00     6.40899840E-01     2.07525255E-01     1.95808212E+02     3.10531314E-01     5.03300000E-07     4.74944500E-04     7.53100000E-07
    1.07140000E+05     3.67250000E+02     2.15372398E-02     8.74310680E+00     6.40899840E-01     2.25317488E-01     2.04214299E+02     3.37131908E-01     5.31700000E-07     4.81938700E-04     7.95500000E-07
    1.07140000E+05     3.72250000E+02     2.18304628E-02     8.74310680E+00     6.40899840E-01     2.44363306E-01     2.12865536E+02     3.65604094E-01     5.61300000E-07     4.88951500E-04     8.39700000E-07
    1.07140000E+05     3.77250000E+02     2.21236861E-02     8.74310680E+00     6.40899840E-01     2.64732411E-01     2.21765996E+02     3.96051685E-01     5.92000000E-07     4.95983000E-04     8.85700000E-07
    1.07140000E+05     3.82250000E+02     2.24169092E-02     8.74310680E+00     6.40899840E-01     2.86497375E-01     2.30919786E+02     4.28582741E-01     6.24100000E-07     5.03033600E-04     9.33500000E-07
    1.07140000E+05     3.87250000E+02     2.27101323E-02     8.74310680E+00     6.40899840E-01     3.09733706E-01     2.40331036E+02     4.63309673E-01     6.57400000E-07     5.10103500E-04     9.83300000E-07
    1.07140000E+05     3.92250000E+02     2.30033555E-02     8.74310680E+00     6.40899840E-01     3.34519960E-01     2.50003926E+02     5.00349410E-01     6.92000000E-07     5.17193000E-04     1.03500000E-06
    1.07140000E+05     3.97250000E+02     2.32965786E-02     8.74310680E+00     6.40899840E-01     3.60937789E-01     2.59942654E+02     5.39823459E-01     7.28000000E-07     5.24302500E-04     1.08870000E-06
    1.07140000E+05     4.02250000E+02     2.35898018E-02     8.74310680E+00     6.40899840E-01     3.89072004E-01     2.70151447E+02     5.81858006E-01     7.65300000E-07     5.31432100E-04     1.14450000E-06
    1.07140000E+05     4.07250000E+02     2.38830248E-02     8.74310680E+00     6.40899840E-01     4.19010741E-01     2.80634585E+02     6.26584151E-01     8.04100000E-07     5.38582200E-04     1.20240000E-06
    1.07140000E+05     4.12250000E+02     2.41762481E-02     8.74310680E+00     6.40899840E-01     4.50845404E-01     2.91396358E+02     6.74137839E-01     8.44300000E-07     5.45753100E-04     1.26250000E-06
    1.07140000E+05     4.17250000E+02     2.44694712E-02     8.74310680E+00     6.40899840E-01     4.84670942E-01     3.02441117E+02     7.24660241E-01     8.86000000E-07     5.52945000E-04     1.32480000E-06
    1.07140000E+05     4.22250000E+02     2.47626943E-02     8.74310680E+00     6.40899840E-01     5.20585700E-01     3.13773217E+02     7.78297549E-01     9.29300000E-07     5.60158200E-04     1.38930000E-06
    1.07140000E+05     4.27250000E+02     2.50559175E-02     8.74310680E+00     6.40899840E-01     5.58691748E-01     3.25397085E+02     8.35201476E-01     9.74100000E-07     5.67393100E-04     1.45620000E-06
    1.07140000E+05     4.32250000E+02     2.53491406E-02     8.74310680E+00     6.40899840E-01     5.99094793E-01     3.37317159E+02     8.95529074E-01     1.02050000E-06     5.74649800E-04     1.52550000E-06
    1.07140000E+05     4.37250000E+02     2.56423638E-02     8.74310680E+00     6.40899840E-01     6.41904257E-01     3.49537903E+02     9.59442908E-01     1.06860000E-06     5.81928700E-04     1.59720000E-06
    1.07140000E+05     4.42250000E+02     2.59355868E-02     8.74310680E+00     6.40899840E-01     6.87233601E-01     3.62063864E+02     1.02711149E+00     1.11830000E-06     5.89230200E-04     1.67140000E-06
    1.07140000E+05     4.47250000E+02     2.62288101E-02     8.74310680E+00     6.40899840E-01     7.35200064E-01     3.74899573E+02     1.09870891E+00     1.16980000E-06     5.96554400E-04     1.74820000E-06
    1.07140000E+05     4.52250000E+02     2.65220332E-02     8.74310680E+00     6.40899840E-01     7.85925089E-01     3.88049640E+02     1.17441544E+00     1.22300000E-06     6.03901600E-04     1.82760000E-06
    1.07140000E+05     4.57250000E+02     2.68152563E-02     8.74310680E+00     6.40899840E-01     8.39534159E-01     4.01518691E+02     1.25441733E+00     1.27800000E-06     6.11272300E-04     1.90960000E-06
    1.07140000E+05     4.62250000E+02     2.71084795E-02     8.74310680E+00     6.40899840E-01     8.96157068E-01     4.15311406E+02     1.33890717E+00     1.33490000E-06     6.18666600E-04     1.99440000E-06
    1.07140000E+05     4.67250000E+02     2.74017025E-02     8.74310680E+00     6.40899840E-01     9.55927862E-01     4.29432477E+02     1.42808382E+00     1.39360000E-06     6.26084800E-04     2.08190000E-06
    1.07140000E+05     4.72250000E+02     2.76949258E-02     8.74310680E+00     6.40899840E-01     1.01898518E+00     4.43886692E+02     1.52215285E+00     1.45420000E-06     6.33527300E-04     2.17230000E-06
    1.07140000E+05     4.77250000E+02     2.79881488E-02     8.74310680E+00     6.40899840E-01     1.08547191E+00     4.58678804E+02     1.62132620E+00     1.51680000E-06     6.40994400E-04     2.26570000E-06
    1.07140000E+05     4.82250000E+02     2.82813720E-02     8.74310680E+00     6.40899840E-01     1.15553587E+00     4.73813682E+02     1.72582293E+00     1.58140000E-06     6.48486300E-04     2.36190000E-06
    1.07140000E+05     4.87250000E+02     2.85745952E-02     8.74310680E+00     6.40899840E-01     1.22932945E+00     4.89296192E+02     1.83586887E+00     1.64810000E-06     6.56003300E-04     2.46120000E-06
    1.07140000E+05     4.92250000E+02     2.88678183E-02     8.74310680E+00     6.40899840E-01     1.30700969E+00     5.05131228E+02     1.95169673E+00     1.71680000E-06     6.63545800E-04     2.56360000E-06
    1.07140000E+05     4.97250000E+02     2.91610415E-02     8.74310680E+00     6.40899840E-01     1.38873900E+00     5.21323799E+02     2.07354705E+00     1.78770000E-06     6.71114000E-04     2.66920000E-06
    1.07140000E+05     5.12250000E+02     3.00407109E-02     8.74310680E+00     6.40899840E-01     1.66466796E+00     5.72474678E+02     2.48480480E+00     2.01580000E-06     6.94003200E-04     3.00890000E-06
    1.07140000E+05     5.37250000E+02     3.15068266E-02     8.74310680E+00     6.40899840E-01     2.21524820E+00     6.64749286E+02     3.30501256E+00     2.43900000E-06     7.32651900E-04     3.63890000E-06
    1.07140000E+05     5.62250000E+02     3.29729423E-02     8.74310680E+00     6.40899840E-01     2.90995416E+00     7.67133020E+02     4.33922714E+00     2.92570000E-06     7.72013400E-04     4.36280000E-06
    1.07140000E+05     5.87250000E+02     3.44390580E-02     8.74310680E+00     6.40899840E-01     3.77753058E+00     8.80316919E+02     5.62987997E+00     3.48190000E-06     8.12127100E-04     5.18940000E-06
    1.07140000E+05     6.12250000E+02     3.59051737E-02     8.74310680E+00     6.40899840E-01     4.85082943E+00     1.00502447E+03     7.22539176E+00     4.11400000E-06     8.53032900E-04     6.12790000E-06
    1.07140000E+05     6.37250000E+02     3.73712894E-02     8.74310680E+00     6.40899840E-01     6.16718560E+00     1.14201355E+03     9.18070325E+00     4.82850000E-06     8.94771800E-04     7.18800000E-06
    1.07140000E+05     6.62250000E+02     3.88374051E-02     8.74310680E+00     6.40899840E-01     7.76880868E+00     1.29207834E+03     1.15578250E+01     5.63240000E-06     9.37385100E-04     8.37950000E-06
    1.07140000E+05     6.87250000E+02     4.03035208E-02     8.74310680E+00     6.40899840E-01     9.70319317E+00     1.45605151E+03     1.44264106E+01     6.53290000E-06     9.80915200E-04     9.71290000E-06
    1.07140000E+05     7.12250000E+02     4.17696365E-02     8.74310680E+00     6.40899840E-01     1.20235435E+01     1.63480611E+03     1.78643455E+01     7.53730000E-06     1.02540510E-03     1.11988000E-05
    1.07140000E+05     7.37250000E+02     4.32357523E-02     8.74310680E+00     6.40899840E-01     1.47892176E+01     1.82925789E+03     2.19583590E+01     8.65350000E-06     1.07089900E-03     1.28484000E-05
    1.07140000E+05     7.62250000E+02     4.47018680E-02     8.74310680E+00     6.40899840E-01     1.80661871E+01     2.04036751E+03     2.68046534E+01     9.88940000E-06     1.11744140E-03     1.46729000E-05
    1.07140000E+05     7.87250000E+02     4.61679837E-02     8.74310680E+00     6.40899840E-01     2.19275139E+01     2.26914276E+03     3.25095522E+01     1.12534000E-05     1.16507820E-03     1.66843000E-05
    1.07140000E+05     8.12250000E+02     4.76340994E-02     8.74310680E+00     6.40899840E-01     2.64538458E+01     2.51664101E+03     3.91901672E+01     1.27541000E-05     1.21385590E-03     1.88947000E-05
    1.07140000E+05     8.37250000E+02     4.91002151E-02     8.74310680E+00     6.40899840E-01     3.17339277E+01     2.78397167E+03     4.69750839E+01     1.44004000E-05     1.26382200E-03     2.13166000E-05
    1.07140000E+05     8.62250000E+02     5.05663308E-02     8.74310680E+00     6.40899840E-01     3.78651302E+01     3.07229861E+03     5.60050616E+01     1.62013000E-05     1.31502510E-03     2.39629000E-05
    1.07140000E+05     8.87250000E+02     5.20324465E-02     8.74310680E+00     6.40899840E-01     4.49539951E+01     3.38284283E+03     6.64337506E+01     1.81663000E-05     1.36751460E-03     2.68466000E-05
    1.07140000E+05     9.12250000E+02     5.34985622E-02     8.74310680E+00     6.40899840E-01     5.31168045E+01     3.71688525E+03     7.84284345E+01     2.03053000E-05     1.42134110E-03     2.99815000E-05
    1.07140000E+05     9.37250000E+02     5.49646779E-02     8.74310680E+00     6.40899840E-01     6.24801565E+01     4.07576927E+03     9.21707726E+01     2.26282000E-05     1.47655620E-03     3.33812000E-05
    1.07140000E+05     9.62250000E+02     5.64307936E-02     8.74310680E+00     6.40899840E-01     7.31815674E+01     4.46090381E+03     1.07857569E+02     2.51452000E-05     1.53321250E-03     3.70601000E-05
    1.07140000E+05     9.87250000E+02     5.78969094E-02     8.74310680E+00     6.40899840E-01     8.53700933E+01     4.87376631E+03     1.25701561E+02     2.78671000E-05     1.59136390E-03     4.10326000E-05
    1.07140000E+05     1.01225000E+03     5.93630250E-02     8.74310680E+00     6.40899840E-01     9.92069556E+01     5.31590554E+03     1.45932198E+02     3.08048000E-05     1.65106540E-03     4.53136000E-05
    1.07140000E+05     1.03725000E+03     6.08291408E-02     8.74310680E+00     6.40899840E-01     1.14866204E+02     5.78894503E+03     1.68796462E+02     3.39693000E-05     1.71237300E-03     4.99182000E-05
    1.07140000E+05     1.06225000E+03     6.22952565E-02     8.74310680E+00     6.40899840E-01     1.32535384E+02     6.29458627E+03     1.94559687E+02     3.73721000E-05     1.77534420E-03     5.48619000E-05
    1.07140000E+05     1.08725000E+03     6.37613722E-02     8.74310680E+00     6.40899840E-01     1.52416231E+02     6.83461202E+03     2.23506390E+02     4.10251000E-05     1.84003780E-03     6.01604000E-05
    1.07140000E+05     1.11225000E+03     6.52274879E-02     8.74310680E+00     6.40899840E-01     1.74725374E+02     7.41088997E+03     2.55941121E+02     4.49403000E-05     1.90651360E-03     6.58298000E-05
    1.07140000E+05     1.13725000E+03     6.66936036E-02     8.74310680E+00     6.40899840E-01     1.99695062E+02     8.02537611E+03     2.92189299E+02     4.91301000E-05     1.97483290E-03     7.18864000E-05
    1.07140000E+05     1.16225000E+03     6.81597193E-02     8.74310680E+00     6.40899840E-01     2.27573919E+02     8.68011874E+03     3.32598104E+02     5.36071000E-05     2.04505860E-03     7.83469000E-05
    1.07140000E+05     1.18725000E+03     6.96258350E-02     8.74310680E+00     6.40899840E-01     2.58627706E+02     9.37726227E+03     3.77537334E+02     5.83843000E-05     2.11725470E-03     8.52281000E-05
    1.07140000E+05     1.21225000E+03     7.10919507E-02     8.74310680E+00     6.40899840E-01     2.93140094E+02     1.01190511E+04     4.27400284E+02     6.34749000E-05     2.19148690E-03     9.25473000E-05
    1.07140000E+05     1.23725000E+03     7.25580665E-02     8.74310680E+00     6.40899840E-01     3.31413487E+02     1.09078339E+04     4.82604650E+02     6.88925000E-05     2.26782240E-03     1.00321800E-04
    1.07140000E+05     1.26225000E+03     7.40241821E-02     8.74310680E+00     6.40899840E-01     3.73769831E+02     1.17460683E+04     5.43593411E+02     7.46510000E-05     2.34632980E-03     1.08569400E-04
    1.07140000E+05     1.28725000E+03     7.54902978E-02     8.74310680E+00     6.40899840E-01     4.20551458E+02     1.26363242E+04     6.10835726E+02     8.07645000E-05     2.42707960E-03     1.17307900E-04
    1.07140000E+05     1.31225000E+03     7.69564135E-02     8.74310680E+00     6.40899840E-01     4.72121964E+02     1.35812898E+04     6.84827859E+02     8.72474000E-05     2.51014370E-03     1.26555700E-04
    1.07140000E+05     1.33725000E+03     7.84225293E-02     8.74310680E+00     6.40899840E-01     5.28867066E+02     1.45837755E+04     7.66094061E+02     9.41147000E-05     2.59559580E-03     1.36331000E-04
    1.07140000E+05     1.36225000E+03     7.98886450E-02     8.74310680E+00     6.40899840E-01     5.91195549E+02     1.56467196E+04     8.55187531E+02     1.01381200E-04     2.68351160E-03     1.46652600E-04
    1.07140000E+05     1.38725000E+03     8.13547607E-02     8.74310680E+00     6.40899840E-01     6.59540109E+02     1.67731918E+04     9.52691213E+02     1.09062600E-04     2.77396830E-03     1.57539200E-04
    1.07140000E+05     1.41225000E+03     8.28208764E-02     8.74310680E+00     6.40899840E-01     7.34358397E+02     1.79664011E+04     1.05921885E+03     1.17174400E-04     2.86704510E-03     1.69009900E-04
    1.07140000E+05     1.43725000E+03     8.42869921E-02     8.74310680E+00     6.40899840E-01     8.16133936E+02     1.92296994E+04     1.17541582E+03     1.25732600E-04     2.96282340E-03     1.81084000E-04
    1.07140000E+05     1.46225000E+03     8.57531078E-02     8.74310680E+00     6.40899840E-01     9.05377098E+02     2.05665879E+04     1.30196005E+03     1.34753700E-04     3.06138630E-03     1.93780900E-04
    1.07140000E+05     1.48725000E+03     8.72192235E-02     8.74310680E+00     6.40899840E-01     1.00262611E+03     2.19807227E+04     1.43956287E+03     1.44254300E-04     3.16281900E-03     2.07120100E-04
    1.07140000E+05     1.51225000E+03     8.86853392E-02     8.74310680E+00     6.40899840E-01     1.10844813E+03     2.34759218E+04     1.58897001E+03     1.54251300E-04     3.26720910E-03     2.21121600E-04
    1.07140000E+05     1.53725000E+03     9.01514549E-02     8.74310680E+00     6.40899840E-01     1.22344028E+03     2.50561710E+04     1.75096245E+03     1.64762100E-04     3.37464620E-03     2.35805200E-04
    1.07140000E+05     1.56225000E+03     9.16175706E-02     8.74310680E+00     6.40899840E-01     1.34823069E+03     2.67256302E+04     1.92635724E+03     1.75804300E-04     3.48522220E-03     2.51191000E-04
    1.07140000E+05     1.58725000E+03     9.30836864E-02     8.74310680E+00     6.40899840E-01     1.48347960E+03     2.84886414E+04     2.11600844E+03     1.87395800E-04     3.59903150E-03     2.67299200E-04
    1.07140000E+05     1.61225000E+03     9.45498021E-02     8.74310680E+00     6.40899840E-01     1.62988056E+03     3.03497349E+04     2.32080803E+03     1.99554900E-04     3.71617090E-03     2.84150100E-04
    1.07140000E+05     1.63725000E+03     9.60159178E-02     8.74310680E+00     6.40899840E-01     1.78816153E+03     3.23136381E+04     2.54168665E+03     2.12300300E-04     3.83673960E-03     3.01764300E-04
    1.07140000E+05     1.66225000E+03     9.74820335E-02     8.74310680E+00     6.40899840E-01     1.95908596E+03     3.43852813E+04     2.77961440E+03     2.25650800E-04     3.96083950E-03     3.20162100E-04
    1.07140000E+05     1.68725000E+03     9.89481492E-02     8.74310680E+00     6.40899840E-01     2.14345416E+03     3.65698081E+04     3.03560190E+03     2.39625800E-04     4.08857530E-03     3.39364300E-04
    1.07140000E+05     1.71225000E+03     1.00414265E-01     8.74310680E+00     6.40899840E-01     2.34210427E+03     3.88725809E+04     3.31070066E+03     2.54244900E-04     4.22005430E-03     3.59391600E-04
    1.07140000E+05     1.73725000E+03     1.01880380E-01     8.74310680E+00     6.40899840E-01     2.55591391E+03     4.12991943E+04     3.60600441E+03     2.69528000E-04     4.35538690E-03     3.80264600E-04
    1.07140000E+05     1.76225000E+03     1.03346496E-01     8.74310680E+00     6.40899840E-01     2.78580100E+03     4.38554793E+04     3.92264934E+03     2.85495500E-04     4.49468630E-03     4.02004300E-04
    1.07140000E+05     1.78725000E+03     1.04812612E-01     8.74310680E+00     6.40899840E-01     3.03272534E+03     4.65475159E+04     4.26181514E+03     3.02168000E-04     4.63806890E-03     4.24631300E-04
    1.07140000E+05     1.81225000E+03     1.06278728E-01     8.74310680E+00     6.40899840E-01     3.29768991E+03     4.93816424E+04     4.62472562E+03     3.19566600E-04     4.78565420E-03     4.48166700E-04
    1.07140000E+05     1.83725000E+03     1.07744844E-01     8.74310680E+00     6.40899840E-01     3.58174206E+03     5.23644650E+04     5.01264927E+03     3.37712600E-04     4.93756530E-03     4.72631100E-04
    1.07140000E+05     1.86225000E+03     1.09210959E-01     8.74310680E+00     6.40899840E-01     3.88597500E+03     5.55028688E+04     5.42689998E+03     3.56627700E-04     5.09392810E-03     4.98045400E-04
    1.07140000E+05     1.88725000E+03     1.10677075E-01     8.74310680E+00     6.40899840E-01     4.21152947E+03     5.88040310E+04     5.86883795E+03     3.76334100E-04     5.25487290E-03     5.24430400E-04
    1.07140000E+05     1.91225000E+03     1.12143190E-01     8.74310680E+00     6.40899840E-01     4.55959469E+03     6.22754295E+04     6.33986971E+03     3.96854200E-04     5.42053310E-03     5.51806900E-04
    1.07140000E+05     1.93725000E+03     1.13609306E-01     8.74310680E+00     6.40899840E-01     4.93141000E+03     6.59248560E+04     6.84144871E+03     4.18210800E-04     5.59104590E-03     5.80195500E-04
    1.07140000E+05     1.96225000E+03     1.15075422E-01     8.74310680E+00     6.40899840E-01     5.32826663E+03     6.97604309E+04     7.37507639E+03     4.40427200E-04     5.76655260E-03     6.09616600E-04
    1.07140000E+05     1.98725000E+03     1.16541538E-01     8.74310680E+00     6.40899840E-01     5.75150902E+03     7.37906143E+04     7.94230208E+03     4.63526900E-04     5.94719880E-03     6.40091000E-04
    1.07140000E+05     2.01225000E+03     1.18007654E-01     8.74310680E+00     6.40899840E-01     6.20253639E+03     7.80242214E+04     8.54472357E+03     4.87534000E-04     6.13313400E-03     6.71638700E-04
    1.07140000E+05     2.03725000E+03     1.19473769E-01     8.74310680E+00     6.40899840E-01     6.68280420E+03     8.24704341E+04     9.18398717E+03     5.12472700E-04     6.32451230E-03     7.04280100E-04
    1.07140000E+05     2.06225000E+03     1.20939885E-01     8.74310680E+00     6.40899840E-01     7.19382621E+03     8.71388209E+04     9.86178853E+03     5.38367900E-04     6.52149220E-03     7.38035200E-04
    1.07140000E+05     2.08725000E+03     1.22406000E-01     8.74310680E+00     6.40899840E-01     7.73717566E+03     9.20393479E+04     1.05798725E+04     5.65244700E-04     6.72423700E-03     7.72923800E-04
    1.07140000E+05     2.11225000E+03     1.23872116E-01     8.74310680E+00     6.40899840E-01     8.31448725E+03     9.71823980E+04     1.13400327E+04     5.93128600E-04     6.93291490E-03     8.08965400E-04
    1.07140000E+05     2.13725000E+03     1.25338232E-01     8.74310680E+00     6.40899840E-01     8.92745936E+03     1.02578791E+05     1.21441140E+04     6.22045800E-04     7.14769960E-03     8.46179600E-04
    1.07140000E+05     2.16225000E+03     1.26804348E-01     8.74310680E+00     6.40899840E-01     9.57785462E+03     1.08239795E+05     1.29940089E+04     6.52022500E-04     7.36876940E-03     8.84585300E-04
    1.07140000E+05     2.18725000E+03     1.28270464E-01     8.74310680E+00     6.40899840E-01     1.02675024E+04     1.14177145E+05     1.38916598E+04     6.83085500E-04     7.59630840E-03     9.24201500E-04
    1.07140000E+05     2.21225000E+03     1.29736579E-01     8.74310680E+00     6.40899840E-01     1.09983018E+04     1.20403075E+05     1.48390595E+04     7.15262200E-04     7.83050660E-03     9.65046700E-04
    1.07140000E+05     2.23725000E+03     1.31202695E-01     8.74310680E+00     6.40899840E-01     1.17722215E+04     1.26930328E+05     1.58382490E+04     7.48580300E-04     8.07155990E-03     1.00713910E-03
    1.07140000E+05     2.26225000E+03     1.32668810E-01     8.74310680E+00     6.40899840E-01     1.25913030E+04     1.33772173E+05     1.68913180E+04     7.83067800E-04     8.31966990E-03     1.05049640E-03
    1.07140000E+05     2.28725000E+03     1.34134926E-01     8.74310680E+00     6.40899840E-01     1.34576624E+04     1.40942442E+05     1.80004053E+04     8.18753400E-04     8.57504530E-03     1.09513610E-03
    1.07140000E+05     2.31225000E+03     1.35601042E-01     8.74310680E+00     6.40899840E-01     1.43734928E+04     1.48455547E+05     1.91676973E+04     8.55666100E-04     8.83790100E-03     1.14107530E-03
    1.07140000E+05     2.33725000E+03     1.37067157E-01     8.74310680E+00     6.40899840E-01     1.53410657E+04     1.56326495E+05     2.03954277E+04     8.93835400E-04     9.10845900E-03     1.18833050E-03
    1.07140000E+05     2.36225000E+03     1.38533274E-01     8.74310680E+00     6.40899840E-01     1.63627330E+04     1.64570933E+05     2.16858763E+04     9.33291400E-04     9.38694850E-03     1.23691780E-03
    1.07140000E+05     2.38725000E+03     1.39999389E-01     8.74310680E+00     6.40899840E-01     1.74409306E+04     1.73205164E+05     2.30413698E+04     9.74064600E-04     9.67360610E-03     1.28685270E-03
    1.07140000E+05     2.41225000E+03     1.41465505E-01     8.74310680E+00     6.40899840E-01     1.85781799E+04     1.82246176E+05     2.44642788E+04     1.01618590E-03     9.96867660E-03     1.33815030E-03
    1.07140000E+05     2.43725000E+03     1.42931620E-01     8.74310680E+00     6.40899840E-01     1.97770894E+04     1.91711674E+05     2.59570180E+04     1.05968690E-03     1.02724124E-02     1.39082500E-03
    1.07140000E+05     2.46225000E+03     1.44397736E-01     8.74310680E+00     6.40899840E-01     2.10403576E+04     2.01620112E+05     2.75220443E+04     1.10459950E-03     1.05850748E-02     1.44489050E-03
    1.07140000E+05     2.48725000E+03     1.45863852E-01     8.74310680E+00     6.40899840E-01     2.23707768E+04     2.11990728E+05     2.91618569E+04     1.15095650E-03     1.09069338E-02     1.50036020E-03
    1.07140000E+05     2.52475000E+03     1.48063026E-01     8.74310680E+00     6.40899840E-01     2.45079735E+04     2.28521574E+05     3.17775124E+04     1.22346330E-03     1.14088184E-02     1.58640360E-03
    1.07140000E+05     2.57475000E+03     1.50995257E-01     8.74310680E+00     6.40899840E-01     2.76087412E+04     2.52294799E+05     3.55379351E+04     1.32526170E-03     1.21112991E-02     1.70591620E-03
    1.07140000E+05     2.62475000E+03     1.53927488E-01     8.74310680E+00     6.40899840E-01     3.10333895E+04     2.78307140E+05     3.96443835E+04     1.43345180E-03     1.28559226E-02     1.83124400E-03
    1.07140000E+05     2.67475000E+03     1.56859720E-01     8.74310680E+00     6.40899840E-01     3.48091611E+04     3.06756641E+05     4.41185153E+04     1.54832200E-03     1.36453437E-02     1.96245400E-03
    1.07140000E+05     2.72475000E+03     1.59791951E-01     8.74310680E+00     6.40899840E-01     3.89651183E+04     3.37858862E+05     4.89823986E+04     1.67017080E-03     1.44824120E-02     2.09959740E-03
    1.07140000E+05     2.77475000E+03     1.62724183E-01     8.74310680E+00     6.40899840E-01     4.35322499E+04     3.71848584E+05     5.42584181E+04     1.79930780E-03     1.53701893E-02     2.24270850E-03
    1.07140000E+05     2.82475000E+03     1.65656414E-01     8.74310680E+00     6.40899840E-01     4.85435796E+04     4.08981667E+05     5.99691619E+04     1.93605410E-03     1.63119702E-02     2.39180230E-03
    1.07140000E+05     2.87475000E+03     1.68588645E-01     8.74310680E+00     6.40899840E-01     5.40342889E+04     4.49537161E+05     6.61372980E+04     2.08074300E-03     1.73113032E-02     2.54687330E-03
    1.07140000E+05     2.92475000E+03     1.71520877E-01     8.74310680E+00     6.40899840E-01     6.00418444E+04     4.93819628E+05     7.27854282E+04     2.23372130E-03     1.83720156E-02     2.70789340E-03
    1.07140000E+05     2.97475000E+03     1.74453108E-01     8.74310680E+00     6.40899840E-01     6.66061372E+04     5.42161741E+05     7.99359232E+04     2.39534940E-03     1.94982405E-02     2.87480950E-03
    1.07140000E+05     3.02475000E+03     1.77385340E-01     8.74310680E+00     6.40899840E-01     7.37696370E+04     5.94927216E+05     8.76107415E+04     2.56600310E-03     2.06944474E-02     3.04754190E-03
    1.07140000E+05     3.07475000E+03     1.80317571E-01     8.74310680E+00     6.40899840E-01     8.15775544E+04     6.52514063E+05     9.58312179E+04     2.74607480E-03     2.19654757E-02     3.22598110E-03
    1.07140000E+05     3.12475000E+03     1.83249803E-01     8.74310680E+00     6.40899840E-01     9.00780239E+04     7.15358260E+05     1.04617834E+05     2.93597440E-03     2.33165728E-02     3.40998610E-03
    1.07140000E+05     3.17475000E+03     1.86182034E-01     8.74310680E+00     6.40899840E-01     9.93222982E+04     7.83937865E+05     1.13989953E+05     3.13613090E-03     2.47534362E-02     3.59938120E-03
    1.07140000E+05     3.22475000E+03     1.89114265E-01     8.74310680E+00     6.40899840E-01     1.09364969E+05     8.58777661E+05     1.23965536E+05     3.34699460E-03     2.62822612E-02     3.79395340E-03
    1.07140000E+05     3.27475000E+03     1.92046497E-01     8.74310680E+00     6.40899840E-01     1.20264210E+05     9.40454414E+05     1.34560822E+05     3.56903870E-03     2.79097951E-02     3.99344910E-03
    1.07140000E+05     3.32475000E+03     1.94978728E-01     8.74310680E+00     6.40899840E-01     1.32082040E+05     1.02960275E+06     1.45789966E+05     3.80276160E-03     2.96433957E-02     4.19757130E-03
    1.07140000E+05     3.37475000E+03     1.97910960E-01     8.74310680E+00     6.40899840E-01     1.44884626E+05     1.12692193E+06     1.57664657E+05     4.04868950E-03     3.14911009E-02     4.40597580E-03
    1.07140000E+05     3.42475000E+03     2.00843191E-01     8.74310680E+00     6.40899840E-01     1.58742617E+05     1.23318339E+06     1.70193687E+05     4.30737940E-03     3.34617049E-02     4.61826790E-03
    1.07140000E+05     3.47475000E+03     2.03775422E-01     8.74310680E+00     6.40899840E-01     1.73731523E+05     1.34923948E+06     1.83382481E+05     4.57942230E-03     3.55648449E-02     4.83399870E-03
    1.07140000E+05     3.52475000E+03     2.06707654E-01     8.74310680E+00     6.40899840E-01     1.89932130E+05     1.47603324E+06     1.97232581E+05     4.86544720E-03     3.78110994E-02     5.05266100E-03
    1.07140000E+05     3.57475000E+03     2.09639885E-01     8.74310680E+00     6.40899840E-01     2.07430999E+05     1.61460972E+06     2.11741096E+05     5.16612550E-03     4.02121010E-02     5.27368560E-03
    1.07140000E+05     3.62475000E+03     2.12572116E-01     8.74310680E+00     6.40899840E-01     2.26321003E+05     1.76612890E+06     2.26900106E+05     5.48217600E-03     4.27806636E-02     5.49643680E-03
    1.07140000E+05     3.67475000E+03     2.15504348E-01     8.74310680E+00     6.40899840E-01     2.46701958E+05     1.93188036E+06     2.42695997E+05     5.81437110E-03     4.55309275E-02     5.72020860E-03
    1.07140000E+05     3.72475000E+03     2.18436580E-01     8.74310680E+00     6.40899840E-01     2.68681344E+05     2.11330038E+06     2.59108789E+05     6.16354300E-03     4.84785269E-02     5.94422030E-03
    1.07140000E+05     3.77475000E+03     2.21368811E-01     8.74310680E+00     6.40899840E-01     2.92375143E+05     2.31199146E+06     2.76111403E+05     6.53059260E-03     5.16407809E-02     6.16761270E-03
    1.07140000E+05     3.82475000E+03     2.24301042E-01     8.74310680E+00     6.40899840E-01     3.17908790E+05     2.52974492E+06     2.93668881E+05     6.91649770E-03     5.50369116E-02     6.38944400E-03
    1.07140000E+05     3.87475000E+03     2.27233274E-01     8.74310680E+00     6.40899840E-01     3.45418277E+05     2.76856699E+06     3.11737584E+05     7.32232420E-03     5.86882963E-02     6.60868620E-03
    1.07140000E+05     3.92475000E+03     2.30165505E-01     8.74310680E+00     6.40899840E-01     3.75051501E+05     3.03070931E+06     3.30264412E+05     7.74923910E-03     6.26187630E-02     6.82422290E-03
    1.07140000E+05     3.97475000E+03     2.33097737E-01     8.74310680E+00     6.40899840E-01     4.06969739E+05     3.31870408E+06     3.49185960E+05     8.19852430E-03     6.68549229E-02     7.03484670E-03
    1.07140000E+05     4.02475000E+03     2.36029968E-01     8.74310680E+00     6.40899840E-01     4.41349452E+05     3.63540523E+06     3.68427735E+05     8.67159470E-03     7.14265635E-02     7.23925840E-03
    1.07140000E+05     4.07475000E+03     2.38962199E-01     8.74310680E+00     6.40899840E-01     4.78384419E+05     3.98403669E+06     3.87903466E+05     9.17001840E-03     7.63671055E-02     7.43606870E-03
    1.07140000E+05     4.12475000E+03     2.41894431E-01     8.74310680E+00     6.40899840E-01     5.18288187E+05     4.36824862E+06     4.07514446E+05     9.69554030E-03     8.17141293E-02     7.62380050E-03
    1.07140000E+05     4.17475000E+03     2.44826662E-01     8.74310680E+00     6.40899840E-01     5.61297080E+05     4.79218388E+06     4.27149153E+05     1.02501113E-02     8.75099985E-02     7.80089620E-03
    1.07140000E+05     4.22475000E+03     2.47758894E-01     8.74310680E+00     6.40899840E-01     6.07673719E+05     5.26055621E+06     4.46683067E+05     1.08359221E-02     9.38025849E-02     7.96572850E-03
    1.07140000E+05     4.27475000E+03     2.50691125E-01     8.74310680E+00     6.40899840E-01     6.57711238E+05     5.77874267E+06     4.65978916E+05     1.14554432E-02     1.00646121E-01     8.11661670E-03
    1.07140000E+05     4.32475000E+03     2.53623357E-01     8.74310680E+00     6.40899840E-01     7.11738398E+05     6.35289335E+06     4.84887501E+05     1.21114742E-02     1.08102213E-01     8.25185120E-03
    1.07140000E+05     4.37475000E+03     2.56555588E-01     8.74310680E+00     6.40899840E-01     7.70125680E+05     6.99006162E+06     5.03249278E+05     1.28072011E-02     1.16241016E-01     8.36972770E-03
    1.07140000E+05     4.42475000E+03     2.59487819E-01     8.74310680E+00     6.40899840E-01     8.33292681E+05     7.69835954E+06     5.20897060E+05     1.35462655E-02     1.25142655E-01     8.46859460E-03
    1.07140000E+05     4.47475000E+03     2.62420051E-01     8.74310680E+00     6.40899840E-01     9.01717148E+05     8.48714390E+06     5.37660248E+05     1.43328504E-02     1.34898888E-01     8.54691870E-03
    1.07140000E+05     4.52475000E+03     2.65352282E-01     8.74310680E+00     6.40899840E-01     9.75945858E+05     9.36723886E+06     5.53371067E+05     1.51717806E-02     1.45615104E-01     8.60337330E-03
    1.07140000E+05     4.57475000E+03     2.68284513E-01     8.74310680E+00     6.40899840E-01     1.05660807E+06     1.03512043E+07     5.67873687E+05     1.60686471E-02     1.57412686E-01     8.63695780E-03
    1.07140000E+05     4.62475000E+03     2.71216745E-01     8.74310680E+00     6.40899840E-01     1.14443187E+06     1.14536586E+07     5.81037083E+05     1.70299571E-02     1.70431865E-01     8.64715710E-03
    1.07140000E+05     4.67475000E+03     2.74148976E-01     8.74310680E+00     6.40899840E-01     1.24026440E+06     1.26916692E+07     5.92773102E+05     1.80633182E-02     1.84835116E-01     8.63415550E-03
    1.07140000E+05     4.72475000E+03     2.77081208E-01     8.74310680E+00     6.40899840E-01     1.34509681E+06     1.40852256E+07     6.03061545E+05     1.91776635E-02     2.00811241E-01     8.59912130E-03
    1.07140000E+05     4.77475000E+03     2.80013439E-01     8.74310680E+00     6.40899840E-01     1.46009502E+06     1.56578124E+07     6.11984672E+05     2.03835262E-02     2.18580277E-01     8.54458580E-03
    1.07140000E+05     4.82475000E+03     2.82945671E-01     8.74310680E+00     6.40899840E-01     1.58663807E+06     1.74371058E+07     6.19774631E+05     2.16933805E-02     2.38399390E-01     8.47494830E-03
    1.07140000E+05     4.87475000E+03     2.85877902E-01     8.74310680E+00     6.40899840E-01     1.72636571E+06     1.94558191E+07     6.26878246E+05     2.31220571E-02     2.60569944E-01     8.39714770E-03
    1.07140000E+05     4.92475000E+03     2.88810134E-01     8.74310680E+00     6.40899840E-01     1.88123761E+06     2.17527291E+07     6.34045433E+05     2.46872578E-02     2.85445972E-01     8.32155690E-03
    1.07140000E+05     4.97475000E+03     2.91742365E-01     8.74310680E+00     6.40899840E-01     2.05360719E+06     2.43739188E+07     6.42449635E+05     2.64101872E-02     3.13444289E-01     8.26317360E-03
    1.07140000E+05     5.00000000E+03     2.93223140E-01     8.74310680E+00     6.40899840E-01     2.14726880E+06     2.58208120E+07     6.47524120E+05     2.73398740E-02     3.28760780E-01     8.24453300E-03
