    1.07140000E+05     5.00000000E-01     2.93223000E-05     8.85116000E+00     1.94079490E+00     0.00000000E+00     1.34780000E-06     0.00000000E+00     0.00000000E+00     1.71610000E-06     0.00000000E+00
    1.07140000E+05     1.00000000E+00     5.86446000E-05     8.85116000E+00     1.94079490E+00     0.00000000E+00     1.07828000E-05     0.00000000E+00     0.00000000E+00     3.43230000E-06     0.00000000E+00
    1.07140000E+05     1.50000000E+00     8.79669000E-05     8.85116000E+00     1.94079490E+00     0.00000000E+00     3.63919000E-05     0.00000000E+00     0.00000000E+00     5.14840000E-06     0.00000000E+00
    1.07140000E+05     2.00000000E+00     1.17289300E-04     8.85116000E+00     1.94079490E+00     0.00000000E+00     8.62623000E-05     0.00000000E+00     0.00000000E+00     6.86450000E-06     0.00000000E+00
    1.07140000E+05     2.50000000E+00     1.46611600E-04     8.85116000E+00     1.94079490E+00     0.00000000E+00     1.68481200E-04     0.00000000E+00     0.00000000E+00     8.58070000E-06     0.00000000E+00
    1.07140000E+05     3.00000000E+00     1.75933900E-04     8.85116000E+00     1.94079490E+00     0.00000000E+00     2.91135700E-04     0.00000000E+00     0.00000000E+00     1.02968000E-05     0.00000000E+00
    1.07140000E+05     3.50000000E+00     2.05256200E-04     8.85116000E+00     1.94079490E+00     0.00000000E+00     4.62313200E-04     0.00000000E+00     0.00000000E+00     1.20130000E-05     0.00000000E+00
    1.07140000E+05     4.00000000E+00     2.34578500E-04     8.85116000E+00     1.94079490E+00     0.00000000E+00     6.90100800E-04     0.00000000E+00     0.00000000E+00     1.37291000E-05     0.00000000E+00
    1.07140000E+05     4.50000000E+00     2.63900800E-04     8.85116000E+00     1.94079490E+00     0.00000000E+00     9.82586100E-04     0.00000000E+00     0.00000000E+00     1.54453000E-05     0.00000000E+00
    1.07140000E+05     5.00000000E+00     2.93223100E-04     8.85116000E+00     1.94079490E+00     0.00000000E+00     1.34785650E-03     0.00000000E+00     0.00000000E+00     1.71614000E-05     0.00000000E+00
    1.07140000E+05     5.50000000E+00     3.22545500E-04     8.85116000E+00     1.94079490E+00     0.00000000E+00     1.79399960E-03     0.00000000E+00     0.00000000E+00     1.88776000E-05     0.00000000E+00
    1.07140000E+05     6.00000000E+00     3.51867800E-04     8.85116000E+00     1.94079490E+00     0.00000000E+00     2.32910310E-03     0.00000000E+00     0.00000000E+00     2.05938000E-05     0.00000000E+00
    1.07140000E+05     6.50000000E+00     3.81190100E-04     8.85116000E+00     1.94079490E+00     0.00000000E+00     2.96125470E-03     0.00000000E+00     0.00000000E+00     2.23100000E-05     0.00000000E+00
    1.07140000E+05     7.00000000E+00     4.10512400E-04     8.85116000E+00     1.94079490E+00     0.00000000E+00     3.69854250E-03     0.00000000E+00     0.00000000E+00     2.40262000E-05     0.00000000E+00
    1.07140000E+05     7.50000000E+00     4.39834700E-04     8.85116000E+00     1.94079490E+00     0.00000000E+00     4.54905470E-03     0.00000000E+00     0.00000000E+00     2.57424000E-05     0.00000000E+00
    1.07140000E+05     8.00000000E+00     4.69157000E-04     8.85116000E+00     1.94079490E+00     0.00000000E+00     5.52087940E-03     0.00000000E+00     0.00000000E+00     2.74586000E-05     0.00000000E+00
    1.07140000E+05     8.50000000E+00     4.98479300E-04     8.85116000E+00     1.94079490E+00     0.00000000E+00     6.62210470E-03     1.00000000E-10     0.00000000E+00     2.91748000E-05     0.00000000E+00
    1.07140000E+05     9.00000000E+00     5.27801700E-04     8.85116000E+00     1.94079490E+00     0.00000000E+00     7.86081980E-03     1.00000000E-10     0.00000000E+00     3.08911000E-05     0.00000000E+00
    1.07140000E+05     9.50000000E+00     5.57124000E-04     8.85116000E+00     1.94079490E+00     1.00000000E-10     9.24511280E-03     1.00000000E-10     0.00000000E+00     3.26073000E-05     0.00000000E+00
    1.07140000E+05     1.00000000E+01     5.86446300E-04     8.85116000E+00     1.94079490E+00     1.00000000E-10     1.07830740E-02     1.00000000E-10     0.00000000E+00     3.43236000E-05     0.00000000E+00
    1.07140000E+05     1.05000000E+01     6.15768600E-04     8.85116000E+00     1.94079490E+00     1.00000000E-10     1.24827910E-02     2.00000000E-10     0.00000000E+00     3.60399000E-05     0.00000000E+00
    1.07140000E+05     1.10000000E+01     6.45090900E-04     8.85116000E+00     1.94079490E+00     2.00000000E-10     1.43523540E-02     2.00000000E-10     0.00000000E+00     3.77562000E-05     0.00000000E+00
    1.07140000E+05     1.15000000E+01     6.74413200E-04     8.85116000E+00     1.94079490E+00     2.00000000E-10     1.63998530E-02     3.00000000E-10     0.00000000E+00     3.94725000E-05     0.00000000E+00
    1.07140000E+05     1.20000000E+01     7.03735500E-04     8.85116000E+00     1.94079490E+00     3.00000000E-10     1.86333770E-02     4.00000000E-10     0.00000000E+00     4.11888000E-05     0.00000000E+00
    1.07140000E+05     1.25000000E+01     7.33057900E-04     8.85116000E+00     1.94079490E+00     4.00000000E-10     2.10610160E-02     5.00000000E-10     0.00000000E+00     4.29051000E-05     0.00000000E+00
    1.07140000E+05     1.30000000E+01     7.62380200E-04     8.85116000E+00     1.94079490E+00     4.00000000E-10     2.36908620E-02     7.00000000E-10     0.00000000E+00     4.46215000E-05     0.00000000E+00
    1.07140000E+05     1.35000000E+01     7.91702500E-04     8.85116000E+00     1.94079490E+00     6.00000000E-10     2.65310020E-02     8.00000000E-10     0.00000000E+00     4.63379000E-05     0.00000000E+00
    1.07140000E+05     1.40000000E+01     8.21024800E-04     8.85116000E+00     1.94079490E+00     7.00000000E-10     2.95895320E-02     1.00000000E-09     0.00000000E+00     4.80543000E-05     0.00000000E+00
    1.07140000E+05     1.45000000E+01     8.50347100E-04     8.85116000E+00     1.94079490E+00     9.00000000E-10     3.28745430E-02     1.30000000E-09     0.00000000E+00     4.97707000E-05     0.00000000E+00
    1.07140000E+05     1.50000000E+01     8.79669400E-04     8.85116000E+00     1.94079490E+00     1.10000000E-09     3.63941200E-02     1.60000000E-09     0.00000000E+00     5.14871000E-05     0.00000000E+00
    1.07140000E+05     1.55000000E+01     9.08991700E-04     8.85116000E+00     1.94079490E+00     1.30000000E-09     4.01563620E-02     1.90000000E-09     0.00000000E+00     5.32036000E-05     0.00000000E+00
    1.07140000E+05     1.60000000E+01     9.38314100E-04     8.85116000E+00     1.94079490E+00     1.60000000E-09     4.41693600E-02     2.30000000E-09     0.00000000E+00     5.49201000E-05     0.00000000E+00
    1.07140000E+05     1.65000000E+01     9.67636400E-04     8.85116000E+00     1.94079490E+00     1.90000000E-09     4.84412040E-02     2.80000000E-09     0.00000000E+00     5.66366000E-05     0.00000000E+00
    1.07140000E+05     1.70000000E+01     9.96958700E-04     8.85116000E+00     1.94079490E+00     2.20000000E-09     5.29799870E-02     3.40000000E-09     0.00000000E+00     5.83531000E-05     0.00000000E+00
    1.07140000E+05     1.75000000E+01     1.02628100E-03     8.85116000E+00     1.94079490E+00     2.70000000E-09     5.77938040E-02     4.00000000E-09     0.00000000E+00     6.00697000E-05     0.00000000E+00
    1.07140000E+05     1.80000000E+01     1.05560330E-03     8.85116000E+00     1.94079490E+00     3.20000000E-09     6.28907470E-02     4.70000000E-09     0.00000000E+00     6.17863000E-05     0.00000000E+00
    1.07140000E+05     1.85000000E+01     1.08492560E-03     8.85116000E+00     1.94079490E+00     3.70000000E-09     6.82789140E-02     5.60000000E-09     0.00000000E+00     6.35029000E-05     0.00000000E+00
    1.07140000E+05     1.90000000E+01     1.11424790E-03     8.85116000E+00     1.94079490E+00     4.40000000E-09     7.39663980E-02     6.50000000E-09     0.00000000E+00     6.52195000E-05     0.00000000E+00
    1.07140000E+05     1.95000000E+01     1.14357030E-03     8.85116000E+00     1.94079490E+00     5.10000000E-09     7.99612870E-02     7.60000000E-09     0.00000000E+00     6.69361000E-05     0.00000000E+00
    1.07140000E+05     2.00000000E+01     1.17289260E-03     8.85116000E+00     1.94079490E+00     5.90000000E-09     8.62716900E-02     8.90000000E-09     0.00000000E+00     6.86528000E-05     0.00000000E+00
    1.07140000E+05     2.05000000E+01     1.20221490E-03     8.85116000E+00     1.94079490E+00     6.90000000E-09     9.29056880E-02     1.03000000E-08     0.00000000E+00     7.03695000E-05     0.00000000E+00
    1.07140000E+05     2.10000000E+01     1.23153720E-03     8.85116000E+00     1.94079490E+00     8.00000000E-09     9.98713850E-02     1.19000000E-08     0.00000000E+00     7.20863000E-05     0.00000000E+00
    1.07140000E+05     2.15000000E+01     1.26085950E-03     8.85116000E+00     1.94079490E+00     9.20000000E-09     1.07176880E-01     1.37000000E-08     0.00000000E+00     7.38030000E-05     0.00000000E+00
    1.07140000E+05     2.20000000E+01     1.29018180E-03     8.85116000E+00     1.94079490E+00     1.05000000E-08     1.14830260E-01     1.58000000E-08     0.00000000E+00     7.55198000E-05     0.00000000E+00
    1.07140000E+05     2.25000000E+01     1.31950410E-03     8.85116000E+00     1.94079490E+00     1.20000000E-08     1.22839640E-01     1.81000000E-08     0.00000000E+00     7.72367000E-05     0.00000000E+00
    1.07140000E+05     2.30000000E+01     1.34882650E-03     8.85116000E+00     1.94079490E+00     1.37000000E-08     1.31213090E-01     2.06000000E-08     0.00000000E+00     7.89535000E-05     0.00000000E+00
    1.07140000E+05     2.35000000E+01     1.37814880E-03     8.85116000E+00     1.94079490E+00     1.56000000E-08     1.39958740E-01     2.34000000E-08     0.00000000E+00     8.06704000E-05     0.00000000E+00
    1.07140000E+05     2.40000000E+01     1.40747110E-03     8.85116000E+00     1.94079490E+00     1.77000000E-08     1.49084670E-01     2.66000000E-08     0.00000000E+00     8.23874000E-05     0.00000000E+00
    1.07140000E+05     2.45000000E+01     1.43679340E-03     8.85116000E+00     1.94079490E+00     2.01000000E-08     1.58598990E-01     3.01000000E-08     0.00000000E+00     8.41043000E-05     0.00000000E+00
    1.07140000E+05     2.50000000E+01     1.46611570E-03     8.85116000E+00     1.94079490E+00     2.26000000E-08     1.68509790E-01     3.40000000E-08     0.00000000E+00     8.58213000E-05     0.00000000E+00
    1.07140000E+05     2.55000000E+01     1.49543800E-03     8.85116000E+00     1.94079490E+00     2.55000000E-08     1.78825170E-01     3.83000000E-08     0.00000000E+00     8.75384000E-05     0.00000000E+00
    1.07140000E+05     2.60000000E+01     1.52476030E-03     8.85116000E+00     1.94079490E+00     2.87000000E-08     1.89553240E-01     4.30000000E-08     0.00000000E+00     8.92554000E-05     0.00000000E+00
    1.07140000E+05     2.65000000E+01     1.55408270E-03     8.85116000E+00     1.94079490E+00     3.21000000E-08     2.00702100E-01     4.82000000E-08     0.00000000E+00     9.09725000E-05     0.00000000E+00
    1.07140000E+05     2.70000000E+01     1.58340500E-03     8.85116000E+00     1.94079490E+00     3.59000000E-08     2.12279870E-01     5.39000000E-08     0.00000000E+00     9.26897000E-05     0.00000000E+00
    1.07140000E+05     2.75000000E+01     1.61272730E-03     8.85116000E+00     1.94079490E+00     4.01000000E-08     2.24294620E-01     6.02000000E-08     0.00000000E+00     9.44069000E-05     0.00000000E+00
    1.07140000E+05     2.80000000E+01     1.64204960E-03     8.85116000E+00     1.94079490E+00     4.47000000E-08     2.36754440E-01     6.70000000E-08     0.00000000E+00     9.61241000E-05     0.00000000E+00
    1.07140000E+05     2.85000000E+01     1.67137190E-03     8.85116000E+00     1.94079490E+00     4.97000000E-08     2.49667500E-01     7.46000000E-08     0.00000000E+00     9.78413000E-05     0.00000000E+00
    1.07140000E+05     2.90000000E+01     1.70069420E-03     8.85116000E+00     1.94079490E+00     5.52000000E-08     2.63041840E-01     8.28000000E-08     0.00000000E+00     9.95586000E-05     0.00000000E+00
    1.07140000E+05     2.95000000E+01     1.73001650E-03     8.85116000E+00     1.94079490E+00     6.11000000E-08     2.76885600E-01     9.17000000E-08     0.00000000E+00     1.01276000E-04     0.00000000E+00
    1.07140000E+05     3.00000000E+01     1.75933890E-03     8.85116000E+00     1.94079490E+00     6.76000000E-08     2.91206880E-01     1.01400000E-07     0.00000000E+00     1.02993400E-04     0.00000000E+00
    1.07140000E+05     3.05000000E+01     1.78866120E-03     8.85116000E+00     1.94079490E+00     7.47000000E-08     3.06013810E-01     1.12000000E-07     0.00000000E+00     1.04710800E-04     0.00000000E+00
    1.07140000E+05     3.10000000E+01     1.81798350E-03     8.85116000E+00     1.94079490E+00     8.23000000E-08     3.21314430E-01     1.23500000E-07     0.00000000E+00     1.06428300E-04     0.00000000E+00
    1.07140000E+05     3.15000000E+01     1.84730580E-03     8.85116000E+00     1.94079490E+00     9.06000000E-08     3.37116900E-01     1.35900000E-07     0.00000000E+00     1.08145800E-04     0.00000000E+00
    1.07140000E+05     3.20000000E+01     1.87662810E-03     8.85116000E+00     1.94079490E+00     9.96000000E-08     3.53429320E-01     1.49400000E-07     0.00000000E+00     1.09863300E-04     0.00000000E+00
    1.07140000E+05     3.25000000E+01     1.90595040E-03     8.85116000E+00     1.94079490E+00     1.09300000E-07     3.70259810E-01     1.64000000E-07     0.00000000E+00     1.11580900E-04     0.00000000E+00
    1.07140000E+05     3.30000000E+01     1.93527270E-03     8.85116000E+00     1.94079490E+00     1.19800000E-07     3.87616470E-01     1.79700000E-07     0.00000000E+00     1.13298600E-04     1.00000000E-10
    1.07140000E+05     3.35000000E+01     1.96459500E-03     8.85116000E+00     1.94079490E+00     1.31100000E-07     4.05507410E-01     1.96600000E-07     0.00000000E+00     1.15016300E-04     1.00000000E-10
    1.07140000E+05     3.40000000E+01     1.99391740E-03     8.85116000E+00     1.94079490E+00     1.43300000E-07     4.23940720E-01     2.14900000E-07     0.00000000E+00     1.16734000E-04     1.00000000E-10
    1.07140000E+05     3.45000000E+01     2.02323970E-03     8.85116000E+00     1.94079490E+00     1.56400000E-07     4.42924570E-01     2.34600000E-07     0.00000000E+00     1.18451800E-04     1.00000000E-10
    1.07140000E+05     3.50000000E+01     2.05256200E-03     8.85116000E+00     1.94079490E+00     1.70500000E-07     4.62467010E-01     2.55800000E-07     0.00000000E+00     1.20169600E-04     1.00000000E-10
    1.07140000E+05     3.55000000E+01     2.08188430E-03     8.85116000E+00     1.94079490E+00     1.85700000E-07     4.82576160E-01     2.78500000E-07     0.00000000E+00     1.21887500E-04     1.00000000E-10
    1.07140000E+05     3.60000000E+01     2.11120660E-03     8.85116000E+00     1.94079490E+00     2.01900000E-07     5.03260180E-01     3.02900000E-07     0.00000000E+00     1.23605500E-04     1.00000000E-10
    1.07140000E+05     3.65000000E+01     2.14052890E-03     8.85116000E+00     1.94079490E+00     2.19300000E-07     5.24527170E-01     3.29000000E-07     1.00000000E-10     1.25323500E-04     1.00000000E-10
    1.07140000E+05     3.70000000E+01     2.16985120E-03     8.85116000E+00     1.94079490E+00     2.38000000E-07     5.46385210E-01     3.57000000E-07     1.00000000E-10     1.27041500E-04     1.00000000E-10
    1.07140000E+05     3.75000000E+01     2.19917360E-03     8.85116000E+00     1.94079490E+00     2.57900000E-07     5.68842470E-01     3.86900000E-07     1.00000000E-10     1.28759600E-04     1.00000000E-10
    1.07140000E+05     3.80000000E+01     2.22849590E-03     8.85116000E+00     1.94079490E+00     2.79300000E-07     5.91907030E-01     4.18900000E-07     1.00000000E-10     1.30477700E-04     1.00000000E-10
    1.07140000E+05     3.85000000E+01     2.25781820E-03     8.85116000E+00     1.94079490E+00     3.02100000E-07     6.15587040E-01     4.53100000E-07     1.00000000E-10     1.32195900E-04     1.00000000E-10
    1.07140000E+05     3.90000000E+01     2.28714050E-03     8.85116000E+00     1.94079490E+00     3.26400000E-07     6.39890570E-01     4.89600000E-07     1.00000000E-10     1.33914200E-04     1.00000000E-10
    1.07140000E+05     3.95000000E+01     2.31646280E-03     8.85116000E+00     1.94079490E+00     3.52300000E-07     6.64825800E-01     5.28400000E-07     1.00000000E-10     1.35632500E-04     1.00000000E-10
    1.07140000E+05     4.00000000E+01     2.34578510E-03     8.85116000E+00     1.94079490E+00     3.79900000E-07     6.90400820E-01     5.69900000E-07     1.00000000E-10     1.37350900E-04     1.00000000E-10
    1.07140000E+05     4.05000000E+01     2.37510740E-03     8.85116000E+00     1.94079490E+00     4.09300000E-07     7.16623750E-01     6.14000000E-07     1.00000000E-10     1.39069300E-04     1.00000000E-10
    1.07140000E+05     4.10000000E+01     2.40442980E-03     8.85116000E+00     1.94079490E+00     4.40600000E-07     7.43502670E-01     6.60900000E-07     1.00000000E-10     1.40787800E-04     1.00000000E-10
    1.07140000E+05     4.15000000E+01     2.43375210E-03     8.85116000E+00     1.94079490E+00     4.73800000E-07     7.71045820E-01     7.10700000E-07     1.00000000E-10     1.42506300E-04     1.00000000E-10
    1.07140000E+05     4.20000000E+01     2.46307440E-03     8.85116000E+00     1.94079490E+00     5.09100000E-07     7.99261230E-01     7.63700000E-07     1.00000000E-10     1.44224900E-04     1.00000000E-10
    1.07140000E+05     4.25000000E+01     2.49239670E-03     8.85116000E+00     1.94079490E+00     5.46600000E-07     8.28157010E-01     8.19900000E-07     1.00000000E-10     1.45943600E-04     1.00000000E-10
    1.07140000E+05     4.30000000E+01     2.52171900E-03     8.85116000E+00     1.94079490E+00     5.86300000E-07     8.57741380E-01     8.79500000E-07     1.00000000E-10     1.47662300E-04     2.00000000E-10
    1.07140000E+05     4.35000000E+01     2.55104130E-03     8.85116000E+00     1.94079490E+00     6.28500000E-07     8.88022450E-01     9.42600000E-07     1.00000000E-10     1.49381100E-04     2.00000000E-10
    1.07140000E+05     4.40000000E+01     2.58036360E-03     8.85116000E+00     1.94079490E+00     6.73100000E-07     9.19008200E-01     1.00950000E-06     1.00000000E-10     1.51099900E-04     2.00000000E-10
    1.07140000E+05     4.45000000E+01     2.60968600E-03     8.85116000E+00     1.94079490E+00     7.20300000E-07     9.50706970E-01     1.08040000E-06     1.00000000E-10     1.52818800E-04     2.00000000E-10
    1.07140000E+05     4.50000000E+01     2.63900830E-03     8.85116000E+00     1.94079490E+00     7.70200000E-07     9.83126770E-01     1.15530000E-06     1.00000000E-10     1.54537800E-04     2.00000000E-10
    1.07140000E+05     4.55000000E+01     2.66833060E-03     8.85116000E+00     1.94079490E+00     8.23000000E-07     1.01627580E+00     1.23450000E-06     1.00000000E-10     1.56256800E-04     2.00000000E-10
    1.07140000E+05     4.60000000E+01     2.69765290E-03     8.85116000E+00     1.94079490E+00     8.78800000E-07     1.05016210E+00     1.31810000E-06     1.00000000E-10     1.57975900E-04     2.00000000E-10
    1.07140000E+05     4.65000000E+01     2.72697520E-03     8.85116000E+00     1.94079490E+00     9.37700000E-07     1.08479380E+00     1.40650000E-06     1.00000000E-10     1.59695000E-04     2.00000000E-10
    1.07140000E+05     4.70000000E+01     2.75629750E-03     8.85116000E+00     1.94079490E+00     9.99800000E-07     1.12017920E+00     1.49970000E-06     1.00000000E-10     1.61414300E-04     2.00000000E-10
    1.07140000E+05     4.75000000E+01     2.78561980E-03     8.85116000E+00     1.94079490E+00     1.06540000E-06     1.15632630E+00     1.59800000E-06     2.00000000E-10     1.63133600E-04     2.00000000E-10
    1.07140000E+05     4.80000000E+01     2.81494220E-03     8.85116000E+00     1.94079490E+00     1.13440000E-06     1.19324320E+00     1.70160000E-06     2.00000000E-10     1.64852900E-04     2.00000000E-10
    1.07140000E+05     4.85000000E+01     2.84426450E-03     8.85116000E+00     1.94079490E+00     1.20720000E-06     1.23093810E+00     1.81080000E-06     2.00000000E-10     1.66572300E-04     2.00000000E-10
    1.07140000E+05     4.90000000E+01     2.87358680E-03     8.85116000E+00     1.94079490E+00     1.28380000E-06     1.26941910E+00     1.92570000E-06     2.00000000E-10     1.68291800E-04     3.00000000E-10
    1.07140000E+05     4.95000000E+01     2.90290910E-03     8.85116000E+00     1.94079490E+00     1.36450000E-06     1.30869460E+00     2.04660000E-06     2.00000000E-10     1.70011400E-04     3.00000000E-10
    1.07140000E+05     5.10000000E+01     2.99087600E-03     8.85116000E+00     1.94079490E+00     1.63680000E-06     1.43219450E+00     2.45520000E-06     2.00000000E-10     1.75170600E-04     3.00000000E-10
    1.07140000E+05     5.35000000E+01     3.13748760E-03     8.85116000E+00     1.94079490E+00     2.18070000E-06     1.65333600E+00     3.27090000E-06     2.00000000E-10     1.83770500E-04     4.00000000E-10
    1.07140000E+05     5.60000000E+01     3.28409920E-03     8.85116000E+00     1.94079490E+00     2.86750000E-06     1.89616730E+00     4.30100000E-06     3.00000000E-10     1.92372400E-04     4.00000000E-10
    1.07140000E+05     5.85000000E+01     3.43071080E-03     8.85116000E+00     1.94079490E+00     3.72580000E-06     2.16170758E+00     5.58840000E-06     3.00000000E-10     2.00976300E-04     5.00000000E-10
    1.07140000E+05     6.10000000E+01     3.57732230E-03     8.85116000E+00     1.94079490E+00     4.78840000E-06     2.45097686E+00     7.18210000E-06     4.00000000E-10     2.09582200E-04     6.00000000E-10
    1.07140000E+05     6.35000000E+01     3.72393390E-03     8.85116000E+00     1.94079490E+00     6.09240000E-06     2.76499594E+00     9.13790000E-06     5.00000000E-10     2.18190300E-04     7.00000000E-10
    1.07140000E+05     6.60000000E+01     3.87054550E-03     8.85116000E+00     1.94079490E+00     7.67980000E-06     3.10478654E+00     1.15188000E-05     6.00000000E-10     2.26800600E-04     8.00000000E-10
    1.07140000E+05     6.85000000E+01     4.01715700E-03     8.85116000E+00     1.94079490E+00     9.59790000E-06     3.47137124E+00     1.43957000E-05     7.00000000E-10     2.35413300E-04     1.00000000E-09
    1.07140000E+05     7.10000000E+01     4.16376860E-03     8.85116000E+00     1.94079490E+00     1.18997000E-05     3.86577350E+00     1.78479000E-05     8.00000000E-10     2.44028400E-04     1.10000000E-09
    1.07140000E+05     7.35000000E+01     4.31038020E-03     8.85116000E+00     1.94079490E+00     1.46443000E-05     4.28901770E+00     2.19643000E-05     9.00000000E-10     2.52646000E-04     1.30000000E-09
    1.07140000E+05     7.60000000E+01     4.45699180E-03     8.85116000E+00     1.94079490E+00     1.78973000E-05     4.74212940E+00     2.68431000E-05     1.00000000E-09     2.61266300E-04     1.50000000E-09
    1.07140000E+05     7.85000000E+01     4.60360330E-03     8.85116000E+00     1.94079490E+00     2.17315000E-05     5.22613488E+00     3.25936000E-05     1.10000000E-09     2.69889200E-04     1.70000000E-09
    1.07140000E+05     8.10000000E+01     4.75021490E-03     8.85116000E+00     1.94079490E+00     2.62271000E-05     5.74206180E+00     3.93359000E-05     1.30000000E-09     2.78514900E-04     1.90000000E-09
    1.07140000E+05     8.35000000E+01     4.89682650E-03     8.85116000E+00     1.94079490E+00     3.14724000E-05     6.29093874E+00     4.72027000E-05     1.40000000E-09     2.87143500E-04     2.20000000E-09
    1.07140000E+05     8.60000000E+01     5.04343800E-03     8.85116000E+00     1.94079490E+00     3.75644000E-05     6.87379538E+00     5.63390000E-05     1.60000000E-09     2.95775000E-04     2.40000000E-09
    1.07140000E+05     8.85000000E+01     5.19004960E-03     8.85116000E+00     1.94079490E+00     4.46089000E-05     7.49166282E+00     6.69038000E-05     1.80000000E-09     3.04409600E-04     2.70000000E-09
    1.07140000E+05     9.10000000E+01     5.33666120E-03     8.85116000E+00     1.94079490E+00     5.27215000E-05     8.14557302E+00     7.90704000E-05     2.00000000E-09     3.13047400E-04     3.00000000E-09
    1.07140000E+05     9.35000000E+01     5.48327280E-03     8.85116000E+00     1.94079490E+00     6.20282000E-05     8.83655926E+00     9.30276000E-05     2.30000000E-09     3.21688400E-04     3.40000000E-09
    1.07140000E+05     9.60000000E+01     5.62988430E-03     8.85116000E+00     1.94079490E+00     7.26656000E-05     9.56565672E+00     1.08980200E-04     2.50000000E-09     3.30332700E-04     3.80000000E-09
    1.07140000E+05     9.85000000E+01     5.77649590E-03     8.85116000E+00     1.94079490E+00     8.47817000E-05     1.03339004E+01     1.27150100E-04     2.80000000E-09     3.38980400E-04     4.20000000E-09
    1.07140000E+05     1.01000000E+02     5.92310750E-03     8.85116000E+00     1.94079490E+00     9.85365000E-05     1.11423284E+01     1.47777400E-04     3.10000000E-09     3.47631600E-04     4.60000000E-09
    1.07140000E+05     1.03500000E+02     6.06971900E-03     8.85116000E+00     1.94079490E+00     1.14102900E-04     1.19919796E+01     1.71121100E-04     3.40000000E-09     3.56286400E-04     5.10000000E-09
    1.07140000E+05     1.06000000E+02     6.21633060E-03     8.85116000E+00     1.94079490E+00     1.31666900E-04     1.28838928E+01     1.97460100E-04     3.70000000E-09     3.64944900E-04     5.60000000E-09
    1.07140000E+05     1.08500000E+02     6.36294220E-03     8.85116000E+00     1.94079490E+00     1.51428500E-04     1.38191108E+01     2.27094200E-04     4.10000000E-09     3.73607100E-04     6.10000000E-09
    1.07140000E+05     1.11000000E+02     6.50955370E-03     8.85116000E+00     1.94079490E+00     1.73602400E-04     1.47986762E+01     2.60345300E-04     4.50000000E-09     3.82273300E-04     6.70000000E-09
    1.07140000E+05     1.13500000E+02     6.65616530E-03     8.85116000E+00     1.94079490E+00     1.98418600E-04     1.58236334E+01     2.97558300E-04     4.90000000E-09     3.90943300E-04     7.30000000E-09
    1.07140000E+05     1.16000000E+02     6.80277690E-03     8.85116000E+00     1.94079490E+00     2.26123300E-04     1.68950294E+01     3.39102200E-04     5.30000000E-09     3.99617400E-04     8.00000000E-09
    1.07140000E+05     1.18500000E+02     6.94938850E-03     8.85116000E+00     1.94079490E+00     2.56979500E-04     1.80139102E+01     3.85371000E-04     5.80000000E-09     4.08295700E-04     8.70000000E-09
    1.07140000E+05     1.21000000E+02     7.09600000E-03     8.85116000E+00     1.94079490E+00     2.91267500E-04     1.91813272E+01     4.36785200E-04     6.30000000E-09     4.16978100E-04     9.50000000E-09
    1.07140000E+05     1.23500000E+02     7.24261160E-03     8.85116000E+00     1.94079490E+00     3.29286400E-04     2.03983290E+01     4.93792800E-04     6.90000000E-09     4.25664900E-04     1.03000000E-08
    1.07140000E+05     1.26000000E+02     7.38922320E-03     8.85116000E+00     1.94079490E+00     3.71353800E-04     2.16659702E+01     5.56870300E-04     7.40000000E-09     4.34356100E-04     1.12000000E-08
    1.07140000E+05     1.28500000E+02     7.53583470E-03     8.85116000E+00     1.94079490E+00     4.17807900E-04     2.29853054E+01     6.26524000E-04     8.10000000E-09     4.43051700E-04     1.21000000E-08
    1.07140000E+05     1.31000000E+02     7.68244630E-03     8.85116000E+00     1.94079490E+00     4.69007000E-04     2.43573896E+01     7.03291400E-04     8.70000000E-09     4.51752000E-04     1.30000000E-08
    1.07140000E+05     1.33500000E+02     7.82905790E-03     8.85116000E+00     1.94079490E+00     5.25331200E-04     2.57832816E+01     7.87742000E-04     9.40000000E-09     4.60456900E-04     1.41000000E-08
    1.07140000E+05     1.36000000E+02     7.97566950E-03     8.85116000E+00     1.94079490E+00     5.87183100E-04     2.72640408E+01     8.80479100E-04     1.01000000E-08     4.69166600E-04     1.51000000E-08
    1.07140000E+05     1.38500000E+02     8.12228100E-03     8.85116000E+00     1.94079490E+00     6.54988400E-04     2.88007294E+01     9.82140700E-04     1.09000000E-08     4.77881100E-04     1.63000000E-08
    1.07140000E+05     1.41000000E+02     8.26889260E-03     8.85116000E+00     1.94079490E+00     7.29197000E-04     3.03944110E+01     1.09340100E-03     1.17000000E-08     4.86600600E-04     1.75000000E-08
    1.07140000E+05     1.43500000E+02     8.41550420E-03     8.85116000E+00     1.94079490E+00     8.10283900E-04     3.20461516E+01     1.21497160E-03     1.25000000E-08     4.95325100E-04     1.88000000E-08
    1.07140000E+05     1.46000000E+02     8.56211570E-03     8.85116000E+00     1.94079490E+00     8.98749800E-04     3.37570180E+01     1.34760320E-03     1.34000000E-08     5.04054700E-04     2.01000000E-08
    1.07140000E+05     1.48500000E+02     8.70872730E-03     8.85116000E+00     1.94079490E+00     9.95122500E-04     3.55280810E+01     1.49208650E-03     1.44000000E-08     5.12789600E-04     2.15000000E-08
    1.07140000E+05     1.51000000E+02     8.85533890E-03     8.85116000E+00     1.94079490E+00     1.09995760E-03     3.73604110E+01     1.64925380E-03     1.54000000E-08     5.21529700E-04     2.30000000E-08
    1.07140000E+05     1.53500000E+02     9.00195050E-03     8.85116000E+00     1.94079490E+00     1.21383940E-03     3.92550826E+01     1.81998070E-03     1.64000000E-08     5.30275300E-04     2.46000000E-08
    1.07140000E+05     1.56000000E+02     9.14856200E-03     8.85116000E+00     1.94079490E+00     1.33738200E-03     4.12131714E+01     2.00518710E-03     1.75000000E-08     5.39026300E-04     2.62000000E-08
    1.07140000E+05     1.58500000E+02     9.29517360E-03     8.85116000E+00     1.94079490E+00     1.47123030E-03     4.32357570E+01     2.20583940E-03     1.86000000E-08     5.47782900E-04     2.79000000E-08
    1.07140000E+05     1.61000000E+02     9.44178520E-03     8.85116000E+00     1.94079490E+00     1.61606070E-03     4.53239172E+01     2.42295090E-03     1.98000000E-08     5.56545200E-04     2.97000000E-08
    1.07140000E+05     1.63500000E+02     9.58839670E-03     8.85116000E+00     1.94079490E+00     1.77258290E-03     4.74787370E+01     2.65758450E-03     2.11000000E-08     5.65313200E-04     3.16000000E-08
    1.07140000E+05     1.66000000E+02     9.73500830E-03     8.85116000E+00     1.94079490E+00     1.94153980E-03     4.97013002E+01     2.91085360E-03     2.24000000E-08     5.74087100E-04     3.36000000E-08
    1.07140000E+05     1.68500000E+02     9.88161990E-03     8.85116000E+00     1.94079490E+00     2.12370980E-03     5.19926934E+01     3.18392340E-03     2.38000000E-08     5.82867000E-04     3.57000000E-08
    1.07140000E+05     1.71000000E+02     1.00282314E-02     8.85116000E+00     1.94079490E+00     2.31990670E-03     5.43540070E+01     3.47801360E-03     2.53000000E-08     5.91652800E-04     3.79000000E-08
    1.07140000E+05     1.73500000E+02     1.01748430E-02     8.85116000E+00     1.94079490E+00     2.53098180E-03     5.67863336E+01     3.79439890E-03     2.68000000E-08     6.00444800E-04     4.01000000E-08
    1.07140000E+05     1.76000000E+02     1.03214546E-02     8.85116000E+00     1.94079490E+00     2.75782440E-03     5.92907668E+01     4.13441140E-03     2.83000000E-08     6.09243000E-04     4.25000000E-08
    1.07140000E+05     1.78500000E+02     1.04680662E-02     8.85116000E+00     1.94079490E+00     3.00136300E-03     6.18684028E+01     4.49944150E-03     3.00000000E-08     6.18047600E-04     4.49000000E-08
    1.07140000E+05     1.81000000E+02     1.06146776E-02     8.85116000E+00     1.94079490E+00     3.26256660E-03     6.45203420E+01     4.89094060E-03     3.17000000E-08     6.26858500E-04     4.75000000E-08
    1.07140000E+05     1.83500000E+02     1.07612894E-02     8.85116000E+00     1.94079490E+00     3.54244590E-03     6.72476860E+01     5.31042200E-03     3.35000000E-08     6.35675900E-04     5.02000000E-08
    1.07140000E+05     1.86000000E+02     1.09079010E-02     8.85116000E+00     1.94079490E+00     3.84205400E-03     7.00515378E+01     5.75946300E-03     3.53000000E-08     6.44499900E-04     5.30000000E-08
    1.07140000E+05     1.88500000E+02     1.10545124E-02     8.85116000E+00     1.94079490E+00     4.16248870E-03     7.29330080E+01     6.23970710E-03     3.73000000E-08     6.53330500E-04     5.59000000E-08
    1.07140000E+05     1.91000000E+02     1.12011240E-02     8.85116000E+00     1.94079490E+00     4.50489210E-03     7.58932034E+01     6.75286460E-03     3.93000000E-08     6.62168000E-04     5.89000000E-08
    1.07140000E+05     1.93500000E+02     1.13477356E-02     8.85116000E+00     1.94079490E+00     4.87045280E-03     7.89332354E+01     7.30071520E-03     4.14000000E-08     6.71012200E-04     6.21000000E-08
    1.07140000E+05     1.96000000E+02     1.14943472E-02     8.85116000E+00     1.94079490E+00     5.26040810E-03     8.20542246E+01     7.88511120E-03     4.36000000E-08     6.79863500E-04     6.53000000E-08
    1.07140000E+05     1.98500000E+02     1.16409586E-02     8.85116000E+00     1.94079490E+00     5.67604250E-03     8.52572826E+01     8.50797570E-03     4.58000000E-08     6.88721800E-04     6.87000000E-08
    1.07140000E+05     2.01000000E+02     1.17875704E-02     8.85116000E+00     1.94079490E+00     6.11869190E-03     8.85435338E+01     9.17130860E-03     4.82000000E-08     6.97587200E-04     7.23000000E-08
    1.07140000E+05     2.03500000E+02     1.19341818E-02     8.85116000E+00     1.94079490E+00     6.58974360E-03     9.19141032E+01     9.87718660E-03     5.06000000E-08     7.06459800E-04     7.59000000E-08
    1.07140000E+05     2.06000000E+02     1.20807934E-02     8.85116000E+00     1.94079490E+00     7.09063660E-03     9.53701142E+01     1.06277638E-02     5.32000000E-08     7.15339800E-04     7.97000000E-08
    1.07140000E+05     2.08500000E+02     1.22274050E-02     8.85116000E+00     1.94079490E+00     7.62286440E-03     9.89126922E+01     1.14252752E-02     5.58000000E-08     7.24227100E-04     8.36000000E-08
    1.07140000E+05     2.11000000E+02     1.23740166E-02     8.85116000E+00     1.94079490E+00     8.18797690E-03     1.02542980E+02     1.22720414E-02     5.85000000E-08     7.33122000E-04     8.77000000E-08
    1.07140000E+05     2.13500000E+02     1.25206282E-02     8.85116000E+00     1.94079490E+00     8.78757940E-03     1.06262100E+02     1.31704646E-02     6.14000000E-08     7.42024500E-04     9.20000000E-08
    1.07140000E+05     2.16000000E+02     1.26672396E-02     8.85116000E+00     1.94079490E+00     9.42333650E-03     1.10071204E+02     1.41230356E-02     6.43000000E-08     7.50934600E-04     9.63000000E-08
    1.07140000E+05     2.18500000E+02     1.28138514E-02     8.85116000E+00     1.94079490E+00     1.00969713E-02     1.13971424E+02     1.51323334E-02     6.73000000E-08     7.59852600E-04     1.00900000E-07
    1.07140000E+05     2.21000000E+02     1.29604628E-02     8.85116000E+00     1.94079490E+00     1.08102684E-02     1.17963912E+02     1.62010284E-02     7.04000000E-08     7.68778400E-04     1.05600000E-07
    1.07140000E+05     2.23500000E+02     1.31070744E-02     8.85116000E+00     1.94079490E+00     1.15650736E-02     1.22049802E+02     1.73318826E-02     7.37000000E-08     7.77712100E-04     1.10400000E-07
    1.07140000E+05     2.26000000E+02     1.32536860E-02     8.85116000E+00     1.94079490E+00     1.23632990E-02     1.26230260E+02     1.85277562E-02     7.70000000E-08     7.86653900E-04     1.15500000E-07
    1.07140000E+05     2.28500000E+02     1.34002976E-02     8.85116000E+00     1.94079490E+00     1.32069204E-02     1.30506438E+02     1.97916064E-02     8.05000000E-08     7.95603900E-04     1.20600000E-07
    1.07140000E+05     2.31000000E+02     1.35469092E-02     8.85116000E+00     1.94079490E+00     1.40979780E-02     1.34879482E+02     2.11264848E-02     8.41000000E-08     8.04562100E-04     1.26000000E-07
    1.07140000E+05     2.33500000E+02     1.36935206E-02     8.85116000E+00     1.94079490E+00     1.50385840E-02     1.39350560E+02     2.25355516E-02     8.78000000E-08     8.13528700E-04     1.31600000E-07
    1.07140000E+05     2.36000000E+02     1.38401324E-02     8.85116000E+00     1.94079490E+00     1.60309182E-02     1.43920834E+02     2.40220670E-02     9.16000000E-08     8.22503700E-04     1.37300000E-07
    1.07140000E+05     2.38500000E+02     1.39867438E-02     8.85116000E+00     1.94079490E+00     1.70772336E-02     1.48591478E+02     2.55894012E-02     9.56000000E-08     8.31487200E-04     1.43200000E-07
    1.07140000E+05     2.41000000E+02     1.41333554E-02     8.85116000E+00     1.94079490E+00     1.81798520E-02     1.53363654E+02     2.72410272E-02     9.96000000E-08     8.40479300E-04     1.49300000E-07
    1.07140000E+05     2.43500000E+02     1.42799670E-02     8.85116000E+00     1.94079490E+00     1.93411736E-02     1.58238542E+02     2.89805348E-02     1.03800000E-07     8.49480100E-04     1.55600000E-07
    1.07140000E+05     2.46000000E+02     1.44265786E-02     8.85116000E+00     1.94079490E+00     2.05636730E-02     1.63217318E+02     3.08116246E-02     1.08200000E-07     8.58489800E-04     1.62100000E-07
    1.07140000E+05     2.48500000E+02     1.45731902E-02     8.85116000E+00     1.94079490E+00     2.18498982E-02     1.68301154E+02     3.27381068E-02     1.12600000E-07     8.67508300E-04     1.68700000E-07
    1.07140000E+05     2.52250000E+02     1.47931075E-02     8.85116000E+00     1.94079490E+00     2.39133140E-02     1.76140018E+02     3.58285240E-02     1.19600000E-07     8.81054100E-04     1.79200000E-07
    1.07140000E+05     2.57250000E+02     1.50863306E-02     8.85116000E+00     1.94079490E+00     2.69017955E-02     1.86952948E+02     4.03041985E-02     1.29400000E-07     8.99145700E-04     1.93800000E-07
    1.07140000E+05     2.62250000E+02     1.53795538E-02     8.85116000E+00     1.94079490E+00     3.01952594E-02     1.98207600E+02     4.52363195E-02     1.39700000E-07     9.17274600E-04     2.09300000E-07
    1.07140000E+05     2.67250000E+02     1.56727769E-02     8.85116000E+00     1.94079490E+00     3.38181140E-02     2.09913589E+02     5.06613735E-02     1.50700000E-07     9.35441500E-04     2.25700000E-07
    1.07140000E+05     2.72250000E+02     1.59660001E-02     8.85116000E+00     1.94079490E+00     3.77962066E-02     2.22080597E+02     5.66179932E-02     1.62300000E-07     9.53647200E-04     2.43100000E-07
    1.07140000E+05     2.77250000E+02     1.62592232E-02     8.85116000E+00     1.94079490E+00     4.21568809E-02     2.34718384E+02     6.31470416E-02     1.74500000E-07     9.71892400E-04     2.61400000E-07
    1.07140000E+05     2.82250000E+02     1.65524464E-02     8.85116000E+00     1.94079490E+00     4.69290238E-02     2.47836748E+02     7.02916829E-02     1.87500000E-07     9.90177900E-04     2.80800000E-07
    1.07140000E+05     2.87250000E+02     1.68456695E-02     8.85116000E+00     1.94079490E+00     5.21431326E-02     2.61445571E+02     7.80974807E-02     2.01100000E-07     1.00850440E-03     3.01200000E-07
    1.07140000E+05     2.92250000E+02     1.71388926E-02     8.85116000E+00     1.94079490E+00     5.78313697E-02     2.75554792E+02     8.66124793E-02     2.15500000E-07     1.02687270E-03     3.22700000E-07
    1.07140000E+05     2.97250000E+02     1.74321158E-02     8.85116000E+00     1.94079490E+00     6.40276216E-02     2.90174422E+02     9.58872905E-02     2.30600000E-07     1.04528360E-03     3.45400000E-07
    1.07140000E+05     3.02250000E+02     1.77253389E-02     8.85116000E+00     1.94079490E+00     7.07675612E-02     3.05314537E+02     1.05975190E-01     2.46500000E-07     1.06373780E-03     3.69200000E-07
    1.07140000E+05     3.07250000E+02     1.80185621E-02     8.85116000E+00     1.94079490E+00     7.80887049E-02     3.20985277E+02     1.16932189E-01     2.63300000E-07     1.08223610E-03     3.94200000E-07
    1.07140000E+05     3.12250000E+02     1.83117852E-02     8.85116000E+00     1.94079490E+00     8.60304842E-02     3.37196865E+02     1.28817159E-01     2.80800000E-07     1.10077920E-03     4.20500000E-07
    1.07140000E+05     3.17250000E+02     1.86050084E-02     8.85116000E+00     1.94079490E+00     9.46343024E-02     3.53959594E+02     1.41691899E-01     2.99200000E-07     1.11936790E-03     4.48000000E-07
    1.07140000E+05     3.22250000E+02     1.88982315E-02     8.85116000E+00     1.94079490E+00     1.03943601E-01     3.71283819E+02     1.55621245E-01     3.18600000E-07     1.13800310E-03     4.76900000E-07
    1.07140000E+05     3.27250000E+02     1.91914546E-02     8.85116000E+00     1.94079490E+00     1.14003927E-01     3.89179988E+02     1.70673158E-01     3.38800000E-07     1.15668530E-03     5.07200000E-07
    1.07140000E+05     3.32250000E+02     1.94846778E-02     8.85116000E+00     1.94079490E+00     1.24862995E-01     4.07658604E+02     1.86918835E-01     3.60000000E-07     1.17541550E-03     5.38900000E-07
    1.07140000E+05     3.37250000E+02     1.97779008E-02     8.85116000E+00     1.94079490E+00     1.36570766E-01     4.26730266E+02     2.04432790E-01     3.82100000E-07     1.19419440E-03     5.72000000E-07
    1.07140000E+05     3.42250000E+02     2.00711241E-02     8.85116000E+00     1.94079490E+00     1.49179510E-01     4.46405643E+02     2.23292982E-01     4.05300000E-07     1.21302280E-03     6.06700000E-07
    1.07140000E+05     3.47250000E+02     2.03643472E-02     8.85116000E+00     1.94079490E+00     1.62743868E-01     4.66695486E+02     2.43580892E-01     4.29500000E-07     1.23190140E-03     6.42900000E-07
    1.07140000E+05     3.52250000E+02     2.06575703E-02     8.85116000E+00     1.94079490E+00     1.77320931E-01     4.87610619E+02     2.65381641E-01     4.54800000E-07     1.25083100E-03     6.80700000E-07
    1.07140000E+05     3.57250000E+02     2.09507935E-02     8.85116000E+00     1.94079490E+00     1.92970327E-01     5.09161969E+02     2.88784108E-01     4.81200000E-07     1.26981240E-03     7.20100000E-07
    1.07140000E+05     3.62250000E+02     2.12440166E-02     8.85116000E+00     1.94079490E+00     2.09754257E-01     5.31360522E+02     3.13881004E-01     5.08700000E-07     1.28884640E-03     7.61300000E-07
    1.07140000E+05     3.67250000E+02     2.15372398E-02     8.85116000E+00     1.94079490E+00     2.27737620E-01     5.54217373E+02     3.40769025E-01     5.37400000E-07     1.30793370E-03     8.04100000E-07
    1.07140000E+05     3.72250000E+02     2.18304628E-02     8.85116000E+00     1.94079490E+00     2.46988036E-01     5.77743683E+02     3.69548913E-01     5.67300000E-07     1.32707520E-03     8.48800000E-07
    1.07140000E+05     3.77250000E+02     2.21236861E-02     8.85116000E+00     1.94079490E+00     2.67575956E-01     6.01950717E+02     4.00325621E-01     5.98400000E-07     1.34627170E-03     8.95300000E-07
    1.07140000E+05     3.82250000E+02     2.24169092E-02     8.85116000E+00     1.94079490E+00     2.89574734E-01     6.26849818E+02     4.33208375E-01     6.30800000E-07     1.36552380E-03     9.43600000E-07
    1.07140000E+05     3.87250000E+02     2.27101323E-02     8.85116000E+00     1.94079490E+00     3.13060689E-01     6.52452418E+02     4.68310822E-01     6.64400000E-07     1.38483240E-03     9.93900000E-07
    1.07140000E+05     3.92250000E+02     2.30033555E-02     8.85116000E+00     1.94079490E+00     3.38113225E-01     6.78770057E+02     5.05751158E-01     6.99400000E-07     1.40419830E-03     1.04620000E-06
    1.07140000E+05     3.97250000E+02     2.32965786E-02     8.85116000E+00     1.94079490E+00     3.64814865E-01     7.05814367E+02     5.45652222E-01     7.35800000E-07     1.42362230E-03     1.10050000E-06
    1.07140000E+05     4.02250000E+02     2.35898018E-02     8.85116000E+00     1.94079490E+00     3.93251336E-01     7.33597044E+02     5.88141570E-01     7.73500000E-07     1.44310520E-03     1.15690000E-06
    1.07140000E+05     4.07250000E+02     2.38830248E-02     8.85116000E+00     1.94079490E+00     4.23511719E-01     7.62129926E+02     6.33351737E-01     8.12700000E-07     1.46264780E-03     1.21540000E-06
    1.07140000E+05     4.12250000E+02     2.41762481E-02     8.85116000E+00     1.94079490E+00     4.55688403E-01     7.91424888E+02     6.81420153E-01     8.53400000E-07     1.48225080E-03     1.27610000E-06
    1.07140000E+05     4.17250000E+02     2.44694712E-02     8.85116000E+00     1.94079490E+00     4.89877358E-01     8.21493995E+02     7.32489533E-01     8.95600000E-07     1.50191520E-03     1.33910000E-06
    1.07140000E+05     4.22250000E+02     2.47626943E-02     8.85116000E+00     1.94079490E+00     5.26177983E-01     8.52349294E+02     7.86707665E-01     9.39300000E-07     1.52164160E-03     1.40440000E-06
    1.07140000E+05     4.27250000E+02     2.50559175E-02     8.85116000E+00     1.94079490E+00     5.64693451E-01     8.84003054E+02     8.44227921E-01     9.84600000E-07     1.54143090E-03     1.47200000E-06
    1.07140000E+05     4.32250000E+02     2.53491406E-02     8.85116000E+00     1.94079490E+00     6.05530601E-01     9.16467579E+02     9.05209077E-01     1.03150000E-06     1.56128390E-03     1.54200000E-06
    1.07140000E+05     4.37250000E+02     2.56423638E-02     8.85116000E+00     1.94079490E+00     6.48800030E-01     9.49755242E+02     9.69815471E-01     1.08010000E-06     1.58120130E-03     1.61450000E-06
    1.07140000E+05     4.42250000E+02     2.59355868E-02     8.85116000E+00     1.94079490E+00     6.94616428E-01     9.83878640E+02     1.03821746E+00     1.13040000E-06     1.60118400E-03     1.68950000E-06
    1.07140000E+05     4.47250000E+02     2.62288101E-02     8.85116000E+00     1.94079490E+00     7.43098285E-01     1.01885034E+03     1.11059106E+00     1.18240000E-06     1.62123290E-03     1.76710000E-06
    1.07140000E+05     4.52250000E+02     2.65220332E-02     8.85116000E+00     1.94079490E+00     7.94368358E-01     1.05468313E+03     1.18711849E+00     1.23620000E-06     1.64134870E-03     1.84730000E-06
    1.07140000E+05     4.57250000E+02     2.68152563E-02     8.85116000E+00     1.94079490E+00     8.48553472E-01     1.09138985E+03     1.26798809E+00     1.29180000E-06     1.66153230E-03     1.93030000E-06
    1.07140000E+05     4.62250000E+02     2.71084795E-02     8.85116000E+00     1.94079490E+00     9.05784821E-01     1.12898345E+03     1.35339449E+00     1.34920000E-06     1.68178440E-03     2.01600000E-06
    1.07140000E+05     4.67250000E+02     2.74017025E-02     8.85116000E+00     1.94079490E+00     9.66197894E-01     1.16747704E+03     1.44353880E+00     1.40860000E-06     1.70210590E-03     2.10450000E-06
    1.07140000E+05     4.72250000E+02     2.76949258E-02     8.85116000E+00     1.94079490E+00     1.02993281E+00     1.20688379E+03     1.53862885E+00     1.46990000E-06     1.72249760E-03     2.19590000E-06
    1.07140000E+05     4.77250000E+02     2.79881488E-02     8.85116000E+00     1.94079490E+00     1.09713403E+00     1.24721697E+03     1.63887886E+00     1.53310000E-06     1.74296030E-03     2.29020000E-06
    1.07140000E+05     4.82250000E+02     2.82813720E-02     8.85116000E+00     1.94079490E+00     1.16795094E+00     1.28849006E+03     1.74451033E+00     1.59840000E-06     1.76349490E-03     2.38750000E-06
    1.07140000E+05     4.87250000E+02     2.85745952E-02     8.85116000E+00     1.94079490E+00     1.24253749E+00     1.33071662E+03     1.85575159E+00     1.66580000E-06     1.78410220E-03     2.48790000E-06
    1.07140000E+05     4.92250000E+02     2.88678183E-02     8.85116000E+00     1.94079490E+00     1.32105255E+00     1.37391020E+03     1.97283788E+00     1.73530000E-06     1.80478290E-03     2.59140000E-06
    1.07140000E+05     4.97250000E+02     2.91610415E-02     8.85116000E+00     1.94079490E+00     1.40366021E+00     1.41808472E+03     2.09601244E+00     1.80690000E-06     1.82553800E-03     2.69810000E-06
    1.07140000E+05     5.12250000E+02     3.00407109E-02     8.85116000E+00     1.94079490E+00     1.68255470E+00     1.55767054E+03     2.51174247E+00     2.03740000E-06     1.88833550E-03     3.04150000E-06
    1.07140000E+05     5.37250000E+02     3.15068266E-02     8.85116000E+00     1.94079490E+00     2.23905275E+00     1.80959891E+03     3.34087918E+00     2.46520000E-06     1.99443790E-03     3.67840000E-06
    1.07140000E+05     5.62250000E+02     3.29729423E-02     8.85116000E+00     1.94079490E+00     2.94122649E+00     2.08930468E+03     4.38636907E+00     2.95720000E-06     2.10258910E-03     4.41020000E-06
    1.07140000E+05     5.87250000E+02     3.44390580E-02     8.85116000E+00     1.94079490E+00     3.81813008E+00     2.39870941E+03     5.69111506E+00     3.51940000E-06     2.21289650E-03     5.24580000E-06
    1.07140000E+05     6.12250000E+02     3.59051737E-02     8.85116000E+00     1.94079490E+00     4.90296925E+00     2.73982534E+03     7.30407802E+00     4.15820000E-06     2.32546940E-03     6.19470000E-06
    1.07140000E+05     6.37250000E+02     3.73712894E-02     8.85116000E+00     1.94079490E+00     6.23348108E+00     3.11476045E+03     9.28081393E+00     4.88050000E-06     2.44041860E-03     7.26640000E-06
    1.07140000E+05     6.62250000E+02     3.88374051E-02     8.85116000E+00     1.94079490E+00     7.85232998E+00     3.52572362E+03     1.16840310E+01     5.69300000E-06     2.55785640E-03     8.47100000E-06
    1.07140000E+05     6.87250000E+02     4.03035208E-02     8.85116000E+00     1.94079490E+00     9.80752239E+00     3.97503018E+03     1.45841695E+01     6.60310000E-06     2.67789720E-03     9.81910000E-06
    1.07140000E+05     7.12250000E+02     4.17696365E-02     8.85116000E+00     1.94079490E+00     1.21528366E+01     4.46510718E+03     1.80599998E+01     7.61840000E-06     2.80065720E-03     1.13215000E-05
    1.07140000E+05     7.37250000E+02     4.32357523E-02     8.85116000E+00     1.94079490E+00     1.49482707E+01     4.99849918E+03     2.21992409E+01     8.74660000E-06     2.92625440E-03     1.29893000E-05
    1.07140000E+05     7.62250000E+02     4.47018680E-02     8.85116000E+00     1.94079490E+00     1.82605084E+01     5.57787408E+03     2.70991995E+01     9.99580000E-06     3.05480870E-03     1.48342000E-05
    1.07140000E+05     7.87250000E+02     4.61679837E-02     8.85116000E+00     1.94079490E+00     2.21634007E+01     6.20602904E+03     3.28674268E+01     1.13745000E-05     3.18644230E-03     1.68680000E-05
    1.07140000E+05     8.12250000E+02     4.76340994E-02     8.85116000E+00     1.94079490E+00     2.67384665E+01     6.88589678E+03     3.96223960E+01     1.28914000E-05     3.32127940E-03     1.91031000E-05
    1.07140000E+05     8.37250000E+02     4.91002151E-02     8.85116000E+00     1.94079490E+00     3.20754101E+01     7.62055188E+03     4.74941967E+01     1.45553000E-05     3.45944660E-03     2.15522000E-05
    1.07140000E+05     8.62250000E+02     5.05663308E-02     8.85116000E+00     1.94079490E+00     3.82726551E+01     8.41321729E+03     5.66252471E+01     1.63756000E-05     3.60107260E-03     2.42282000E-05
    1.07140000E+05     8.87250000E+02     5.20324465E-02     8.85116000E+00     1.94079490E+00     4.54378966E+01     9.26727100E+03     6.71710219E+01     1.83619000E-05     3.74628860E-03     2.71446000E-05
    1.07140000E+05     9.12250000E+02     5.34985622E-02     8.85116000E+00     1.94079490E+00     5.36886760E+01     1.01862535E+04     7.93008073E+01     2.05239000E-05     3.89522820E-03     3.03150000E-05
    1.07140000E+05     9.37250000E+02     5.49646779E-02     8.85116000E+00     1.94079490E+00     6.31529632E+01     1.11738743E+04     9.31984557E+01     2.28718000E-05     4.04802770E-03     3.37534000E-05
    1.07140000E+05     9.62250000E+02     5.64307936E-02     8.85116000E+00     1.94079490E+00     7.39697660E+01     1.22340198E+04     1.09063170E+02     2.54161000E-05     4.20482600E-03     3.74743000E-05
    1.07140000E+05     9.87250000E+02     5.78969094E-02     8.85116000E+00     1.94079490E+00     8.62897588E+01     1.33707611E+04     1.27110302E+02     2.81674000E-05     4.36576480E-03     4.14925000E-05
    1.07140000E+05     1.01225000E+03     5.93630250E-02     8.85116000E+00     1.94079490E+00     1.00275914E+02     1.45883612E+04     1.47572152E+02     3.11367000E-05     4.53098860E-03     4.58228000E-05
    1.07140000E+05     1.03725000E+03     6.08291408E-02     8.85116000E+00     1.94079490E+00     1.16104174E+02     1.58912840E+04     1.70698806E+02     3.43354000E-05     4.70064480E-03     5.04808000E-05
    1.07140000E+05     1.06225000E+03     6.22952565E-02     8.85116000E+00     1.94079490E+00     1.33964125E+02     1.72842027E+04     1.96758967E+02     3.77750000E-05     4.87488390E-03     5.54820000E-05
    1.07140000E+05     1.08725000E+03     6.37613722E-02     8.85116000E+00     1.94079490E+00     1.54059701E+02     1.87720075E+04     2.26040810E+02     4.14675000E-05     5.05385950E-03     6.08426000E-05
    1.07140000E+05     1.11225000E+03     6.52274879E-02     8.85116000E+00     1.94079490E+00     1.76609894E+02     2.03598164E+04     2.58852846E+02     4.54251000E-05     5.23772880E-03     6.65787000E-05
    1.07140000E+05     1.13725000E+03     6.66936036E-02     8.85116000E+00     1.94079490E+00     2.01849488E+02     2.20529829E+04     2.95524787E+02     4.96602000E-05     5.42665190E-03     7.27070000E-05
    1.07140000E+05     1.16225000E+03     6.81597193E-02     8.85116000E+00     1.94079490E+00     2.30029826E+02     2.38571068E+04     3.36408454E+02     5.41856000E-05     5.62079250E-03     7.92444000E-05
    1.07140000E+05     1.18725000E+03     6.96258350E-02     8.85116000E+00     1.94079490E+00     2.61419575E+02     2.57780439E+04     3.81878663E+02     5.90146000E-05     5.82031830E-03     8.62081000E-05
    1.07140000E+05     1.21225000E+03     7.10919507E-02     8.85116000E+00     1.94079490E+00     2.96305519E+02     2.78219159E+04     4.32334127E+02     6.41603000E-05     6.02540020E-03     9.36156000E-05
    1.07140000E+05     1.23725000E+03     7.25580665E-02     8.85116000E+00     1.94079490E+00     3.34993380E+02     2.99951222E+04     4.88198387E+02     6.96367000E-05     6.23621320E-03     1.01484600E-04
    1.07140000E+05     1.26225000E+03     7.40241821E-02     8.85116000E+00     1.94079490E+00     3.77808645E+02     3.23043500E+04     5.49920730E+02     7.54576000E-05     6.45293630E-03     1.09833100E-04
    1.07140000E+05     1.28725000E+03     7.54902978E-02     8.85116000E+00     1.94079490E+00     4.25097410E+02     3.47565863E+04     6.17977106E+02     8.16375000E-05     6.67575260E-03     1.18679400E-04
    1.07140000E+05     1.31225000E+03     7.69564135E-02     8.85116000E+00     1.94079490E+00     4.77227285E+02     3.73591301E+04     6.92871108E+02     8.81909000E-05     6.90484930E-03     1.28042100E-04
    1.07140000E+05     1.33725000E+03     7.84225293E-02     8.85116000E+00     1.94079490E+00     5.34588246E+02     4.01196041E+04     7.75134867E+02     9.51328000E-05     7.14041820E-03     1.37939900E-04
    1.07140000E+05     1.36225000E+03     7.98886450E-02     8.85116000E+00     1.94079490E+00     5.97593604E+02     4.30459694E+04     8.65330073E+02     1.02478400E-04     7.38265570E-03     1.48391800E-04
    1.07140000E+05     1.38725000E+03     8.13547607E-02     8.85116000E+00     1.94079490E+00     6.66680854E+02     4.61465351E+04     9.64048797E+02     1.10243400E-04     7.63176240E-03     1.59417300E-04
    1.07140000E+05     1.41225000E+03     8.28208764E-02     8.85116000E+00     1.94079490E+00     7.42312729E+02     4.94299761E+04     1.07191462E+03     1.18443600E-04     7.88794420E-03     1.71035600E-04
    1.07140000E+05     1.43725000E+03     8.42869921E-02     8.85116000E+00     1.94079490E+00     8.24978138E+02     5.29053459E+04     1.18958348E+03     1.27095200E-04     8.15141200E-03     1.83266600E-04
    1.07140000E+05     1.46225000E+03     8.57531078E-02     8.85116000E+00     1.94079490E+00     9.15193148E+02     5.65820912E+04     1.31774468E+03     1.36214700E-04     8.42238170E-03     1.96130200E-04
    1.07140000E+05     1.48725000E+03     8.72192235E-02     8.85116000E+00     1.94079490E+00     1.01350202E+03     6.04700667E+04     1.45712177E+03     1.45819100E-04     8.70107440E-03     2.09646400E-04
    1.07140000E+05     1.51225000E+03     8.86853392E-02     8.85116000E+00     1.94079490E+00     1.12047825E+03     6.45795530E+04     1.60847362E+03     1.55925400E-04     8.98771710E-03     2.23835700E-04
    1.07140000E+05     1.53725000E+03     9.01514549E-02     8.85116000E+00     1.94079490E+00     1.23672567E+03     6.89212718E+04     1.77259533E+03     1.66551300E-04     9.28254210E-03     2.38718500E-04
    1.07140000E+05     1.56225000E+03     9.16175706E-02     8.85116000E+00     1.94079490E+00     1.36287951E+03     7.35064041E+04     1.95031920E+03     1.77714400E-04     9.58578800E-03     2.54315500E-04
    1.07140000E+05     1.58725000E+03     9.30836864E-02     8.85116000E+00     1.94079490E+00     1.49960746E+03     7.83466063E+04     2.14251556E+03     1.89433100E-04     9.89769890E-03     2.70647600E-04
    1.07140000E+05     1.61225000E+03     9.45498021E-02     8.85116000E+00     1.94079490E+00     1.64761093E+03     8.34540322E+04     2.35009397E+03     2.01725700E-04     1.02185259E-02     2.87735700E-04
    1.07140000E+05     1.63725000E+03     9.60159178E-02     8.85116000E+00     1.94079490E+00     1.80762619E+03     8.88413506E+04     2.57400399E+03     2.14611200E-04     1.05485262E-02     3.05601100E-04
    1.07140000E+05     1.66225000E+03     9.74820335E-02     8.85116000E+00     1.94079490E+00     1.98042535E+03     9.45217619E+04     2.81523605E+03     2.28108700E-04     1.08879634E-02     3.24265000E-04
    1.07140000E+05     1.68725000E+03     9.89481492E-02     8.85116000E+00     1.94079490E+00     2.16681792E+03     1.00509027E+05     3.07482257E+03     2.42237700E-04     1.12371089E-02     3.43748900E-04
    1.07140000E+05     1.71225000E+03     1.00414265E-01     8.85116000E+00     1.94079490E+00     2.36765164E+03     1.06817479E+05     3.35383858E+03     2.57018100E-04     1.15962400E-02     3.64074300E-04
    1.07140000E+05     1.73725000E+03     1.01880380E-01     8.85116000E+00     1.94079490E+00     2.58381426E+03     1.13462057E+05     3.65340313E+03     2.72470100E-04     1.19656429E-02     3.85262900E-04
    1.07140000E+05     1.76225000E+03     1.03346496E-01     8.85116000E+00     1.94079490E+00     2.81623430E+03     1.20458319E+05     3.97467960E+03     2.88614300E-04     1.23456101E-02     4.07336400E-04
    1.07140000E+05     1.78725000E+03     1.04812612E-01     8.85116000E+00     1.94079490E+00     3.06588272E+03     1.27822474E+05     4.31887700E+03     3.05471700E-04     1.27364428E-02     4.30316600E-04
    1.07140000E+05     1.81225000E+03     1.06278728E-01     8.85116000E+00     1.94079490E+00     3.33377418E+03     1.35571406E+05     4.68725066E+03     3.23063300E-04     1.31384503E-02     4.54225600E-04
    1.07140000E+05     1.83725000E+03     1.07744844E-01     8.85116000E+00     1.94079490E+00     3.62096832E+03     1.43722694E+05     5.08110304E+03     3.41411100E-04     1.35519501E-02     4.79085300E-04
    1.07140000E+05     1.86225000E+03     1.09210959E-01     8.85116000E+00     1.94079490E+00     3.92857117E+03     1.52294648E+05     5.50178456E+03     3.60536900E-04     1.39772682E-02     5.04917700E-04
    1.07140000E+05     1.88725000E+03     1.10677075E-01     8.85116000E+00     1.94079490E+00     4.25773694E+03     1.61306338E+05     5.95069484E+03     3.80463100E-04     1.44147406E-02     5.31744900E-04
    1.07140000E+05     1.91225000E+03     1.12143190E-01     8.85116000E+00     1.94079490E+00     4.60966901E+03     1.70777611E+05     6.42928287E+03     4.01212500E-04     1.48647117E-02     5.59589000E-04
    1.07140000E+05     1.93725000E+03     1.13609306E-01     8.85116000E+00     1.94079490E+00     4.98562141E+03     1.80729138E+05     6.93904778E+03     4.22808200E-04     1.53275356E-02     5.88472200E-04
    1.07140000E+05     1.96225000E+03     1.15075422E-01     8.85116000E+00     1.94079490E+00     5.38690091E+03     1.91182434E+05     7.48154035E+03     4.45273800E-04     1.58035771E-02     6.18416600E-04
    1.07140000E+05     1.98725000E+03     1.16541538E-01     8.85116000E+00     1.94079490E+00     5.81486810E+03     2.02159907E+05     8.05836304E+03     4.68633100E-04     1.62932105E-02     6.49444400E-04
    1.07140000E+05     2.01225000E+03     1.18007654E-01     8.85116000E+00     1.94079490E+00     6.27093913E+03     2.13684872E+05     8.67117094E+03     4.92910600E-04     1.67968215E-02     6.81577600E-04
    1.07140000E+05     2.03725000E+03     1.19473769E-01     8.85116000E+00     1.94079490E+00     6.75658719E+03     2.25781602E+05     9.32167217E+03     5.18130700E-04     1.73148060E-02     7.14838300E-04
    1.07140000E+05     2.06225000E+03     1.20939885E-01     8.85116000E+00     1.94079490E+00     7.27334454E+03     2.38475365E+05     1.00116291E+04     5.44318800E-04     1.78475721E-02     7.49248600E-04
    1.07140000E+05     2.08725000E+03     1.22406000E-01     8.85116000E+00     1.94079490E+00     7.82280374E+03     2.51792459E+05     1.07428583E+04     5.71500300E-04     1.83955394E-02     7.84830500E-04
    1.07140000E+05     2.11225000E+03     1.23872116E-01     8.85116000E+00     1.94079490E+00     8.40661975E+03     2.65760251E+05     1.15172315E+04     5.99701000E-04     1.89591394E-02     8.21605900E-04
    1.07140000E+05     2.13725000E+03     1.25338232E-01     8.85116000E+00     1.94079490E+00     9.02651210E+03     2.80407237E+05     1.23366769E+04     6.28947500E-04     1.95388172E-02     8.59596600E-04
    1.07140000E+05     2.16225000E+03     1.26804348E-01     8.85116000E+00     1.94079490E+00     9.68426545E+03     2.95763060E+05     1.32031776E+04     6.59266500E-04     2.01350299E-02     8.98824400E-04
    1.07140000E+05     2.18725000E+03     1.28270464E-01     8.85116000E+00     1.94079490E+00     1.03817323E+04     3.11858571E+05     1.41187738E+04     6.90685100E-04     2.07482483E-02     9.39310800E-04
    1.07140000E+05     2.21225000E+03     1.29736579E-01     8.85116000E+00     1.94079490E+00     1.11208356E+04     3.28725892E+05     1.50855635E+04     7.23231100E-04     2.13789582E-02     9.81077400E-04
    1.07140000E+05     2.23725000E+03     1.31202695E-01     8.85116000E+00     1.94079490E+00     1.19035694E+04     3.46398436E+05     1.61057018E+04     7.56932500E-04     2.20276589E-02     1.02414560E-03
    1.07140000E+05     2.26225000E+03     1.32668810E-01     8.85116000E+00     1.94079490E+00     1.27320011E+04     3.64910982E+05     1.71814016E+04     7.91817900E-04     2.26948648E-02     1.06853650E-03
    1.07140000E+05     2.28725000E+03     1.34134926E-01     8.85116000E+00     1.94079490E+00     1.36082746E+04     3.84299722E+05     1.83149343E+04     8.27916500E-04     2.33811061E-02     1.11427130E-03
    1.07140000E+05     2.31225000E+03     1.35601042E-01     8.85116000E+00     1.94079490E+00     1.45346113E+04     4.04602328E+05     1.95086302E+04     8.65257600E-04     2.40869295E-02     1.16137080E-03
    1.07140000E+05     2.33725000E+03     1.37067157E-01     8.85116000E+00     1.94079490E+00     1.55133120E+04     4.25857990E+05     2.07648779E+04     9.03871200E-04     2.48128973E-02     1.20985570E-03
    1.07140000E+05     2.36225000E+03     1.38533274E-01     8.85116000E+00     1.94079490E+00     1.65467604E+04     4.48107502E+05     2.20861253E+04     9.43787900E-04     2.55595897E-02     1.25974640E-03
    1.07140000E+05     2.38725000E+03     1.39999389E-01     8.85116000E+00     1.94079490E+00     1.76374243E+04     4.71393315E+05     2.34748800E+04     9.85038600E-04     2.63276047E-02     1.31106330E-03
    1.07140000E+05     2.41225000E+03     1.41465505E-01     8.85116000E+00     1.94079490E+00     1.87878588E+04     4.95759613E+05     2.49337089E+04     1.02765490E-03     2.71175588E-02     1.36382630E-03
    1.07140000E+05     2.43725000E+03     1.42931620E-01     8.85116000E+00     1.94079490E+00     2.00007073E+04     5.21252368E+05     2.64652385E+04     1.07166870E-03     2.79300876E-02     1.41805540E-03
    1.07140000E+05     2.46225000E+03     1.44397736E-01     8.85116000E+00     1.94079490E+00     2.12787053E+04     5.47919427E+05     2.80721543E+04     1.11711260E-03     2.87658458E-02     1.47376990E-03
    1.07140000E+05     2.48725000E+03     1.45863852E-01     8.85116000E+00     1.94079490E+00     2.26246829E+04     5.75810600E+05     2.97572032E+04     1.16401960E-03     2.96255101E-02     1.53098930E-03
    1.07140000E+05     2.52475000E+03     1.48063026E-01     8.85116000E+00     1.94079490E+00     2.47869744E+04     6.20226219E+05     3.24480872E+04     1.23739120E-03     3.09645721E-02     1.61987530E-03
    1.07140000E+05     2.57475000E+03     1.50995257E-01     8.85116000E+00     1.94079490E+00     2.79243414E+04     6.84021504E+05     3.63226225E+04     1.34041080E-03     3.28362615E-02     1.74357760E-03
    1.07140000E+05     2.62475000E+03     1.53927488E-01     8.85116000E+00     1.94079490E+00     3.13896715E+04     7.53718778E+05     4.05621648E+04     1.44990850E-03     3.48168736E-02     1.87363140E-03
    1.07140000E+05     2.67475000E+03     1.56859720E-01     8.85116000E+00     1.94079490E+00     3.52105928E+04     8.29825008E+05     4.51915468E+04     1.56617750E-03     3.69129356E-02     2.01017650E-03
    1.07140000E+05     2.72475000E+03     1.59791951E-01     8.85116000E+00     1.94079490E+00     3.94165832E+04     9.12889545E+05     5.02365492E+04     1.68952170E-03     3.91314012E-02     2.15334710E-03
    1.07140000E+05     2.77475000E+03     1.62724183E-01     8.85116000E+00     1.94079490E+00     4.40390782E+04     1.00350778E+06     5.57238991E+04     1.82025610E-03     4.14796846E-02     2.30327250E-03
    1.07140000E+05     2.82475000E+03     1.65656414E-01     8.85116000E+00     1.94079490E+00     4.91115808E+04     1.10232506E+06     6.16812622E+04     1.95870720E-03     4.39656919E-02     2.46007610E-03
    1.07140000E+05     2.87475000E+03     1.68588645E-01     8.85116000E+00     1.94079490E+00     5.46697845E+04     1.21004107E+06     6.81372444E+04     2.10521420E-03     4.65978589E-02     2.62387590E-03
    1.07140000E+05     2.92475000E+03     1.71520877E-01     8.85116000E+00     1.94079490E+00     6.07517014E+04     1.32741441E+06     7.51213911E+04     2.26012950E-03     4.93851892E-02     2.79478510E-03
    1.07140000E+05     2.97475000E+03     1.74453108E-01     8.85116000E+00     1.94079490E+00     6.73977997E+04     1.45526782E+06     8.26641910E+04     2.42381940E-03     5.23372948E-02     2.97291160E-03
    1.07140000E+05     3.02475000E+03     1.77385340E-01     8.85116000E+00     1.94079490E+00     7.46511566E+04     1.59449369E+06     9.07970938E+04     2.59666550E-03     5.54644424E-02     3.15835950E-03
    1.07140000E+05     3.07475000E+03     1.80317571E-01     8.85116000E+00     1.94079490E+00     8.25576173E+04     1.74606009E+06     9.95525291E+04     2.77906540E-03     5.87775990E-02     3.35122960E-03
    1.07140000E+05     3.12475000E+03     1.83249803E-01     8.85116000E+00     1.94079490E+00     9.11659715E+04     1.91101741E+06     1.08963945E+05     2.97143410E-03     6.22884837E-02     3.55162040E-03
    1.07140000E+05     3.17475000E+03     1.86182034E-01     8.85116000E+00     1.94079490E+00     1.00528140E+05     2.09050541E+06     1.19065858E+05     3.17420520E-03     6.60096199E-02     3.75962990E-03
    1.07140000E+05     3.22475000E+03     1.89114265E-01     8.85116000E+00     1.94079490E+00     1.10699384E+05     2.28576100E+06     1.29893936E+05     3.38783240E-03     6.99543926E-02     3.97535760E-03
    1.07140000E+05     3.27475000E+03     1.92046497E-01     8.85116000E+00     1.94079490E+00     1.21738530E+05     2.49812669E+06     1.41485098E+05     3.61279110E-03     7.41371097E-02     4.19890660E-03
    1.07140000E+05     3.32475000E+03     1.94978728E-01     8.85116000E+00     1.94079490E+00     1.33708210E+05     2.72905953E+06     1.53877658E+05     3.84958000E-03     7.85730630E-02     4.43038690E-03
    1.07140000E+05     3.37475000E+03     1.97910960E-01     8.85116000E+00     1.94079490E+00     1.46675138E+05     2.98014105E+06     1.67111512E+05     4.09872360E-03     8.32785951E-02     4.66991950E-03
    1.07140000E+05     3.42475000E+03     2.00843191E-01     8.85116000E+00     1.94079490E+00     1.60710397E+05     3.25308771E+06     1.81228383E+05     4.36077350E-03     8.82711694E-02     4.91764030E-03
    1.07140000E+05     3.47475000E+03     2.03775422E-01     8.85116000E+00     1.94079490E+00     1.75889767E+05     3.54976228E+06     1.96272135E+05     4.63631170E-03     9.35694396E-02     5.17370600E-03
    1.07140000E+05     3.52475000E+03     2.06707654E-01     8.85116000E+00     1.94079490E+00     1.92294071E+05     3.87218589E+06     2.12289157E+05     4.92595250E-03     9.91933220E-02     5.43830100E-03
    1.07140000E+05     3.57475000E+03     2.09639885E-01     8.85116000E+00     1.94079490E+00     2.10009576E+05     4.22255106E+06     2.29328874E+05     5.23034580E-03     1.05164071E-01     5.71164480E-03
    1.07140000E+05     3.62475000E+03     2.12572116E-01     8.85116000E+00     1.94079490E+00     2.29128415E+05     4.60323540E+06     2.47444367E+05     5.55018050E-03     1.11504350E-01     5.99400210E-03
    1.07140000E+05     3.67475000E+03     2.15504348E-01     8.85116000E+00     1.94079490E+00     2.49749057E+05     5.01681599E+06     2.66693133E+05     5.88618730E-03     1.18238307E-01     6.28569360E-03
    1.07140000E+05     3.72475000E+03     2.18436580E-01     8.85116000E+00     1.94079490E+00     2.71976839E+05     5.46608466E+06     2.87138040E+05     6.23914300E-03     1.25391639E-01     6.58710940E-03
    1.07140000E+05     3.77475000E+03     2.21368811E-01     8.85116000E+00     1.94079490E+00     2.95924528E+05     5.95406371E+06     3.08848491E+05     6.60987500E-03     1.32991658E-01     6.89872490E-03
    1.07140000E+05     3.82475000E+03     2.24301042E-01     8.85116000E+00     1.94079490E+00     3.21712958E+05     6.48402200E+06     3.31901815E+05     6.99926510E-03     1.41067342E-01     7.22111860E-03
    1.07140000E+05     3.87475000E+03     2.27233274E-01     8.85116000E+00     1.94079490E+00     3.49471700E+05     7.05949118E+06     3.56384972E+05     7.40825460E-03     1.49649379E-01     7.55499340E-03
    1.07140000E+05     3.92475000E+03     2.30165505E-01     8.85116000E+00     1.94079490E+00     3.79339871E+05     7.68428245E+06     3.82396646E+05     7.83785010E-03     1.58770194E-01     7.90120200E-03
    1.07140000E+05     3.97475000E+03     2.33097737E-01     8.85116000E+00     1.94079490E+00     4.11466919E+05     8.36250178E+06     4.10049657E+05     8.28912870E-03     1.68463950E-01     8.26077510E-03
    1.07140000E+05     4.02475000E+03     2.36029968E-01     8.85116000E+00     1.94079490E+00     4.46013535E+05     9.09856478E+06     4.39473914E+05     8.76324380E-03     1.78766525E-01     8.63495440E-03
    1.07140000E+05     4.07475000E+03     2.38962199E-01     8.85116000E+00     1.94079490E+00     4.83152666E+05     9.89721006E+06     4.70819923E+05     9.26143210E-03     1.89715449E-01     9.02523080E-03
    1.07140000E+05     4.12475000E+03     2.41894431E-01     8.85116000E+00     1.94079490E+00     5.23070524E+05     1.07635091E+07     5.04262850E+05     9.78501880E-03     2.01349790E-01     9.43338720E-03
    1.07140000E+05     4.17475000E+03     2.44826662E-01     8.85116000E+00     1.94079490E+00     5.65967776E+05     1.17028739E+07     5.40007402E+05     1.03354254E-02     2.13710001E-01     9.86154840E-03
    1.07140000E+05     4.22475000E+03     2.47758894E-01     8.85116000E+00     1.94079490E+00     6.12060717E+05     1.27210583E+07     5.78293442E+05     1.09141760E-02     2.26837676E-01     1.03122359E-02
    1.07140000E+05     4.27475000E+03     2.50691125E-01     8.85116000E+00     1.94079490E+00     6.61582549E+05     1.38241537E+07     6.19402538E+05     1.15229030E-02     2.40775230E-01     1.07884302E-02
    1.07140000E+05     4.32475000E+03     2.53623357E-01     8.85116000E+00     1.94079490E+00     7.14784717E+05     1.50185770E+07     6.63665534E+05     1.21633537E-02     2.55565477E-01     1.12936397E-02
    1.07140000E+05     4.37475000E+03     2.56555588E-01     8.85116000E+00     1.94079490E+00     7.71938224E+05     1.63110460E+07     7.11471147E+05     1.28373949E-02     2.71251085E-01     1.18319768E-02
    1.07140000E+05     4.42475000E+03     2.59487819E-01     8.85116000E+00     1.94079490E+00     8.33334968E+05     1.77085432E+07     7.63275771E+05     1.35470169E-02     2.87873882E-01     1.24082391E-02
    1.07140000E+05     4.47475000E+03     2.62420051E-01     8.85116000E+00     1.94079490E+00     8.99289056E+05     1.92182635E+07     8.19614481E+05     1.42943354E-02     3.05474011E-01     1.30279993E-02
    1.07140000E+05     4.52475000E+03     2.65352282E-01     8.85116000E+00     1.94079490E+00     9.70137926E+05     2.08475409E+07     8.81113185E+05     1.50815910E-02     3.24088888E-01     1.36976962E-02
    1.07140000E+05     4.57475000E+03     2.68284513E-01     8.85116000E+00     1.94079490E+00     1.04624341E+06     2.26037545E+07     9.48502014E+05     1.59111463E-02     3.43751949E-01     1.44247315E-02
    1.07140000E+05     4.62475000E+03     2.71216745E-01     8.85116000E+00     1.94079490E+00     1.12799240E+06     2.44942052E+07     1.02262964E+06     1.67854775E-02     3.64491179E-01     1.52175638E-02
    1.07140000E+05     4.67475000E+03     2.74148976E-01     8.85116000E+00     1.94079490E+00     1.21579722E+06     2.65259630E+07     1.10447843E+06     1.77071627E-02     3.86327384E-01     1.60858004E-02
    1.07140000E+05     4.72475000E+03     2.77081208E-01     8.85116000E+00     1.94079490E+00     1.31009547E+06     2.87056817E+07     1.19518000E+06     1.86788631E-02     4.09272236E-01     1.70402793E-02
    1.07140000E+05     4.77475000E+03     2.80013439E-01     8.85116000E+00     1.94079490E+00     1.41134920E+06     3.10393740E+07     1.29603064E+06     1.97032970E-02     4.33326045E-01     1.80931343E-02
    1.07140000E+05     4.82475000E+03     2.82945671E-01     8.85116000E+00     1.94079490E+00     1.52004324E+06     3.35321508E+07     1.40850587E+06     2.07832058E-02     4.58475344E-01     1.92578388E-02
    1.07140000E+05     4.87475000E+03     2.85877902E-01     8.85116000E+00     1.94079490E+00     1.63668261E+06     3.61879218E+07     1.53427329E+06     2.19213112E-02     4.84690280E-01     2.05492142E-02
    1.07140000E+05     4.92475000E+03     2.88810134E-01     8.85116000E+00     1.94079490E+00     1.76178869E+06     3.90090605E+07     1.67520235E+06     2.31202607E-02     5.11921903E-01     2.19833958E-02
    1.07140000E+05     4.97475000E+03     2.91742365E-01     8.85116000E+00     1.94079490E+00     1.89589412E+06     4.19960425E+07     1.83337007E+06     2.43825650E-02     5.40099476E-01     2.35777435E-02
    1.07140000E+05     5.00000000E+03     2.93223140E-01     8.85116000E+00     1.94079490E+00     1.96679900E+06     4.35602480E+07     1.91964860E+06     2.50420620E-02     5.54626290E-01     2.44417250E-02
