    1.07140000E+05     5.00000000E-01     2.93223000E-05     1.22026000E+00     2.67861000E-05     0.00000000E+00     1.50000000E-09     0.00000000E+00     0.00000000E+00     1.90000000E-09     0.00000000E+00
    1.07140000E+05     1.00000000E+00     5.86446000E-05     1.22026000E+00     2.67861000E-05     0.00000000E+00     1.19000000E-08     0.00000000E+00     0.00000000E+00     3.80000000E-09     0.00000000E+00
    1.07140000E+05     1.50000000E+00     8.79669000E-05     1.22026000E+00     2.67861000E-05     0.00000000E+00     4.01000000E-08     0.00000000E+00     0.00000000E+00     5.70000000E-09     0.00000000E+00
    1.07140000E+05     2.00000000E+00     1.17289300E-04     1.22026000E+00     2.67861000E-05     0.00000000E+00     9.50000000E-08     0.00000000E+00     0.00000000E+00     7.60000000E-09     0.00000000E+00
    1.07140000E+05     2.50000000E+00     1.46611600E-04     1.22026000E+00     2.67861000E-05     0.00000000E+00     1.85500000E-07     0.00000000E+00     0.00000000E+00     9.40000000E-09     0.00000000E+00
    1.07140000E+05     3.00000000E+00     1.75933900E-04     1.22026000E+00     2.67861000E-05     0.00000000E+00     3.20600000E-07     0.00000000E+00     0.00000000E+00     1.13000000E-08     0.00000000E+00
    1.07140000E+05     3.50000000E+00     2.05256200E-04     1.22026000E+00     2.67861000E-05     0.00000000E+00     5.09000000E-07     0.00000000E+00     0.00000000E+00     1.32000000E-08     0.00000000E+00
    1.07140000E+05     4.00000000E+00     2.34578500E-04     1.22026000E+00     2.67861000E-05     0.00000000E+00     7.59800000E-07     0.00000000E+00     0.00000000E+00     1.51000000E-08     0.00000000E+00
    1.07140000E+05     4.50000000E+00     2.63900800E-04     1.22026000E+00     2.67861000E-05     0.00000000E+00     1.08190000E-06     0.00000000E+00     0.00000000E+00     1.70000000E-08     0.00000000E+00
    1.07140000E+05     5.00000000E+00     2.93223100E-04     1.22026000E+00     2.67861000E-05     0.00000000E+00     1.48410000E-06     0.00000000E+00     0.00000000E+00     1.89000000E-08     0.00000000E+00
    1.07140000E+05     5.50000000E+00     3.22545500E-04     1.22026000E+00     2.67861000E-05     0.00000000E+00     1.97530000E-06     0.00000000E+00     0.00000000E+00     2.08000000E-08     0.00000000E+00
    1.07140000E+05     6.00000000E+00     3.51867800E-04     1.22026000E+00     2.67861000E-05     0.00000000E+00     2.56440000E-06     0.00000000E+00     0.00000000E+00     2.27000000E-08     0.00000000E+00
    1.07140000E+05     6.50000000E+00     3.81190100E-04     1.22026000E+00     2.67861000E-05     0.00000000E+00     3.26050000E-06     0.00000000E+00     0.00000000E+00     2.46000000E-08     0.00000000E+00
    1.07140000E+05     7.00000000E+00     4.10512400E-04     1.22026000E+00     2.67861000E-05     0.00000000E+00     4.07230000E-06     0.00000000E+00     0.00000000E+00     2.65000000E-08     0.00000000E+00
    1.07140000E+05     7.50000000E+00     4.39834700E-04     1.22026000E+00     2.67861000E-05     0.00000000E+00     5.00870000E-06     0.00000000E+00     0.00000000E+00     2.83000000E-08     0.00000000E+00
    1.07140000E+05     8.00000000E+00     4.69157000E-04     1.22026000E+00     2.67861000E-05     0.00000000E+00     6.07870000E-06     0.00000000E+00     0.00000000E+00     3.02000000E-08     0.00000000E+00
    1.07140000E+05     8.50000000E+00     4.98479300E-04     1.22026000E+00     2.67861000E-05     0.00000000E+00     7.29120000E-06     0.00000000E+00     0.00000000E+00     3.21000000E-08     0.00000000E+00
    1.07140000E+05     9.00000000E+00     5.27801700E-04     1.22026000E+00     2.67861000E-05     0.00000000E+00     8.65500000E-06     0.00000000E+00     0.00000000E+00     3.40000000E-08     0.00000000E+00
    1.07140000E+05     9.50000000E+00     5.57124000E-04     1.22026000E+00     2.67861000E-05     0.00000000E+00     1.01791000E-05     0.00000000E+00     0.00000000E+00     3.59000000E-08     0.00000000E+00
    1.07140000E+05     1.00000000E+01     5.86446300E-04     1.22026000E+00     2.67861000E-05     0.00000000E+00     1.18725000E-05     0.00000000E+00     0.00000000E+00     3.78000000E-08     0.00000000E+00
    1.07140000E+05     1.05000000E+01     6.15768600E-04     1.22026000E+00     2.67861000E-05     0.00000000E+00     1.37439000E-05     0.00000000E+00     0.00000000E+00     3.97000000E-08     0.00000000E+00
    1.07140000E+05     1.10000000E+01     6.45090900E-04     1.22026000E+00     2.67861000E-05     0.00000000E+00     1.58022000E-05     0.00000000E+00     0.00000000E+00     4.16000000E-08     0.00000000E+00
    1.07140000E+05     1.15000000E+01     6.74413200E-04     1.22026000E+00     2.67861000E-05     0.00000000E+00     1.80565000E-05     0.00000000E+00     0.00000000E+00     4.35000000E-08     0.00000000E+00
    1.07140000E+05     1.20000000E+01     7.03735500E-04     1.22026000E+00     2.67861000E-05     0.00000000E+00     2.05156000E-05     0.00000000E+00     0.00000000E+00     4.53000000E-08     0.00000000E+00
    1.07140000E+05     1.25000000E+01     7.33057900E-04     1.22026000E+00     2.67861000E-05     0.00000000E+00     2.31884000E-05     0.00000000E+00     0.00000000E+00     4.72000000E-08     0.00000000E+00
    1.07140000E+05     1.30000000E+01     7.62380200E-04     1.22026000E+00     2.67861000E-05     0.00000000E+00     2.60838000E-05     0.00000000E+00     0.00000000E+00     4.91000000E-08     0.00000000E+00
    1.07140000E+05     1.35000000E+01     7.91702500E-04     1.22026000E+00     2.67861000E-05     0.00000000E+00     2.92107000E-05     0.00000000E+00     0.00000000E+00     5.10000000E-08     0.00000000E+00
    1.07140000E+05     1.40000000E+01     8.21024800E-04     1.22026000E+00     2.67861000E-05     0.00000000E+00     3.25780000E-05     0.00000000E+00     0.00000000E+00     5.29000000E-08     0.00000000E+00
    1.07140000E+05     1.45000000E+01     8.50347100E-04     1.22026000E+00     2.67861000E-05     0.00000000E+00     3.61947000E-05     0.00000000E+00     0.00000000E+00     5.48000000E-08     0.00000000E+00
    1.07140000E+05     1.50000000E+01     8.79669400E-04     1.22026000E+00     2.67861000E-05     0.00000000E+00     4.00696000E-05     0.00000000E+00     0.00000000E+00     5.67000000E-08     0.00000000E+00
    1.07140000E+05     1.55000000E+01     9.08991700E-04     1.22026000E+00     2.67861000E-05     0.00000000E+00     4.42116000E-05     0.00000000E+00     0.00000000E+00     5.86000000E-08     0.00000000E+00
    1.07140000E+05     1.60000000E+01     9.38314100E-04     1.22026000E+00     2.67861000E-05     0.00000000E+00     4.86296000E-05     0.00000000E+00     0.00000000E+00     6.05000000E-08     0.00000000E+00
    1.07140000E+05     1.65000000E+01     9.67636400E-04     1.22026000E+00     2.67861000E-05     0.00000000E+00     5.33326000E-05     1.00000000E-10     0.00000000E+00     6.24000000E-08     0.00000000E+00
    1.07140000E+05     1.70000000E+01     9.96958700E-04     1.22026000E+00     2.67861000E-05     0.00000000E+00     5.83294000E-05     1.00000000E-10     0.00000000E+00     6.42000000E-08     0.00000000E+00
    1.07140000E+05     1.75000000E+01     1.02628100E-03     1.22026000E+00     2.67861000E-05     1.00000000E-10     6.36290000E-05     1.00000000E-10     0.00000000E+00     6.61000000E-08     0.00000000E+00
    1.07140000E+05     1.80000000E+01     1.05560330E-03     1.22026000E+00     2.67861000E-05     1.00000000E-10     6.92402000E-05     1.00000000E-10     0.00000000E+00     6.80000000E-08     0.00000000E+00
    1.07140000E+05     1.85000000E+01     1.08492560E-03     1.22026000E+00     2.67861000E-05     1.00000000E-10     7.51720000E-05     1.00000000E-10     0.00000000E+00     6.99000000E-08     0.00000000E+00
    1.07140000E+05     1.90000000E+01     1.11424790E-03     1.22026000E+00     2.67861000E-05     1.00000000E-10     8.14333000E-05     1.00000000E-10     0.00000000E+00     7.18000000E-08     0.00000000E+00
    1.07140000E+05     1.95000000E+01     1.14357030E-03     1.22026000E+00     2.67861000E-05     1.00000000E-10     8.80329000E-05     2.00000000E-10     0.00000000E+00     7.37000000E-08     0.00000000E+00
    1.07140000E+05     2.00000000E+01     1.17289260E-03     1.22026000E+00     2.67861000E-05     1.00000000E-10     9.49798000E-05     2.00000000E-10     0.00000000E+00     7.56000000E-08     0.00000000E+00
    1.07140000E+05     2.05000000E+01     1.20221490E-03     1.22026000E+00     2.67861000E-05     1.00000000E-10     1.02282800E-04     2.00000000E-10     0.00000000E+00     7.75000000E-08     0.00000000E+00
    1.07140000E+05     2.10000000E+01     1.23153720E-03     1.22026000E+00     2.67861000E-05     2.00000000E-10     1.09951000E-04     3.00000000E-10     0.00000000E+00     7.94000000E-08     0.00000000E+00
    1.07140000E+05     2.15000000E+01     1.26085950E-03     1.22026000E+00     2.67861000E-05     2.00000000E-10     1.17993100E-04     3.00000000E-10     0.00000000E+00     8.13000000E-08     0.00000000E+00
    1.07140000E+05     2.20000000E+01     1.29018180E-03     1.22026000E+00     2.67861000E-05     2.00000000E-10     1.26418100E-04     3.00000000E-10     0.00000000E+00     8.31000000E-08     0.00000000E+00
    1.07140000E+05     2.25000000E+01     1.31950410E-03     1.22026000E+00     2.67861000E-05     3.00000000E-10     1.35234900E-04     4.00000000E-10     0.00000000E+00     8.50000000E-08     0.00000000E+00
    1.07140000E+05     2.30000000E+01     1.34882650E-03     1.22026000E+00     2.67861000E-05     3.00000000E-10     1.44452500E-04     4.00000000E-10     0.00000000E+00     8.69000000E-08     0.00000000E+00
    1.07140000E+05     2.35000000E+01     1.37814880E-03     1.22026000E+00     2.67861000E-05     3.00000000E-10     1.54079600E-04     5.00000000E-10     0.00000000E+00     8.88000000E-08     0.00000000E+00
    1.07140000E+05     2.40000000E+01     1.40747110E-03     1.22026000E+00     2.67861000E-05     4.00000000E-10     1.64125200E-04     6.00000000E-10     0.00000000E+00     9.07000000E-08     0.00000000E+00
    1.07140000E+05     2.45000000E+01     1.43679340E-03     1.22026000E+00     2.67861000E-05     4.00000000E-10     1.74598300E-04     6.00000000E-10     0.00000000E+00     9.26000000E-08     0.00000000E+00
    1.07140000E+05     2.50000000E+01     1.46611570E-03     1.22026000E+00     2.67861000E-05     5.00000000E-10     1.85507600E-04     7.00000000E-10     0.00000000E+00     9.45000000E-08     0.00000000E+00
    1.07140000E+05     2.55000000E+01     1.49543800E-03     1.22026000E+00     2.67861000E-05     5.00000000E-10     1.96862200E-04     8.00000000E-10     0.00000000E+00     9.64000000E-08     0.00000000E+00
    1.07140000E+05     2.60000000E+01     1.52476030E-03     1.22026000E+00     2.67861000E-05     6.00000000E-10     2.08670900E-04     9.00000000E-10     0.00000000E+00     9.83000000E-08     0.00000000E+00
    1.07140000E+05     2.65000000E+01     1.55408270E-03     1.22026000E+00     2.67861000E-05     7.00000000E-10     2.20942600E-04     1.00000000E-09     0.00000000E+00     1.00100000E-07     0.00000000E+00
    1.07140000E+05     2.70000000E+01     1.58340500E-03     1.22026000E+00     2.67861000E-05     8.00000000E-10     2.33686300E-04     1.10000000E-09     0.00000000E+00     1.02000000E-07     0.00000000E+00
    1.07140000E+05     2.75000000E+01     1.61272730E-03     1.22026000E+00     2.67861000E-05     8.00000000E-10     2.46910900E-04     1.30000000E-09     0.00000000E+00     1.03900000E-07     0.00000000E+00
    1.07140000E+05     2.80000000E+01     1.64204960E-03     1.22026000E+00     2.67861000E-05     9.00000000E-10     2.60625100E-04     1.40000000E-09     0.00000000E+00     1.05800000E-07     0.00000000E+00
    1.07140000E+05     2.85000000E+01     1.67137190E-03     1.22026000E+00     2.67861000E-05     1.00000000E-09     2.74838100E-04     1.60000000E-09     0.00000000E+00     1.07700000E-07     0.00000000E+00
    1.07140000E+05     2.90000000E+01     1.70069420E-03     1.22026000E+00     2.67861000E-05     1.20000000E-09     2.89558600E-04     1.70000000E-09     0.00000000E+00     1.09600000E-07     0.00000000E+00
    1.07140000E+05     2.95000000E+01     1.73001650E-03     1.22026000E+00     2.67861000E-05     1.30000000E-09     3.04795500E-04     1.90000000E-09     0.00000000E+00     1.11500000E-07     0.00000000E+00
    1.07140000E+05     3.00000000E+01     1.75933890E-03     1.22026000E+00     2.67861000E-05     1.40000000E-09     3.20557800E-04     2.10000000E-09     0.00000000E+00     1.13400000E-07     0.00000000E+00
    1.07140000E+05     3.05000000E+01     1.78866120E-03     1.22026000E+00     2.67861000E-05     1.60000000E-09     3.36854400E-04     2.40000000E-09     0.00000000E+00     1.15300000E-07     0.00000000E+00
    1.07140000E+05     3.10000000E+01     1.81798350E-03     1.22026000E+00     2.67861000E-05     1.70000000E-09     3.53694200E-04     2.60000000E-09     0.00000000E+00     1.17200000E-07     0.00000000E+00
    1.07140000E+05     3.15000000E+01     1.84730580E-03     1.22026000E+00     2.67861000E-05     1.90000000E-09     3.71086000E-04     2.90000000E-09     0.00000000E+00     1.19000000E-07     0.00000000E+00
    1.07140000E+05     3.20000000E+01     1.87662810E-03     1.22026000E+00     2.67861000E-05     2.10000000E-09     3.89038900E-04     3.10000000E-09     0.00000000E+00     1.20900000E-07     0.00000000E+00
    1.07140000E+05     3.25000000E+01     1.90595040E-03     1.22026000E+00     2.67861000E-05     2.30000000E-09     4.07561600E-04     3.40000000E-09     0.00000000E+00     1.22800000E-07     0.00000000E+00
    1.07140000E+05     3.30000000E+01     1.93527270E-03     1.22026000E+00     2.67861000E-05     2.50000000E-09     4.26663200E-04     3.80000000E-09     0.00000000E+00     1.24700000E-07     0.00000000E+00
    1.07140000E+05     3.35000000E+01     1.96459500E-03     1.22026000E+00     2.67861000E-05     2.80000000E-09     4.46352400E-04     4.10000000E-09     0.00000000E+00     1.26600000E-07     0.00000000E+00
    1.07140000E+05     3.40000000E+01     1.99391740E-03     1.22026000E+00     2.67861000E-05     3.00000000E-09     4.66638300E-04     4.50000000E-09     0.00000000E+00     1.28500000E-07     0.00000000E+00
    1.07140000E+05     3.45000000E+01     2.02323970E-03     1.22026000E+00     2.67861000E-05     3.30000000E-09     4.87529700E-04     4.90000000E-09     0.00000000E+00     1.30400000E-07     0.00000000E+00
    1.07140000E+05     3.50000000E+01     2.05256200E-03     1.22026000E+00     2.67861000E-05     3.60000000E-09     5.09035400E-04     5.40000000E-09     0.00000000E+00     1.32300000E-07     0.00000000E+00
    1.07140000E+05     3.55000000E+01     2.08188430E-03     1.22026000E+00     2.67861000E-05     3.90000000E-09     5.31164500E-04     5.80000000E-09     0.00000000E+00     1.34200000E-07     0.00000000E+00
    1.07140000E+05     3.60000000E+01     2.11120660E-03     1.22026000E+00     2.67861000E-05     4.20000000E-09     5.53925900E-04     6.40000000E-09     0.00000000E+00     1.36000000E-07     0.00000000E+00
    1.07140000E+05     3.65000000E+01     2.14052890E-03     1.22026000E+00     2.67861000E-05     4.60000000E-09     5.77328400E-04     6.90000000E-09     0.00000000E+00     1.37900000E-07     0.00000000E+00
    1.07140000E+05     3.70000000E+01     2.16985120E-03     1.22026000E+00     2.67861000E-05     5.00000000E-09     6.01380900E-04     7.50000000E-09     0.00000000E+00     1.39800000E-07     0.00000000E+00
    1.07140000E+05     3.75000000E+01     2.19917360E-03     1.22026000E+00     2.67861000E-05     5.40000000E-09     6.26092400E-04     8.10000000E-09     0.00000000E+00     1.41700000E-07     0.00000000E+00
    1.07140000E+05     3.80000000E+01     2.22849590E-03     1.22026000E+00     2.67861000E-05     5.90000000E-09     6.51471800E-04     8.80000000E-09     0.00000000E+00     1.43600000E-07     0.00000000E+00
    1.07140000E+05     3.85000000E+01     2.25781820E-03     1.22026000E+00     2.67861000E-05     6.30000000E-09     6.77527900E-04     9.50000000E-09     0.00000000E+00     1.45500000E-07     0.00000000E+00
    1.07140000E+05     3.90000000E+01     2.28714050E-03     1.22026000E+00     2.67861000E-05     6.80000000E-09     7.04269700E-04     1.03000000E-08     0.00000000E+00     1.47400000E-07     0.00000000E+00
    1.07140000E+05     3.95000000E+01     2.31646280E-03     1.22026000E+00     2.67861000E-05     7.40000000E-09     7.31706000E-04     1.11000000E-08     0.00000000E+00     1.49300000E-07     0.00000000E+00
    1.07140000E+05     4.00000000E+01     2.34578510E-03     1.22026000E+00     2.67861000E-05     8.00000000E-09     7.59845900E-04     1.20000000E-08     0.00000000E+00     1.51200000E-07     0.00000000E+00
    1.07140000E+05     4.05000000E+01     2.37510740E-03     1.22026000E+00     2.67861000E-05     8.60000000E-09     7.88698100E-04     1.29000000E-08     0.00000000E+00     1.53100000E-07     0.00000000E+00
    1.07140000E+05     4.10000000E+01     2.40442980E-03     1.22026000E+00     2.67861000E-05     9.20000000E-09     8.18271600E-04     1.39000000E-08     0.00000000E+00     1.54900000E-07     0.00000000E+00
    1.07140000E+05     4.15000000E+01     2.43375210E-03     1.22026000E+00     2.67861000E-05     9.90000000E-09     8.48575300E-04     1.49000000E-08     0.00000000E+00     1.56800000E-07     0.00000000E+00
    1.07140000E+05     4.20000000E+01     2.46307440E-03     1.22026000E+00     2.67861000E-05     1.07000000E-08     8.79618200E-04     1.60000000E-08     0.00000000E+00     1.58700000E-07     0.00000000E+00
    1.07140000E+05     4.25000000E+01     2.49239670E-03     1.22026000E+00     2.67861000E-05     1.15000000E-08     9.11409000E-04     1.72000000E-08     0.00000000E+00     1.60600000E-07     0.00000000E+00
    1.07140000E+05     4.30000000E+01     2.52171900E-03     1.22026000E+00     2.67861000E-05     1.23000000E-08     9.43956700E-04     1.85000000E-08     0.00000000E+00     1.62500000E-07     0.00000000E+00
    1.07140000E+05     4.35000000E+01     2.55104130E-03     1.22026000E+00     2.67861000E-05     1.32000000E-08     9.77270400E-04     1.98000000E-08     0.00000000E+00     1.64400000E-07     0.00000000E+00
    1.07140000E+05     4.40000000E+01     2.58036360E-03     1.22026000E+00     2.67861000E-05     1.41000000E-08     1.01135860E-03     2.12000000E-08     0.00000000E+00     1.66300000E-07     0.00000000E+00
    1.07140000E+05     4.45000000E+01     2.60968600E-03     1.22026000E+00     2.67861000E-05     1.51000000E-08     1.04623060E-03     2.27000000E-08     0.00000000E+00     1.68200000E-07     0.00000000E+00
    1.07140000E+05     4.50000000E+01     2.63900830E-03     1.22026000E+00     2.67861000E-05     1.62000000E-08     1.08189510E-03     2.42000000E-08     0.00000000E+00     1.70100000E-07     0.00000000E+00
    1.07140000E+05     4.55000000E+01     2.66833060E-03     1.22026000E+00     2.67861000E-05     1.73000000E-08     1.11836110E-03     2.59000000E-08     0.00000000E+00     1.72000000E-07     0.00000000E+00
    1.07140000E+05     4.60000000E+01     2.69765290E-03     1.22026000E+00     2.67861000E-05     1.84000000E-08     1.15563740E-03     2.77000000E-08     0.00000000E+00     1.73800000E-07     0.00000000E+00
    1.07140000E+05     4.65000000E+01     2.72697520E-03     1.22026000E+00     2.67861000E-05     1.97000000E-08     1.19373300E-03     2.95000000E-08     0.00000000E+00     1.75700000E-07     0.00000000E+00
    1.07140000E+05     4.70000000E+01     2.75629750E-03     1.22026000E+00     2.67861000E-05     2.10000000E-08     1.23265680E-03     3.15000000E-08     0.00000000E+00     1.77600000E-07     0.00000000E+00
    1.07140000E+05     4.75000000E+01     2.78561980E-03     1.22026000E+00     2.67861000E-05     2.24000000E-08     1.27241770E-03     3.35000000E-08     0.00000000E+00     1.79500000E-07     0.00000000E+00
    1.07140000E+05     4.80000000E+01     2.81494220E-03     1.22026000E+00     2.67861000E-05     2.38000000E-08     1.31302450E-03     3.57000000E-08     0.00000000E+00     1.81400000E-07     0.00000000E+00
    1.07140000E+05     4.85000000E+01     2.84426450E-03     1.22026000E+00     2.67861000E-05     2.53000000E-08     1.35448620E-03     3.80000000E-08     0.00000000E+00     1.83300000E-07     0.00000000E+00
    1.07140000E+05     4.90000000E+01     2.87358680E-03     1.22026000E+00     2.67861000E-05     2.69000000E-08     1.39681170E-03     4.04000000E-08     0.00000000E+00     1.85200000E-07     0.00000000E+00
    1.07140000E+05     4.95000000E+01     2.90290910E-03     1.22026000E+00     2.67861000E-05     2.86000000E-08     1.44001010E-03     4.30000000E-08     0.00000000E+00     1.87100000E-07     0.00000000E+00
    1.07140000E+05     5.10000000E+01     2.99087600E-03     1.22026000E+00     2.67861000E-05     3.44000000E-08     1.57583860E-03     5.15000000E-08     0.00000000E+00     1.92700000E-07     0.00000000E+00
    1.07140000E+05     5.35000000E+01     3.13748760E-03     1.22026000E+00     2.67861000E-05     4.58000000E-08     1.81903590E-03     6.87000000E-08     0.00000000E+00     2.02200000E-07     0.00000000E+00
    1.07140000E+05     5.60000000E+01     3.28409920E-03     1.22026000E+00     2.67861000E-05     6.02000000E-08     2.08605550E-03     9.03000000E-08     0.00000000E+00     2.11600000E-07     0.00000000E+00
    1.07140000E+05     5.85000000E+01     3.43071080E-03     1.22026000E+00     2.67861000E-05     7.82000000E-08     2.37801100E-03     1.17300000E-07     0.00000000E+00     2.21100000E-07     0.00000000E+00
    1.07140000E+05     6.10000000E+01     3.57732230E-03     1.22026000E+00     2.67861000E-05     1.00500000E-07     2.69601630E-03     1.50700000E-07     0.00000000E+00     2.30500000E-07     0.00000000E+00
    1.07140000E+05     6.35000000E+01     3.72393390E-03     1.22026000E+00     2.67861000E-05     1.27900000E-07     3.04118510E-03     1.91800000E-07     0.00000000E+00     2.40000000E-07     0.00000000E+00
    1.07140000E+05     6.60000000E+01     3.87054550E-03     1.22026000E+00     2.67861000E-05     1.61200000E-07     3.41463150E-03     2.41800000E-07     0.00000000E+00     2.49400000E-07     0.00000000E+00
    1.07140000E+05     6.85000000E+01     4.01715700E-03     1.22026000E+00     2.67861000E-05     2.01400000E-07     3.81746960E-03     3.02200000E-07     0.00000000E+00     2.58900000E-07     0.00000000E+00
    1.07140000E+05     7.10000000E+01     4.16376860E-03     1.22026000E+00     2.67861000E-05     2.49700000E-07     4.25081350E-03     3.74600000E-07     0.00000000E+00     2.68300000E-07     0.00000000E+00
    1.07140000E+05     7.35000000E+01     4.31038020E-03     1.22026000E+00     2.67861000E-05     3.07300000E-07     4.71577750E-03     4.61000000E-07     0.00000000E+00     2.77800000E-07     0.00000000E+00
    1.07140000E+05     7.60000000E+01     4.45699180E-03     1.22026000E+00     2.67861000E-05     3.75600000E-07     5.21347630E-03     5.63400000E-07     0.00000000E+00     2.87200000E-07     0.00000000E+00
    1.07140000E+05     7.85000000E+01     4.60360330E-03     1.22026000E+00     2.67861000E-05     4.56100000E-07     5.74502420E-03     6.84100000E-07     0.00000000E+00     2.96700000E-07     0.00000000E+00
    1.07140000E+05     8.10000000E+01     4.75021490E-03     1.22026000E+00     2.67861000E-05     5.50400000E-07     6.31153610E-03     8.25600000E-07     0.00000000E+00     3.06100000E-07     0.00000000E+00
    1.07140000E+05     8.35000000E+01     4.89682650E-03     1.22026000E+00     2.67861000E-05     6.60500000E-07     6.91412710E-03     9.90800000E-07     0.00000000E+00     3.15600000E-07     0.00000000E+00
    1.07140000E+05     8.60000000E+01     5.04343800E-03     1.22026000E+00     2.67861000E-05     7.88400000E-07     7.55391210E-03     1.18250000E-06     0.00000000E+00     3.25000000E-07     1.00000000E-10
    1.07140000E+05     8.85000000E+01     5.19004960E-03     1.22026000E+00     2.67861000E-05     9.36200000E-07     8.23200670E-03     1.40430000E-06     0.00000000E+00     3.34500000E-07     1.00000000E-10
    1.07140000E+05     9.10000000E+01     5.33666120E-03     1.22026000E+00     2.67861000E-05     1.10650000E-06     8.94952630E-03     1.65970000E-06     0.00000000E+00     3.43900000E-07     1.00000000E-10
    1.07140000E+05     9.35000000E+01     5.48327280E-03     1.22026000E+00     2.67861000E-05     1.30180000E-06     9.70758650E-03     1.95270000E-06     0.00000000E+00     3.53400000E-07     1.00000000E-10
    1.07140000E+05     9.60000000E+01     5.62988430E-03     1.22026000E+00     2.67861000E-05     1.52500000E-06     1.05073040E-02     2.28750000E-06     1.00000000E-10     3.62900000E-07     1.00000000E-10
    1.07140000E+05     9.85000000E+01     5.77649590E-03     1.22026000E+00     2.67861000E-05     1.77930000E-06     1.13497932E-02     2.66890000E-06     1.00000000E-10     3.72300000E-07     1.00000000E-10
    1.07140000E+05     1.01000000E+02     5.92310750E-03     1.22026000E+00     2.67861000E-05     2.06800000E-06     1.22361734E-02     3.10190000E-06     1.00000000E-10     3.81800000E-07     1.00000000E-10
    1.07140000E+05     1.03500000E+02     6.06971900E-03     1.22026000E+00     2.67861000E-05     2.39470000E-06     1.31675594E-02     3.59190000E-06     1.00000000E-10     3.91200000E-07     1.00000000E-10
    1.07140000E+05     1.06000000E+02     6.21633060E-03     1.22026000E+00     2.67861000E-05     2.76330000E-06     1.41450684E-02     4.14480000E-06     1.00000000E-10     4.00700000E-07     1.00000000E-10
    1.07140000E+05     1.08500000E+02     6.36294220E-03     1.22026000E+00     2.67861000E-05     3.17800000E-06     1.51698180E-02     4.76690000E-06     1.00000000E-10     4.10100000E-07     1.00000000E-10
    1.07140000E+05     1.11000000E+02     6.50955370E-03     1.22026000E+00     2.67861000E-05     3.64330000E-06     1.62429266E-02     5.46490000E-06     1.00000000E-10     4.19600000E-07     1.00000000E-10
    1.07140000E+05     1.13500000E+02     6.65616530E-03     1.22026000E+00     2.67861000E-05     4.16410000E-06     1.73655108E-02     6.24610000E-06     1.00000000E-10     4.29000000E-07     2.00000000E-10
    1.07140000E+05     1.16000000E+02     6.80277690E-03     1.22026000E+00     2.67861000E-05     4.74550000E-06     1.85386904E-02     7.11820000E-06     1.00000000E-10     4.38500000E-07     2.00000000E-10
    1.07140000E+05     1.18500000E+02     6.94938850E-03     1.22026000E+00     2.67861000E-05     5.39310000E-06     1.97635824E-02     8.08950000E-06     1.00000000E-10     4.48000000E-07     2.00000000E-10
    1.07140000E+05     1.21000000E+02     7.09600000E-03     1.22026000E+00     2.67861000E-05     6.11270000E-06     2.10413072E-02     9.16880000E-06     1.00000000E-10     4.57400000E-07     2.00000000E-10
    1.07140000E+05     1.23500000E+02     7.24261160E-03     1.22026000E+00     2.67861000E-05     6.91050000E-06     2.23729838E-02     1.03656000E-05     1.00000000E-10     4.66900000E-07     2.00000000E-10
    1.07140000E+05     1.26000000E+02     7.38922320E-03     1.22026000E+00     2.67861000E-05     7.79340000E-06     2.37597314E-02     1.16898000E-05     2.00000000E-10     4.76300000E-07     2.00000000E-10
    1.07140000E+05     1.28500000E+02     7.53583470E-03     1.22026000E+00     2.67861000E-05     8.76820000E-06     2.52026720E-02     1.31520000E-05     2.00000000E-10     4.85800000E-07     3.00000000E-10
    1.07140000E+05     1.31000000E+02     7.68244630E-03     1.22026000E+00     2.67861000E-05     9.84270000E-06     2.67029248E-02     1.47636000E-05     2.00000000E-10     4.95300000E-07     3.00000000E-10
    1.07140000E+05     1.33500000E+02     7.82905790E-03     1.22026000E+00     2.67861000E-05     1.10247000E-05     2.82616120E-02     1.65366000E-05     2.00000000E-10     5.04700000E-07     3.00000000E-10
    1.07140000E+05     1.36000000E+02     7.97566950E-03     1.22026000E+00     2.67861000E-05     1.23227000E-05     2.98798544E-02     1.84835000E-05     2.00000000E-10     5.14200000E-07     3.00000000E-10
    1.07140000E+05     1.38500000E+02     8.12228100E-03     1.22026000E+00     2.67861000E-05     1.37456000E-05     3.15587740E-02     2.06178000E-05     2.00000000E-10     5.23600000E-07     3.00000000E-10
    1.07140000E+05     1.41000000E+02     8.26889260E-03     1.22026000E+00     2.67861000E-05     1.53029000E-05     3.32994944E-02     2.29537000E-05     2.00000000E-10     5.33100000E-07     4.00000000E-10
    1.07140000E+05     1.43500000E+02     8.41550420E-03     1.22026000E+00     2.67861000E-05     1.70045000E-05     3.51031388E-02     2.55060000E-05     3.00000000E-10     5.42600000E-07     4.00000000E-10
    1.07140000E+05     1.46000000E+02     8.56211570E-03     1.22026000E+00     2.67861000E-05     1.88610000E-05     3.69708300E-02     2.82906000E-05     3.00000000E-10     5.52000000E-07     4.00000000E-10
    1.07140000E+05     1.48500000E+02     8.70872730E-03     1.22026000E+00     2.67861000E-05     2.08834000E-05     3.89036928E-02     3.13240000E-05     3.00000000E-10     5.61500000E-07     5.00000000E-10
    1.07140000E+05     1.51000000E+02     8.85533890E-03     1.22026000E+00     2.67861000E-05     2.30833000E-05     4.09028528E-02     3.46238000E-05     3.00000000E-10     5.71000000E-07     5.00000000E-10
    1.07140000E+05     1.53500000E+02     9.00195050E-03     1.22026000E+00     2.67861000E-05     2.54731000E-05     4.29694338E-02     3.82084000E-05     3.00000000E-10     5.80500000E-07     5.00000000E-10
    1.07140000E+05     1.56000000E+02     9.14856200E-03     1.22026000E+00     2.67861000E-05     2.80656000E-05     4.51045632E-02     4.20970000E-05     4.00000000E-10     5.89900000E-07     6.00000000E-10
    1.07140000E+05     1.58500000E+02     9.29517360E-03     1.22026000E+00     2.67861000E-05     3.08744000E-05     4.73093686E-02     4.63099000E-05     4.00000000E-10     5.99400000E-07     6.00000000E-10
    1.07140000E+05     1.61000000E+02     9.44178520E-03     1.22026000E+00     2.67861000E-05     3.39136000E-05     4.95849752E-02     5.08685000E-05     4.00000000E-10     6.08900000E-07     6.00000000E-10
    1.07140000E+05     1.63500000E+02     9.58839670E-03     1.22026000E+00     2.67861000E-05     3.71982000E-05     5.19325134E-02     5.57950000E-05     4.00000000E-10     6.18300000E-07     7.00000000E-10
    1.07140000E+05     1.66000000E+02     9.73500830E-03     1.22026000E+00     2.67861000E-05     4.07436000E-05     5.43531112E-02     6.11129000E-05     5.00000000E-10     6.27800000E-07     7.00000000E-10
    1.07140000E+05     1.68500000E+02     9.88161990E-03     1.22026000E+00     2.67861000E-05     4.45663000E-05     5.68478974E-02     6.68467000E-05     5.00000000E-10     6.37300000E-07     7.00000000E-10
    1.07140000E+05     1.71000000E+02     1.00282314E-02     1.22026000E+00     2.67861000E-05     4.86833000E-05     5.94180034E-02     7.30219000E-05     5.00000000E-10     6.46800000E-07     8.00000000E-10
    1.07140000E+05     1.73500000E+02     1.01748430E-02     1.22026000E+00     2.67861000E-05     5.31126000E-05     6.20645602E-02     7.96653000E-05     6.00000000E-10     6.56300000E-07     8.00000000E-10
    1.07140000E+05     1.76000000E+02     1.03214546E-02     1.22026000E+00     2.67861000E-05     5.78726000E-05     6.47887006E-02     8.68050000E-05     6.00000000E-10     6.65700000E-07     9.00000000E-10
    1.07140000E+05     1.78500000E+02     1.04680662E-02     1.22026000E+00     2.67861000E-05     6.29830000E-05     6.75915556E-02     9.44701000E-05     6.00000000E-10     6.75200000E-07     9.00000000E-10
    1.07140000E+05     1.81000000E+02     1.06146776E-02     1.22026000E+00     2.67861000E-05     6.84640000E-05     7.04742604E-02     1.02691100E-04     7.00000000E-10     6.84700000E-07     1.00000000E-09
    1.07140000E+05     1.83500000E+02     1.07612894E-02     1.22026000E+00     2.67861000E-05     7.43369000E-05     7.34379488E-02     1.11499800E-04     7.00000000E-10     6.94200000E-07     1.10000000E-09
    1.07140000E+05     1.86000000E+02     1.09079010E-02     1.22026000E+00     2.67861000E-05     8.06237000E-05     7.64837546E-02     1.20929400E-04     7.00000000E-10     7.03700000E-07     1.10000000E-09
    1.07140000E+05     1.88500000E+02     1.10545124E-02     1.22026000E+00     2.67861000E-05     8.73475000E-05     7.96128188E-02     1.31014400E-04     8.00000000E-10     7.13200000E-07     1.20000000E-09
    1.07140000E+05     1.91000000E+02     1.12011240E-02     1.22026000E+00     2.67861000E-05     9.45322000E-05     8.28262754E-02     1.41790800E-04     8.00000000E-10     7.22700000E-07     1.20000000E-09
    1.07140000E+05     1.93500000E+02     1.13477356E-02     1.22026000E+00     2.67861000E-05     1.02202900E-04     8.61252608E-02     1.53295800E-04     9.00000000E-10     7.32200000E-07     1.30000000E-09
    1.07140000E+05     1.96000000E+02     1.14943472E-02     1.22026000E+00     2.67861000E-05     1.10385300E-04     8.95109204E-02     1.65568600E-04     9.00000000E-10     7.41600000E-07     1.40000000E-09
    1.07140000E+05     1.98500000E+02     1.16409586E-02     1.22026000E+00     2.67861000E-05     1.19106500E-04     9.29843892E-02     1.78649400E-04     1.00000000E-09     7.51100000E-07     1.40000000E-09
    1.07140000E+05     2.01000000E+02     1.17875704E-02     1.22026000E+00     2.67861000E-05     1.28394500E-04     9.65468104E-02     1.92580300E-04     1.00000000E-09     7.60600000E-07     1.50000000E-09
    1.07140000E+05     2.03500000E+02     1.19341818E-02     1.22026000E+00     2.67861000E-05     1.38278400E-04     1.00199329E-01     2.07405000E-04     1.10000000E-09     7.70100000E-07     1.60000000E-09
    1.07140000E+05     2.06000000E+02     1.20807934E-02     1.22026000E+00     2.67861000E-05     1.48788400E-04     1.03943088E-01     2.23168600E-04     1.10000000E-09     7.79600000E-07     1.70000000E-09
    1.07140000E+05     2.08500000E+02     1.22274050E-02     1.22026000E+00     2.67861000E-05     1.59955800E-04     1.07779222E-01     2.39918300E-04     1.20000000E-09     7.89100000E-07     1.80000000E-09
    1.07140000E+05     2.11000000E+02     1.23740166E-02     1.22026000E+00     2.67861000E-05     1.71813100E-04     1.11708890E-01     2.57702800E-04     1.20000000E-09     7.98700000E-07     1.80000000E-09
    1.07140000E+05     2.13500000E+02     1.25206282E-02     1.22026000E+00     2.67861000E-05     1.84394000E-04     1.15733232E-01     2.76572500E-04     1.30000000E-09     8.08200000E-07     1.90000000E-09
    1.07140000E+05     2.16000000E+02     1.26672396E-02     1.22026000E+00     2.67861000E-05     1.97733400E-04     1.19853404E-01     2.96579800E-04     1.30000000E-09     8.17700000E-07     2.00000000E-09
    1.07140000E+05     2.18500000E+02     1.28138514E-02     1.22026000E+00     2.67861000E-05     2.11867500E-04     1.24070550E-01     3.17779000E-04     1.40000000E-09     8.27200000E-07     2.10000000E-09
    1.07140000E+05     2.21000000E+02     1.29604628E-02     1.22026000E+00     2.67861000E-05     2.26833700E-04     1.28385822E-01     3.40226100E-04     1.50000000E-09     8.36700000E-07     2.20000000E-09
    1.07140000E+05     2.23500000E+02     1.31070744E-02     1.22026000E+00     2.67861000E-05     2.42670700E-04     1.32800366E-01     3.63979300E-04     1.50000000E-09     8.46200000E-07     2.30000000E-09
    1.07140000E+05     2.26000000E+02     1.32536860E-02     1.22026000E+00     2.67861000E-05     2.59418500E-04     1.37315344E-01     3.89098600E-04     1.60000000E-09     8.55700000E-07     2.40000000E-09
    1.07140000E+05     2.28500000E+02     1.34002976E-02     1.22026000E+00     2.67861000E-05     2.77118800E-04     1.41931914E-01     4.15646300E-04     1.70000000E-09     8.65300000E-07     2.50000000E-09
    1.07140000E+05     2.31000000E+02     1.35469092E-02     1.22026000E+00     2.67861000E-05     2.95814200E-04     1.46651220E-01     4.43686500E-04     1.80000000E-09     8.74800000E-07     2.60000000E-09
    1.07140000E+05     2.33500000E+02     1.36935206E-02     1.22026000E+00     2.67861000E-05     3.15549000E-04     1.51474430E-01     4.73285600E-04     1.80000000E-09     8.84300000E-07     2.80000000E-09
    1.07140000E+05     2.36000000E+02     1.38401324E-02     1.22026000E+00     2.67861000E-05     3.36368900E-04     1.56402690E-01     5.04512100E-04     1.90000000E-09     8.93800000E-07     2.90000000E-09
    1.07140000E+05     2.38500000E+02     1.39867438E-02     1.22026000E+00     2.67861000E-05     3.58321300E-04     1.61437186E-01     5.37437100E-04     2.00000000E-09     9.03400000E-07     3.00000000E-09
    1.07140000E+05     2.41000000E+02     1.41333554E-02     1.22026000E+00     2.67861000E-05     3.81454800E-04     1.66579056E-01     5.72133400E-04     2.10000000E-09     9.12900000E-07     3.10000000E-09
    1.07140000E+05     2.43500000E+02     1.42799670E-02     1.22026000E+00     2.67861000E-05     4.05819800E-04     1.71829474E-01     6.08676600E-04     2.20000000E-09     9.22400000E-07     3.30000000E-09
    1.07140000E+05     2.46000000E+02     1.44265786E-02     1.22026000E+00     2.67861000E-05     4.31468000E-04     1.77189612E-01     6.47144500E-04     2.30000000E-09     9.32000000E-07     3.40000000E-09
    1.07140000E+05     2.48500000E+02     1.45731902E-02     1.22026000E+00     2.67861000E-05     4.58453100E-04     1.82660616E-01     6.87617300E-04     2.40000000E-09     9.41500000E-07     3.50000000E-09
    1.07140000E+05     2.52250000E+02     1.47931075E-02     1.22026000E+00     2.67861000E-05     5.01743200E-04     1.91091816E-01     7.52544400E-04     2.50000000E-09     9.55800000E-07     3.80000000E-09
    1.07140000E+05     2.57250000E+02     1.50863306E-02     1.22026000E+00     2.67861000E-05     5.64440200E-04     2.02713739E-01     8.46578000E-04     2.70000000E-09     9.74900000E-07     4.10000000E-09
    1.07140000E+05     2.62250000E+02     1.53795538E-02     1.22026000E+00     2.67861000E-05     6.33534600E-04     2.14800281E-01     9.50205800E-04     2.90000000E-09     9.94100000E-07     4.40000000E-09
    1.07140000E+05     2.67250000E+02     1.56727769E-02     1.22026000E+00     2.67861000E-05     7.09538000E-04     2.27360857E-01     1.06419530E-03     3.20000000E-09     1.01320000E-06     4.70000000E-09
    1.07140000E+05     2.72250000E+02     1.59660001E-02     1.22026000E+00     2.67861000E-05     7.92992600E-04     2.40404914E-01     1.18935940E-03     3.40000000E-09     1.03230000E-06     5.10000000E-09
    1.07140000E+05     2.77250000E+02     1.62592232E-02     1.22026000E+00     2.67861000E-05     8.84471700E-04     2.53941948E-01     1.32655770E-03     3.70000000E-09     1.05150000E-06     5.50000000E-09
    1.07140000E+05     2.82250000E+02     1.65524464E-02     1.22026000E+00     2.67861000E-05     9.84581000E-04     2.67981464E-01     1.47669870E-03     3.90000000E-09     1.07070000E-06     5.90000000E-09
    1.07140000E+05     2.87250000E+02     1.68456695E-02     1.22026000E+00     2.67861000E-05     1.09395990E-03     2.82533016E-01     1.64074090E-03     4.20000000E-09     1.08980000E-06     6.30000000E-09
    1.07140000E+05     2.92250000E+02     1.71388926E-02     1.22026000E+00     2.67861000E-05     1.21328270E-03     2.97606190E-01     1.81969570E-03     4.50000000E-09     1.10910000E-06     6.80000000E-09
    1.07140000E+05     2.97250000E+02     1.74321158E-02     1.22026000E+00     2.67861000E-05     1.34325990E-03     3.13210607E-01     2.01462830E-03     4.80000000E-09     1.12830000E-06     7.30000000E-09
    1.07140000E+05     3.02250000E+02     1.77253389E-02     1.22026000E+00     2.67861000E-05     1.48463940E-03     3.29355929E-01     2.22666010E-03     5.20000000E-09     1.14750000E-06     7.80000000E-09
    1.07140000E+05     3.07250000E+02     1.80185621E-02     1.22026000E+00     2.67861000E-05     1.63820750E-03     3.46051845E-01     2.45697040E-03     5.50000000E-09     1.16680000E-06     8.30000000E-09
    1.07140000E+05     3.12250000E+02     1.83117852E-02     1.22026000E+00     2.67861000E-05     1.80479100E-03     3.63308101E-01     2.70679870E-03     5.90000000E-09     1.18600000E-06     8.80000000E-09
    1.07140000E+05     3.17250000E+02     1.86050084E-02     1.22026000E+00     2.67861000E-05     1.98525770E-03     3.81134473E-01     2.97744620E-03     6.30000000E-09     1.20530000E-06     9.40000000E-09
    1.07140000E+05     3.22250000E+02     1.88982315E-02     1.22026000E+00     2.67861000E-05     2.18051820E-03     3.99540785E-01     3.27027820E-03     6.70000000E-09     1.22460000E-06     1.00000000E-08
    1.07140000E+05     3.27250000E+02     1.91914546E-02     1.22026000E+00     2.67861000E-05     2.39152710E-03     4.18536904E-01     3.58672620E-03     7.10000000E-09     1.24390000E-06     1.07000000E-08
    1.07140000E+05     3.32250000E+02     1.94846778E-02     1.22026000E+00     2.67861000E-05     2.61928470E-03     4.38132741E-01     3.92828970E-03     7.60000000E-09     1.26330000E-06     1.13000000E-08
    1.07140000E+05     3.37250000E+02     1.97779008E-02     1.22026000E+00     2.67861000E-05     2.86483790E-03     4.58338259E-01     4.29653870E-03     8.00000000E-09     1.28270000E-06     1.20000000E-08
    1.07140000E+05     3.42250000E+02     2.00711241E-02     1.22026000E+00     2.67861000E-05     3.12928220E-03     4.79163467E-01     4.69311550E-03     8.50000000E-09     1.30200000E-06     1.28000000E-08
    1.07140000E+05     3.47250000E+02     2.03643472E-02     1.22026000E+00     2.67861000E-05     3.41376280E-03     5.00618419E-01     5.11973690E-03     9.00000000E-09     1.32140000E-06     1.35000000E-08
    1.07140000E+05     3.52250000E+02     2.06575703E-02     1.22026000E+00     2.67861000E-05     3.71947590E-03     5.22713222E-01     5.57819680E-03     9.50000000E-09     1.34090000E-06     1.43000000E-08
    1.07140000E+05     3.57250000E+02     2.09507935E-02     1.22026000E+00     2.67861000E-05     4.04767120E-03     5.45458051E-01     6.07036830E-03     1.01000000E-08     1.36030000E-06     1.51000000E-08
    1.07140000E+05     3.62250000E+02     2.12440166E-02     1.22026000E+00     2.67861000E-05     4.39965210E-03     5.68863110E-01     6.59820570E-03     1.07000000E-08     1.37980000E-06     1.60000000E-08
    1.07140000E+05     3.67250000E+02     2.15372398E-02     1.22026000E+00     2.67861000E-05     4.77677820E-03     5.92938687E-01     7.16374740E-03     1.13000000E-08     1.39930000E-06     1.69000000E-08
    1.07140000E+05     3.72250000E+02     2.18304628E-02     1.22026000E+00     2.67861000E-05     5.18046640E-03     6.17695104E-01     7.76911740E-03     1.19000000E-08     1.41880000E-06     1.78000000E-08
    1.07140000E+05     3.77250000E+02     2.21236861E-02     1.22026000E+00     2.67861000E-05     5.61219270E-03     6.43142756E-01     8.41652880E-03     1.26000000E-08     1.43840000E-06     1.88000000E-08
    1.07140000E+05     3.82250000E+02     2.24169092E-02     1.22026000E+00     2.67861000E-05     6.07349390E-03     6.69292093E-01     9.10828510E-03     1.32000000E-08     1.45800000E-06     1.98000000E-08
    1.07140000E+05     3.87250000E+02     2.27101323E-02     1.22026000E+00     2.67861000E-05     6.56596880E-03     6.96153625E-01     9.84678320E-03     1.39000000E-08     1.47760000E-06     2.09000000E-08
    1.07140000E+05     3.92250000E+02     2.30033555E-02     1.22026000E+00     2.67861000E-05     7.09128070E-03     7.23737939E-01     1.06345168E-02     1.47000000E-08     1.49720000E-06     2.20000000E-08
    1.07140000E+05     3.97250000E+02     2.32965786E-02     1.22026000E+00     2.67861000E-05     7.65115830E-03     7.52055687E-01     1.14740765E-02     1.54000000E-08     1.51690000E-06     2.31000000E-08
    1.07140000E+05     4.02250000E+02     2.35898018E-02     1.22026000E+00     2.67861000E-05     8.24739720E-03     7.81117557E-01     1.23681550E-02     1.62000000E-08     1.53660000E-06     2.43000000E-08
    1.07140000E+05     4.07250000E+02     2.38830248E-02     1.22026000E+00     2.67861000E-05     8.88186310E-03     8.10934365E-01     1.33195484E-02     1.70000000E-08     1.55630000E-06     2.56000000E-08
    1.07140000E+05     4.12250000E+02     2.41762481E-02     1.22026000E+00     2.67861000E-05     9.55649110E-03     8.41516917E-01     1.43311575E-02     1.79000000E-08     1.57610000E-06     2.68000000E-08
    1.07140000E+05     4.17250000E+02     2.44694712E-02     1.22026000E+00     2.67861000E-05     1.02732910E-02     8.72876194E-01     1.54059948E-02     1.88000000E-08     1.59590000E-06     2.82000000E-08
    1.07140000E+05     4.22250000E+02     2.47626943E-02     1.22026000E+00     2.67861000E-05     1.10343443E-02     9.05023140E-01     1.65471809E-02     1.97000000E-08     1.61570000E-06     2.95000000E-08
    1.07140000E+05     4.27250000E+02     2.50559175E-02     1.22026000E+00     2.67861000E-05     1.18418116E-02     9.37968880E-01     1.77579536E-02     2.06000000E-08     1.63550000E-06     3.10000000E-08
    1.07140000E+05     4.32250000E+02     2.53491406E-02     1.22026000E+00     2.67861000E-05     1.26979297E-02     9.71724563E-01     1.90416664E-02     2.16000000E-08     1.65540000E-06     3.24000000E-08
    1.07140000E+05     4.37250000E+02     2.56423638E-02     1.22026000E+00     2.67861000E-05     1.36050149E-02     1.00630138E+00     2.04017905E-02     2.26000000E-08     1.67530000E-06     3.40000000E-08
    1.07140000E+05     4.42250000E+02     2.59355868E-02     1.22026000E+00     2.67861000E-05     1.45654679E-02     1.04171071E+00     2.18419240E-02     2.37000000E-08     1.69530000E-06     3.55000000E-08
    1.07140000E+05     4.47250000E+02     2.62288101E-02     1.22026000E+00     2.67861000E-05     1.55817697E-02     1.07796390E+00     2.33657860E-02     2.48000000E-08     1.71530000E-06     3.72000000E-08
    1.07140000E+05     4.52250000E+02     2.65220332E-02     1.22026000E+00     2.67861000E-05     1.66564899E-02     1.11507249E+00     2.49772276E-02     2.59000000E-08     1.73530000E-06     3.89000000E-08
    1.07140000E+05     4.57250000E+02     2.68152563E-02     1.22026000E+00     2.67861000E-05     1.77922835E-02     1.15304801E+00     2.66802277E-02     2.71000000E-08     1.75540000E-06     4.06000000E-08
    1.07140000E+05     4.62250000E+02     2.71084795E-02     1.22026000E+00     2.67861000E-05     1.89918966E-02     1.19190217E+00     2.84789027E-02     2.83000000E-08     1.77550000E-06     4.24000000E-08
    1.07140000E+05     4.67250000E+02     2.74017025E-02     1.22026000E+00     2.67861000E-05     2.02581653E-02     1.23164668E+00     3.03775017E-02     2.95000000E-08     1.79570000E-06     4.43000000E-08
    1.07140000E+05     4.72250000E+02     2.76949258E-02     1.22026000E+00     2.67861000E-05     2.15940222E-02     1.27229346E+00     3.23804207E-02     3.08000000E-08     1.81590000E-06     4.62000000E-08
    1.07140000E+05     4.77250000E+02     2.79881488E-02     1.22026000E+00     2.67861000E-05     2.30024897E-02     1.31385436E+00     3.44921895E-02     3.21000000E-08     1.83610000E-06     4.82000000E-08
    1.07140000E+05     4.82250000E+02     2.82813720E-02     1.22026000E+00     2.67861000E-05     2.44866953E-02     1.35634150E+00     3.67174939E-02     3.35000000E-08     1.85640000E-06     5.03000000E-08
    1.07140000E+05     4.87250000E+02     2.85745952E-02     1.22026000E+00     2.67861000E-05     2.60498605E-02     1.39976704E+00     3.90611628E-02     3.49000000E-08     1.87670000E-06     5.24000000E-08
    1.07140000E+05     4.92250000E+02     2.88678183E-02     1.22026000E+00     2.67861000E-05     2.76953088E-02     1.44414313E+00     4.15281749E-02     3.64000000E-08     1.89700000E-06     5.45000000E-08
    1.07140000E+05     4.97250000E+02     2.91610415E-02     1.22026000E+00     2.67861000E-05     2.94264732E-02     1.48948222E+00     4.41236766E-02     3.79000000E-08     1.91750000E-06     5.68000000E-08
    1.07140000E+05     5.12250000E+02     3.00407109E-02     1.22026000E+00     2.67861000E-05     3.52706802E-02     1.63241586E+00     5.28855760E-02     4.27000000E-08     1.97900000E-06     6.40000000E-08
    1.07140000E+05     5.37250000E+02     3.15068266E-02     1.22026000E+00     2.67861000E-05     4.69306370E-02     1.88945922E+00     7.03660399E-02     5.17000000E-08     2.08250000E-06     7.75000000E-08
    1.07140000E+05     5.62250000E+02     3.29729423E-02     1.22026000E+00     2.67861000E-05     6.16404074E-02     2.17349180E+00     9.24175861E-02     6.20000000E-08     2.18740000E-06     9.29000000E-08
    1.07140000E+05     5.87250000E+02     3.44390580E-02     1.22026000E+00     2.67861000E-05     8.00073855E-02     2.48623698E+00     1.19950169E-01     7.37000000E-08     2.29370000E-06     1.10600000E-07
    1.07140000E+05     6.12250000E+02     3.59051737E-02     1.22026000E+00     2.67861000E-05     1.02725500E-01     2.82950493E+00     1.54003258E-01     8.71000000E-08     2.40160000E-06     1.30600000E-07
    1.07140000E+05     6.37250000E+02     3.73712894E-02     1.22026000E+00     2.67861000E-05     1.30583069E-01     3.20520056E+00     1.95757578E-01     1.02200000E-07     2.51130000E-06     1.53300000E-07
    1.07140000E+05     6.62250000E+02     3.88374051E-02     1.22026000E+00     2.67861000E-05     1.64470982E-01     3.61533148E+00     2.46547308E-01     1.19200000E-07     2.62290000E-06     1.78700000E-07
    1.07140000E+05     6.87250000E+02     4.03035208E-02     1.22026000E+00     2.67861000E-05     2.05391252E-01     4.06201697E+00     3.07872850E-01     1.38300000E-07     2.73660000E-06     2.07300000E-07
    1.07140000E+05     7.12250000E+02     4.17696365E-02     1.22026000E+00     2.67861000E-05     2.54465871E-01     4.54749643E+00     3.81414027E-01     1.59500000E-07     2.85240000E-06     2.39100000E-07
    1.07140000E+05     7.37250000E+02     4.32357523E-02     1.22026000E+00     2.67861000E-05     3.12946022E-01     5.07413885E+00     4.69043830E-01     1.83100000E-07     2.97060000E-06     2.74400000E-07
    1.07140000E+05     7.62250000E+02     4.47018680E-02     1.22026000E+00     2.67861000E-05     3.82221646E-01     5.64445234E+00     5.72842653E-01     2.09200000E-07     3.09130000E-06     3.13600000E-07
    1.07140000E+05     7.87250000E+02     4.61679837E-02     1.22026000E+00     2.67861000E-05     4.63831312E-01     6.26109391E+00     6.95112994E-01     2.38000000E-07     3.21480000E-06     3.56700000E-07
    1.07140000E+05     8.12250000E+02     4.76340994E-02     1.22026000E+00     2.67861000E-05     5.59472464E-01     6.92687987E+00     8.38394726E-01     2.69700000E-07     3.34110000E-06     4.04200000E-07
    1.07140000E+05     8.37250000E+02     4.91002151E-02     1.22026000E+00     2.67861000E-05     6.71011987E-01     7.64479650E+00     1.00548080E+00     3.04500000E-07     3.47050000E-06     4.56300000E-07
    1.07140000E+05     8.62250000E+02     5.05663308E-02     1.22026000E+00     2.67861000E-05     8.00497110E-01     8.41801055E+00     1.19943343E+00     3.42500000E-07     3.60320000E-06     5.13200000E-07
    1.07140000E+05     8.87250000E+02     5.20324465E-02     1.22026000E+00     2.67861000E-05     9.50166609E-01     9.24988076E+00     1.42360082E+00     3.84000000E-07     3.73930000E-06     5.75300000E-07
    1.07140000E+05     9.12250000E+02     5.34985622E-02     1.22026000E+00     2.67861000E-05     1.12246251E+00     1.01439699E+01     1.68163445E+00     4.29100000E-07     3.87910000E-06     6.42900000E-07
    1.07140000E+05     9.37250000E+02     5.49646779E-02     1.22026000E+00     2.67861000E-05     1.32004188E+00     1.11040555E+01     1.97750662E+00     4.78100000E-07     4.02280000E-06     7.16200000E-07
    1.07140000E+05     9.62250000E+02     5.64307936E-02     1.22026000E+00     2.67861000E-05     1.54578914E+00     1.21341437E+01     2.31552871E+00     5.31100000E-07     4.17050000E-06     7.95600000E-07
    1.07140000E+05     9.87250000E+02     5.78969094E-02     1.22026000E+00     2.67861000E-05     1.80282872E+00     1.32384806E+01     2.70037001E+00     5.88500000E-07     4.32260000E-06     8.81500000E-07
    1.07140000E+05     1.01225000E+03     5.93630250E-02     1.22026000E+00     2.67861000E-05     2.09453784E+00     1.44215660E+01     3.13707648E+00     6.50400000E-07     4.47920000E-06     9.74100000E-07
    1.07140000E+05     1.03725000E+03     6.08291408E-02     1.22026000E+00     2.67861000E-05     2.42455991E+00     1.56881651E+01     3.63109077E+00     7.17000000E-07     4.64060000E-06     1.07380000E-06
    1.07140000E+05     1.06225000E+03     6.22952565E-02     1.22026000E+00     2.67861000E-05     2.79681815E+00     1.70433251E+01     4.18827224E+00     7.88600000E-07     4.80700000E-06     1.18100000E-06
    1.07140000E+05     1.08725000E+03     6.37613722E-02     1.22026000E+00     2.67861000E-05     3.21552942E+00     1.84923866E+01     4.81491753E+00     8.65500000E-07     4.97860000E-06     1.29600000E-06
    1.07140000E+05     1.11225000E+03     6.52274879E-02     1.22026000E+00     2.67861000E-05     3.68521863E+00     2.00409986E+01     5.51778171E+00     9.47900000E-07     5.15570000E-06     1.41920000E-06
    1.07140000E+05     1.13725000E+03     6.66936036E-02     1.22026000E+00     2.67861000E-05     4.21073318E+00     2.16951331E+01     6.30409969E+00     1.03590000E-06     5.33860000E-06     1.55100000E-06
    1.07140000E+05     1.16225000E+03     6.81597193E-02     1.22026000E+00     2.67861000E-05     4.79725811E+00     2.34611003E+01     7.18160853E+00     1.13000000E-06     5.52750000E-06     1.69170000E-06
    1.07140000E+05     1.18725000E+03     6.96258350E-02     1.22026000E+00     2.67861000E-05     5.45033130E+00     2.53455647E+01     8.15856988E+00     1.23040000E-06     5.72270000E-06     1.84180000E-06
    1.07140000E+05     1.21225000E+03     7.10919507E-02     1.22026000E+00     2.67861000E-05     6.17585900E+00     2.73555576E+01     9.24379279E+00     1.33730000E-06     5.92440000E-06     2.00160000E-06
    1.07140000E+05     1.23725000E+03     7.25580665E-02     1.22026000E+00     2.67861000E-05     6.98013194E+00     2.94984981E+01     1.04466575E+01     1.45100000E-06     6.13300000E-06     2.17160000E-06
    1.07140000E+05     1.26225000E+03     7.40241821E-02     1.22026000E+00     2.67861000E-05     7.86984155E+00     3.17822044E+01     1.17771391E+01     1.57180000E-06     6.34860000E-06     2.35220000E-06
    1.07140000E+05     1.28725000E+03     7.54902978E-02     1.22026000E+00     2.67861000E-05     8.85209639E+00     3.42149140E+01     1.32458321E+01     1.70000000E-06     6.57170000E-06     2.54380000E-06
    1.07140000E+05     1.31225000E+03     7.69564135E-02     1.22026000E+00     2.67861000E-05     9.93443962E+00     3.68052975E+01     1.48639756E+01     1.83590000E-06     6.80250000E-06     2.74680000E-06
    1.07140000E+05     1.33725000E+03     7.84225293E-02     1.22026000E+00     2.67861000E-05     1.11248656E+01     3.95624794E+01     1.66434774E+01     1.97970000E-06     7.04120000E-06     2.96180000E-06
    1.07140000E+05     1.36225000E+03     7.98886450E-02     1.22026000E+00     2.67861000E-05     1.24318383E+01     4.24960539E+01     1.85969426E+01     2.13190000E-06     7.28830000E-06     3.18910000E-06
    1.07140000E+05     1.38725000E+03     8.13547607E-02     1.22026000E+00     2.67861000E-05     1.38643083E+01     4.56161016E+01     2.07376955E+01     2.29260000E-06     7.54400000E-06     3.42920000E-06
    1.07140000E+05     1.41225000E+03     8.28208764E-02     1.22026000E+00     2.67861000E-05     1.54317317E+01     4.89332105E+01     2.30798110E+01     2.46230000E-06     7.80860000E-06     3.68260000E-06
    1.07140000E+05     1.43725000E+03     8.42869921E-02     1.22026000E+00     2.67861000E-05     1.71440892E+01     5.24584928E+01     2.56381388E+01     2.64120000E-06     8.08250000E-06     3.94980000E-06
    1.07140000E+05     1.46225000E+03     8.57531078E-02     1.22026000E+00     2.67861000E-05     1.90119039E+01     5.62036038E+01     2.84283322E+01     2.82970000E-06     8.36600000E-06     4.23120000E-06
    1.07140000E+05     1.48725000E+03     8.72192235E-02     1.22026000E+00     2.67861000E-05     2.10462613E+01     6.01807638E+01     3.14668753E+01     3.02810000E-06     8.65940000E-06     4.52730000E-06
    1.07140000E+05     1.51225000E+03     8.86853392E-02     1.22026000E+00     2.67861000E-05     2.32588285E+01     6.44027729E+01     3.47711128E+01     3.23670000E-06     8.96310000E-06     4.83870000E-06
    1.07140000E+05     1.53725000E+03     9.01514549E-02     1.22026000E+00     2.67861000E-05     2.56618751E+01     6.88830359E+01     3.83592785E+01     3.45590000E-06     9.27730000E-06     5.16590000E-06
    1.07140000E+05     1.56225000E+03     9.16175706E-02     1.22026000E+00     2.67861000E-05     2.82682920E+01     7.36355765E+01     4.22505243E+01     3.68610000E-06     9.60260000E-06     5.50930000E-06
    1.07140000E+05     1.58725000E+03     9.30836864E-02     1.22026000E+00     2.67861000E-05     3.10916126E+01     7.86750701E+01     4.64649494E+01     3.92760000E-06     9.93910000E-06     5.86950000E-06
    1.07140000E+05     1.61225000E+03     9.45498021E-02     1.22026000E+00     2.67861000E-05     3.41460350E+01     8.40168452E+01     5.10236343E+01     4.18070000E-06     1.02874000E-05     6.24710000E-06
    1.07140000E+05     1.63725000E+03     9.60159178E-02     1.22026000E+00     2.67861000E-05     3.74464422E+01     8.96769287E+01     5.59486684E+01     4.44590000E-06     1.06477000E-05     6.64250000E-06
    1.07140000E+05     1.66225000E+03     9.74820335E-02     1.22026000E+00     2.67861000E-05     4.10084214E+01     9.56720420E+01     6.12631789E+01     4.72340000E-06     1.10204000E-05     7.05640000E-06
    1.07140000E+05     1.68725000E+03     9.89481492E-02     1.22026000E+00     2.67861000E-05     4.48482909E+01     1.02019643E+02     6.69913697E+01     5.01380000E-06     1.14059000E-05     7.48930000E-06
    1.07140000E+05     1.71225000E+03     1.00414265E-01     1.22026000E+00     2.67861000E-05     4.89831161E+01     1.08737939E+02     7.31585433E+01     5.31730000E-06     1.18046000E-05     7.94170000E-06
    1.07140000E+05     1.73725000E+03     1.01880380E-01     1.22026000E+00     2.67861000E-05     5.34307395E+01     1.15845909E+02     7.97911464E+01     5.63440000E-06     1.22170000E-05     8.41420000E-06
    1.07140000E+05     1.76225000E+03     1.03346496E-01     1.22026000E+00     2.67861000E-05     5.82097970E+01     1.23363339E+02     8.69167904E+01     5.96550000E-06     1.26433000E-05     8.90750000E-06
    1.07140000E+05     1.78725000E+03     1.04812612E-01     1.22026000E+00     2.67861000E-05     6.33397442E+01     1.31310818E+02     9.45642922E+01     6.31090000E-06     1.30839000E-05     9.42200000E-06
    1.07140000E+05     1.81225000E+03     1.06278728E-01     1.22026000E+00     2.67861000E-05     6.88408805E+01     1.39709793E+02     1.02763707E+02     6.67110000E-06     1.35394000E-05     9.95850000E-06
    1.07140000E+05     1.83725000E+03     1.07744844E-01     1.22026000E+00     2.67861000E-05     7.47343701E+01     1.48582570E+02     1.11546357E+02     7.04650000E-06     1.40101000E-05     1.05174000E-05
    1.07140000E+05     1.86225000E+03     1.09210959E-01     1.22026000E+00     2.67861000E-05     8.10422670E+01     1.57952352E+02     1.20944873E+02     7.43750000E-06     1.44964000E-05     1.10995000E-05
    1.07140000E+05     1.88725000E+03     1.10677075E-01     1.22026000E+00     2.67861000E-05     8.77875464E+01     1.67843262E+02     1.30993230E+02     7.84450000E-06     1.49988000E-05     1.17053000E-05
    1.07140000E+05     1.91225000E+03     1.12143190E-01     1.22026000E+00     2.67861000E-05     9.49941183E+01     1.78280349E+02     1.41726781E+02     8.26800000E-06     1.55176000E-05     1.23355000E-05
    1.07140000E+05     1.93725000E+03     1.13609306E-01     1.22026000E+00     2.67861000E-05     1.02686855E+02     1.89289636E+02     1.53182276E+02     8.70840000E-06     1.60534000E-05     1.29907000E-05
    1.07140000E+05     1.96225000E+03     1.15075422E-01     1.22026000E+00     2.67861000E-05     1.10891628E+02     2.00898145E+02     1.65397933E+02     9.16620000E-06     1.66066000E-05     1.36716000E-05
    1.07140000E+05     1.98725000E+03     1.16541538E-01     1.22026000E+00     2.67861000E-05     1.19635319E+02     2.13133896E+02     1.78413447E+02     9.64170000E-06     1.71775000E-05     1.43788000E-05
    1.07140000E+05     2.01225000E+03     1.18007654E-01     1.22026000E+00     2.67861000E-05     1.28945856E+02     2.26025995E+02     1.92270037E+02     1.01355000E-05     1.77668000E-05     1.51129000E-05
    1.07140000E+05     2.03725000E+03     1.19473769E-01     1.22026000E+00     2.67861000E-05     1.38852231E+02     2.39604556E+02     2.07010478E+02     1.06479000E-05     1.83747000E-05     1.58747000E-05
    1.07140000E+05     2.06225000E+03     1.20939885E-01     1.22026000E+00     2.67861000E-05     1.49384537E+02     2.53900840E+02     2.22679149E+02     1.11796000E-05     1.90019000E-05     1.66648000E-05
    1.07140000E+05     2.08725000E+03     1.22406000E-01     1.22026000E+00     2.67861000E-05     1.60573987E+02     2.68947210E+02     2.39322061E+02     1.17309000E-05     1.96487000E-05     1.74839000E-05
    1.07140000E+05     2.11225000E+03     1.23872116E-01     1.22026000E+00     2.67861000E-05     1.72452940E+02     2.84777169E+02     2.56986897E+02     1.23022000E-05     2.03157000E-05     1.83326000E-05
    1.07140000E+05     2.13725000E+03     1.25338232E-01     1.22026000E+00     2.67861000E-05     1.85054950E+02     3.01425450E+02     2.75723074E+02     1.28942000E-05     2.10032000E-05     1.92118000E-05
    1.07140000E+05     2.16225000E+03     1.26804348E-01     1.22026000E+00     2.67861000E-05     1.98414756E+02     3.18927932E+02     2.95581738E+02     1.35073000E-05     2.17119000E-05     2.01221000E-05
    1.07140000E+05     2.18725000E+03     1.28270464E-01     1.22026000E+00     2.67861000E-05     2.12568334E+02     3.37321734E+02     3.16615828E+02     1.41420000E-05     2.24422000E-05     2.10641000E-05
    1.07140000E+05     2.21225000E+03     1.29736579E-01     1.22026000E+00     2.67861000E-05     2.27552941E+02     3.56645295E+02     3.38880142E+02     1.47987000E-05     2.31946000E-05     2.20387000E-05
    1.07140000E+05     2.23725000E+03     1.31202695E-01     1.22026000E+00     2.67861000E-05     2.43407109E+02     3.76938323E+02     3.62431334E+02     1.54780000E-05     2.39696000E-05     2.30466000E-05
    1.07140000E+05     2.26225000E+03     1.32668810E-01     1.22026000E+00     2.67861000E-05     2.60170693E+02     3.98241774E+02     3.87327968E+02     1.61803000E-05     2.47677000E-05     2.40884000E-05
    1.07140000E+05     2.28725000E+03     1.34134926E-01     1.22026000E+00     2.67861000E-05     2.77884903E+02     4.20598046E+02     4.13630578E+02     1.69063000E-05     2.55894000E-05     2.51650000E-05
    1.07140000E+05     2.31225000E+03     1.35601042E-01     1.22026000E+00     2.67861000E-05     2.96592333E+02     4.44050943E+02     4.41401698E+02     1.76564000E-05     2.64353000E-05     2.62771000E-05
    1.07140000E+05     2.33725000E+03     1.37067157E-01     1.22026000E+00     2.67861000E-05     3.16336977E+02     4.68645557E+02     4.70705886E+02     1.84312000E-05     2.73058000E-05     2.74254000E-05
    1.07140000E+05     2.36225000E+03     1.38533274E-01     1.22026000E+00     2.67861000E-05     3.37164276E+02     4.94428512E+02     5.01609790E+02     1.92311000E-05     2.82016000E-05     2.86107000E-05
    1.07140000E+05     2.38725000E+03     1.39999389E-01     1.22026000E+00     2.67861000E-05     3.59121144E+02     5.21447928E+02     5.34182191E+02     2.00567000E-05     2.91231000E-05     2.98338000E-05
    1.07140000E+05     2.41225000E+03     1.41465505E-01     1.22026000E+00     2.67861000E-05     3.82256002E+02     5.49753341E+02     5.68494035E+02     2.09086000E-05     3.00708000E-05     3.10954000E-05
    1.07140000E+05     2.43725000E+03     1.42931620E-01     1.22026000E+00     2.67861000E-05     4.06618797E+02     5.79395882E+02     6.04618479E+02     2.17873000E-05     3.10454000E-05     3.23964000E-05
    1.07140000E+05     2.46225000E+03     1.44397736E-01     1.22026000E+00     2.67861000E-05     4.32261039E+02     6.10428232E+02     6.42630920E+02     2.26933000E-05     3.20474000E-05     3.37376000E-05
    1.07140000E+05     2.48725000E+03     1.45863852E-01     1.22026000E+00     2.67861000E-05     4.59235858E+02     6.42904676E+02     6.82609088E+02     2.36273000E-05     3.30774000E-05     3.51197000E-05
    1.07140000E+05     2.52475000E+03     1.48063026E-01     1.22026000E+00     2.67861000E-05     5.02500938E+02     6.94648235E+02     7.46709141E+02     2.50855000E-05     3.46796000E-05     3.72767000E-05
    1.07140000E+05     2.57475000E+03     1.50995257E-01     1.22026000E+00     2.67861000E-05     5.65146273E+02     7.68980669E+02     8.39483412E+02     2.71280000E-05     3.69143000E-05     4.02968000E-05
    1.07140000E+05     2.62475000E+03     1.53927488E-01     1.22026000E+00     2.67861000E-05     6.34163286E+02     8.50152061E+02     9.41641905E+02     2.92926000E-05     3.92711000E-05     4.34953000E-05
    1.07140000E+05     2.67475000E+03     1.56859720E-01     1.22026000E+00     2.67861000E-05     7.10059307E+02     9.38679119E+02     1.05392451E+03     3.15838000E-05     4.17547000E-05     4.68792000E-05
    1.07140000E+05     2.72475000E+03     1.59791951E-01     1.22026000E+00     2.67861000E-05     7.93371231E+02     1.03510820E+03     1.17711337E+03     3.40066000E-05     4.43701000E-05     5.04552000E-05
    1.07140000E+05     2.77475000E+03     1.62724183E-01     1.22026000E+00     2.67861000E-05     8.84666677E+02     1.14001636E+03     1.31203446E+03     3.65659000E-05     4.71220000E-05     5.42304000E-05
    1.07140000E+05     2.82475000E+03     1.65656414E-01     1.22026000E+00     2.67861000E-05     9.84545064E+02     1.25401244E+03     1.45955902E+03     3.92667000E-05     5.00155000E-05     5.82117000E-05
    1.07140000E+05     2.87475000E+03     1.68588645E-01     1.22026000E+00     2.67861000E-05     1.09363880E+03     1.37773843E+03     1.62060520E+03     4.21139000E-05     5.30557000E-05     6.24064000E-05
    1.07140000E+05     2.92475000E+03     1.71520877E-01     1.22026000E+00     2.67861000E-05     1.21261448E+03     1.51187039E+03     1.79613955E+03     4.51129000E-05     5.62477000E-05     6.68218000E-05
    1.07140000E+05     2.97475000E+03     1.74453108E-01     1.22026000E+00     2.67861000E-05     1.34217395E+03     1.65711975E+03     1.98717860E+03     4.82688000E-05     5.95968000E-05     7.14652000E-05
    1.07140000E+05     3.02475000E+03     1.77385340E-01     1.22026000E+00     2.67861000E-05     1.48305569E+03     1.81423451E+03     2.19479054E+03     5.15869000E-05     6.31083000E-05     7.63442000E-05
    1.07140000E+05     3.07475000E+03     1.80317571E-01     1.22026000E+00     2.67861000E-05     1.63603594E+03     1.98400053E+03     2.42009678E+03     5.50728000E-05     6.67877000E-05     8.14663000E-05
    1.07140000E+05     3.12475000E+03     1.83249803E-01     1.22026000E+00     2.67861000E-05     1.80192993E+03     2.16724254E+03     2.66427361E+03     5.87319000E-05     7.06404000E-05     8.68392000E-05
    1.07140000E+05     3.17475000E+03     1.86182034E-01     1.22026000E+00     2.67861000E-05     1.98159318E+03     2.36482583E+03     2.92855377E+03     6.25698000E-05     7.46721000E-05     9.24707000E-05
    1.07140000E+05     3.22475000E+03     1.89114265E-01     1.22026000E+00     2.67861000E-05     2.17592279E+03     2.57765698E+03     3.21422822E+03     6.65922000E-05     7.88884000E-05     9.83688000E-05
    1.07140000E+05     3.27475000E+03     1.92046497E-01     1.22026000E+00     2.67861000E-05     2.38585874E+03     2.80668583E+03     3.52264781E+03     7.08048000E-05     8.32951000E-05     1.04541300E-04
    1.07140000E+05     3.32475000E+03     1.94978728E-01     1.22026000E+00     2.67861000E-05     2.61238512E+03     3.05290600E+03     3.85522487E+03     7.52135000E-05     8.78980000E-05     1.10996400E-04
    1.07140000E+05     3.37475000E+03     1.97910960E-01     1.22026000E+00     2.67861000E-05     2.85653160E+03     3.31735687E+03     4.21343502E+03     7.98242000E-05     9.27031000E-05     1.17742300E-04
    1.07140000E+05     3.42475000E+03     2.00843191E-01     1.22026000E+00     2.67861000E-05     3.11937469E+03     3.60112488E+03     4.59881888E+03     8.46429000E-05     9.77164000E-05     1.24787200E-04
    1.07140000E+05     3.47475000E+03     2.03775422E-01     1.22026000E+00     2.67861000E-05     3.40203921E+03     3.90534440E+03     5.01298386E+03     8.96758000E-05     1.02944000E-04     1.32139500E-04
    1.07140000E+05     3.52475000E+03     2.06707654E-01     1.22026000E+00     2.67861000E-05     3.70569948E+03     4.23119962E+03     5.45760565E+03     9.49289000E-05     1.08392000E-04     1.39807600E-04
    1.07140000E+05     3.57475000E+03     2.09639885E-01     1.22026000E+00     2.67861000E-05     4.03158092E+03     4.57992585E+03     5.93443029E+03     1.00408500E-04     1.14066700E-04     1.47800100E-04
    1.07140000E+05     3.62475000E+03     2.12572116E-01     1.22026000E+00     2.67861000E-05     4.38096144E+03     4.95281091E+03     6.44527585E+03     1.06121100E-04     1.19974400E-04     1.56125700E-04
    1.07140000E+05     3.67475000E+03     2.15504348E-01     1.22026000E+00     2.67861000E-05     4.75517279E+03     5.35119596E+03     6.99203403E+03     1.12072900E-04     1.26121700E-04     1.64792900E-04
    1.07140000E+05     3.72475000E+03     2.18436580E-01     1.22026000E+00     2.67861000E-05     5.15560205E+03     5.77647843E+03     7.57667216E+03     1.18270600E-04     1.32514900E-04     1.73810700E-04
    1.07140000E+05     3.77475000E+03     2.21368811E-01     1.22026000E+00     2.67861000E-05     5.58369325E+03     6.23011214E+03     8.20123506E+03     1.24720700E-04     1.39160700E-04     1.83187800E-04
    1.07140000E+05     3.82475000E+03     2.24301042E-01     1.22026000E+00     2.67861000E-05     6.04094867E+03     6.71360896E+03     8.86784661E+03     1.31429800E-04     1.46065700E-04     1.92933300E-04
    1.07140000E+05     3.87475000E+03     2.27233274E-01     1.22026000E+00     2.67861000E-05     6.52893007E+03     7.22854132E+03     9.57871120E+03     1.38404700E-04     1.53236700E-04     2.03056200E-04
    1.07140000E+05     3.92475000E+03     2.30165505E-01     1.22026000E+00     2.67861000E-05     7.04926115E+03     7.77654234E+03     1.03361169E+04     1.45652200E-04     1.60680500E-04     2.13565700E-04
    1.07140000E+05     3.97475000E+03     2.33097737E-01     1.22026000E+00     2.67861000E-05     7.60362813E+03     8.35930841E+03     1.11424359E+04     1.53179300E-04     1.68404100E-04     2.24470800E-04
    1.07140000E+05     4.02475000E+03     2.36029968E-01     1.22026000E+00     2.67861000E-05     8.19378156E+03     8.97860023E+03     1.20001266E+04     1.60992900E-04     1.76414300E-04     2.35780900E-04
    1.07140000E+05     4.07475000E+03     2.38962199E-01     1.22026000E+00     2.67861000E-05     8.82153844E+03     9.63624462E+03     1.29117365E+04     1.69100000E-04     1.84718300E-04     2.47505300E-04
    1.07140000E+05     4.12475000E+03     2.41894431E-01     1.22026000E+00     2.67861000E-05     9.48878274E+03     1.03341360E+04     1.38799022E+04     1.77507900E-04     1.93323200E-04     2.59653500E-04
    1.07140000E+05     4.17475000E+03     2.44826662E-01     1.22026000E+00     2.67861000E-05     1.01974680E+04     1.10742380E+04     1.49073531E+04     1.86223700E-04     2.02236200E-04     2.72234900E-04
    1.07140000E+05     4.22475000E+03     2.47758894E-01     1.22026000E+00     2.67861000E-05     1.09496186E+04     1.18585848E+04     1.59969120E+04     1.95254800E-04     2.11464700E-04     2.85259000E-04
    1.07140000E+05     4.27475000E+03     2.50691125E-01     1.22026000E+00     2.67861000E-05     1.17473309E+04     1.26892830E+04     1.71514974E+04     2.04608400E-04     2.21015900E-04     2.98735600E-04
    1.07140000E+05     4.32475000E+03     2.53623357E-01     1.22026000E+00     2.67861000E-05     1.25927760E+04     1.35685141E+04     1.83741256E+04     2.14292200E-04     2.30897500E-04     3.12674200E-04
    1.07140000E+05     4.37475000E+03     2.56555588E-01     1.22026000E+00     2.67861000E-05     1.34882001E+04     1.44985353E+04     1.96679123E+04     2.24313500E-04     2.41116800E-04     3.27084600E-04
    1.07140000E+05     4.42475000E+03     2.59487819E-01     1.22026000E+00     2.67861000E-05     1.44359273E+04     1.54816790E+04     2.10360739E+04     2.34679900E-04     2.51681400E-04     3.41976700E-04
    1.07140000E+05     4.47475000E+03     2.62420051E-01     1.22026000E+00     2.67861000E-05     1.54383605E+04     1.65203605E+04     2.24819305E+04     2.45399300E-04     2.62599200E-04     3.57360300E-04
    1.07140000E+05     4.52475000E+03     2.65352282E-01     1.22026000E+00     2.67861000E-05     1.64979833E+04     1.76170720E+04     2.40089067E+04     2.56479300E-04     2.73877800E-04     3.73245300E-04
    1.07140000E+05     4.57475000E+03     2.68284513E-01     1.22026000E+00     2.67861000E-05     1.76173620E+04     1.87743907E+04     2.56205342E+04     2.67927700E-04     2.85525000E-04     3.89641700E-04
    1.07140000E+05     4.62475000E+03     2.71216745E-01     1.22026000E+00     2.67861000E-05     1.87991472E+04     1.99949788E+04     2.73204533E+04     2.79752500E-04     2.97548800E-04     4.06559600E-04
    1.07140000E+05     4.67475000E+03     2.74148976E-01     1.22026000E+00     2.67861000E-05     2.00460751E+04     2.12815815E+04     2.91124145E+04     2.91961600E-04     3.09957100E-04     4.24009000E-04
    1.07140000E+05     4.72475000E+03     2.77081208E-01     1.22026000E+00     2.67861000E-05     2.13609702E+04     2.26370345E+04     3.10002812E+04     3.04563000E-04     3.22758000E-04     4.42000100E-04
    1.07140000E+05     4.77475000E+03     2.80013439E-01     1.22026000E+00     2.67861000E-05     2.27467459E+04     2.40642605E+04     3.29880303E+04     3.17565000E-04     3.35959700E-04     4.60543100E-04
    1.07140000E+05     4.82475000E+03     2.82945671E-01     1.22026000E+00     2.67861000E-05     2.42064073E+04     2.55662765E+04     3.50797551E+04     3.30975700E-04     3.49570200E-04     4.79648200E-04
    1.07140000E+05     4.87475000E+03     2.85877902E-01     1.22026000E+00     2.67861000E-05     2.57430526E+04     2.71461906E+04     3.72796670E+04     3.44803300E-04     3.63598000E-04     4.99325700E-04
    1.07140000E+05     4.92475000E+03     2.88810134E-01     1.22026000E+00     2.67861000E-05     2.73598744E+04     2.88072058E+04     3.95920960E+04     3.59056300E-04     3.78051200E-04     5.19586000E-04
    1.07140000E+05     4.97475000E+03     2.91742365E-01     1.22026000E+00     2.67861000E-05     2.90601626E+04     3.05526242E+04     4.20214950E+04     3.73742900E-04     3.92938400E-04     5.40439400E-04
    1.07140000E+05     5.00000000E+03     2.93223140E-01     1.22026000E+00     2.67861000E-05     2.99479050E+04     3.14634700E+04     4.32890740E+04     3.81308500E-04     4.00605300E-04     5.51173600E-04
