    1.07140000E+05     5.00000000E-01     2.93223000E-05     1.43097640E+00     5.01949000E-05     0.00000000E+00     2.40000000E-09     0.00000000E+00     0.00000000E+00     3.10000000E-09     0.00000000E+00
    1.07140000E+05     1.00000000E+00     5.86446000E-05     1.43097640E+00     5.01949000E-05     0.00000000E+00     1.94000000E-08     0.00000000E+00     0.00000000E+00     6.20000000E-09     0.00000000E+00
    1.07140000E+05     1.50000000E+00     8.79669000E-05     1.43097640E+00     5.01949000E-05     0.00000000E+00     6.54000000E-08     0.00000000E+00     0.00000000E+00     9.30000000E-09     0.00000000E+00
    1.07140000E+05     2.00000000E+00     1.17289300E-04     1.43097640E+00     5.01949000E-05     0.00000000E+00     1.55100000E-07     0.00000000E+00     0.00000000E+00     1.23000000E-08     0.00000000E+00
    1.07140000E+05     2.50000000E+00     1.46611600E-04     1.43097640E+00     5.01949000E-05     0.00000000E+00     3.02900000E-07     0.00000000E+00     0.00000000E+00     1.54000000E-08     0.00000000E+00
    1.07140000E+05     3.00000000E+00     1.75933900E-04     1.43097640E+00     5.01949000E-05     0.00000000E+00     5.23400000E-07     0.00000000E+00     0.00000000E+00     1.85000000E-08     0.00000000E+00
    1.07140000E+05     3.50000000E+00     2.05256200E-04     1.43097640E+00     5.01949000E-05     0.00000000E+00     8.31100000E-07     0.00000000E+00     0.00000000E+00     2.16000000E-08     0.00000000E+00
    1.07140000E+05     4.00000000E+00     2.34578500E-04     1.43097640E+00     5.01949000E-05     0.00000000E+00     1.24060000E-06     0.00000000E+00     0.00000000E+00     2.47000000E-08     0.00000000E+00
    1.07140000E+05     4.50000000E+00     2.63900800E-04     1.43097640E+00     5.01949000E-05     0.00000000E+00     1.76650000E-06     0.00000000E+00     0.00000000E+00     2.78000000E-08     0.00000000E+00
    1.07140000E+05     5.00000000E+00     2.93223100E-04     1.43097640E+00     5.01949000E-05     0.00000000E+00     2.42310000E-06     0.00000000E+00     0.00000000E+00     3.09000000E-08     0.00000000E+00
    1.07140000E+05     5.50000000E+00     3.22545500E-04     1.43097640E+00     5.01949000E-05     0.00000000E+00     3.22520000E-06     0.00000000E+00     0.00000000E+00     3.39000000E-08     0.00000000E+00
    1.07140000E+05     6.00000000E+00     3.51867800E-04     1.43097640E+00     5.01949000E-05     0.00000000E+00     4.18720000E-06     0.00000000E+00     0.00000000E+00     3.70000000E-08     0.00000000E+00
    1.07140000E+05     6.50000000E+00     3.81190100E-04     1.43097640E+00     5.01949000E-05     0.00000000E+00     5.32360000E-06     0.00000000E+00     0.00000000E+00     4.01000000E-08     0.00000000E+00
    1.07140000E+05     7.00000000E+00     4.10512400E-04     1.43097640E+00     5.01949000E-05     0.00000000E+00     6.64910000E-06     0.00000000E+00     0.00000000E+00     4.32000000E-08     0.00000000E+00
    1.07140000E+05     7.50000000E+00     4.39834700E-04     1.43097640E+00     5.01949000E-05     0.00000000E+00     8.17810000E-06     0.00000000E+00     0.00000000E+00     4.63000000E-08     0.00000000E+00
    1.07140000E+05     8.00000000E+00     4.69157000E-04     1.43097640E+00     5.01949000E-05     0.00000000E+00     9.92510000E-06     0.00000000E+00     0.00000000E+00     4.94000000E-08     0.00000000E+00
    1.07140000E+05     8.50000000E+00     4.98479300E-04     1.43097640E+00     5.01949000E-05     0.00000000E+00     1.19048000E-05     0.00000000E+00     0.00000000E+00     5.24000000E-08     0.00000000E+00
    1.07140000E+05     9.00000000E+00     5.27801700E-04     1.43097640E+00     5.01949000E-05     0.00000000E+00     1.41317000E-05     0.00000000E+00     0.00000000E+00     5.55000000E-08     0.00000000E+00
    1.07140000E+05     9.50000000E+00     5.57124000E-04     1.43097640E+00     5.01949000E-05     0.00000000E+00     1.66202000E-05     0.00000000E+00     0.00000000E+00     5.86000000E-08     0.00000000E+00
    1.07140000E+05     1.00000000E+01     5.86446300E-04     1.43097640E+00     5.01949000E-05     0.00000000E+00     1.93850000E-05     0.00000000E+00     0.00000000E+00     6.17000000E-08     0.00000000E+00
    1.07140000E+05     1.05000000E+01     6.15768600E-04     1.43097640E+00     5.01949000E-05     0.00000000E+00     2.24406000E-05     0.00000000E+00     0.00000000E+00     6.48000000E-08     0.00000000E+00
    1.07140000E+05     1.10000000E+01     6.45090900E-04     1.43097640E+00     5.01949000E-05     0.00000000E+00     2.58015000E-05     0.00000000E+00     0.00000000E+00     6.79000000E-08     0.00000000E+00
    1.07140000E+05     1.15000000E+01     6.74413200E-04     1.43097640E+00     5.01949000E-05     0.00000000E+00     2.94822000E-05     0.00000000E+00     0.00000000E+00     7.10000000E-08     0.00000000E+00
    1.07140000E+05     1.20000000E+01     7.03735500E-04     1.43097640E+00     5.01949000E-05     0.00000000E+00     3.34973000E-05     0.00000000E+00     0.00000000E+00     7.40000000E-08     0.00000000E+00
    1.07140000E+05     1.25000000E+01     7.33057900E-04     1.43097640E+00     5.01949000E-05     0.00000000E+00     3.78614000E-05     0.00000000E+00     0.00000000E+00     7.71000000E-08     0.00000000E+00
    1.07140000E+05     1.30000000E+01     7.62380200E-04     1.43097640E+00     5.01949000E-05     0.00000000E+00     4.25889000E-05     0.00000000E+00     0.00000000E+00     8.02000000E-08     0.00000000E+00
    1.07140000E+05     1.35000000E+01     7.91702500E-04     1.43097640E+00     5.01949000E-05     0.00000000E+00     4.76945000E-05     1.00000000E-10     0.00000000E+00     8.33000000E-08     0.00000000E+00
    1.07140000E+05     1.40000000E+01     8.21024800E-04     1.43097640E+00     5.01949000E-05     0.00000000E+00     5.31926000E-05     1.00000000E-10     0.00000000E+00     8.64000000E-08     0.00000000E+00
    1.07140000E+05     1.45000000E+01     8.50347100E-04     1.43097640E+00     5.01949000E-05     1.00000000E-10     5.90978000E-05     1.00000000E-10     0.00000000E+00     8.95000000E-08     0.00000000E+00
    1.07140000E+05     1.50000000E+01     8.79669400E-04     1.43097640E+00     5.01949000E-05     1.00000000E-10     6.54246000E-05     1.00000000E-10     0.00000000E+00     9.26000000E-08     0.00000000E+00
    1.07140000E+05     1.55000000E+01     9.08991700E-04     1.43097640E+00     5.01949000E-05     1.00000000E-10     7.21875000E-05     1.00000000E-10     0.00000000E+00     9.56000000E-08     0.00000000E+00
    1.07140000E+05     1.60000000E+01     9.38314100E-04     1.43097640E+00     5.01949000E-05     1.00000000E-10     7.94012000E-05     2.00000000E-10     0.00000000E+00     9.87000000E-08     0.00000000E+00
    1.07140000E+05     1.65000000E+01     9.67636400E-04     1.43097640E+00     5.01949000E-05     1.00000000E-10     8.70801000E-05     2.00000000E-10     0.00000000E+00     1.01800000E-07     0.00000000E+00
    1.07140000E+05     1.70000000E+01     9.96958700E-04     1.43097640E+00     5.01949000E-05     2.00000000E-10     9.52388000E-05     2.00000000E-10     0.00000000E+00     1.04900000E-07     0.00000000E+00
    1.07140000E+05     1.75000000E+01     1.02628100E-03     1.43097640E+00     5.01949000E-05     2.00000000E-10     1.03891900E-04     3.00000000E-10     0.00000000E+00     1.08000000E-07     0.00000000E+00
    1.07140000E+05     1.80000000E+01     1.05560330E-03     1.43097640E+00     5.01949000E-05     2.00000000E-10     1.13053700E-04     3.00000000E-10     0.00000000E+00     1.11100000E-07     0.00000000E+00
    1.07140000E+05     1.85000000E+01     1.08492560E-03     1.43097640E+00     5.01949000E-05     3.00000000E-10     1.22739000E-04     4.00000000E-10     0.00000000E+00     1.14200000E-07     0.00000000E+00
    1.07140000E+05     1.90000000E+01     1.11424790E-03     1.43097640E+00     5.01949000E-05     3.00000000E-10     1.32962300E-04     5.00000000E-10     0.00000000E+00     1.17200000E-07     0.00000000E+00
    1.07140000E+05     1.95000000E+01     1.14357030E-03     1.43097640E+00     5.01949000E-05     4.00000000E-10     1.43738000E-04     5.00000000E-10     0.00000000E+00     1.20300000E-07     0.00000000E+00
    1.07140000E+05     2.00000000E+01     1.17289260E-03     1.43097640E+00     5.01949000E-05     4.00000000E-10     1.55080700E-04     6.00000000E-10     0.00000000E+00     1.23400000E-07     0.00000000E+00
    1.07140000E+05     2.05000000E+01     1.20221490E-03     1.43097640E+00     5.01949000E-05     5.00000000E-10     1.67005000E-04     7.00000000E-10     0.00000000E+00     1.26500000E-07     0.00000000E+00
    1.07140000E+05     2.10000000E+01     1.23153720E-03     1.43097640E+00     5.01949000E-05     6.00000000E-10     1.79525400E-04     9.00000000E-10     0.00000000E+00     1.29600000E-07     0.00000000E+00
    1.07140000E+05     2.15000000E+01     1.26085950E-03     1.43097640E+00     5.01949000E-05     7.00000000E-10     1.92656400E-04     1.00000000E-09     0.00000000E+00     1.32700000E-07     0.00000000E+00
    1.07140000E+05     2.20000000E+01     1.29018180E-03     1.43097640E+00     5.01949000E-05     8.00000000E-10     2.06412700E-04     1.10000000E-09     0.00000000E+00     1.35800000E-07     0.00000000E+00
    1.07140000E+05     2.25000000E+01     1.31950410E-03     1.43097640E+00     5.01949000E-05     9.00000000E-10     2.20808600E-04     1.30000000E-09     0.00000000E+00     1.38800000E-07     0.00000000E+00
    1.07140000E+05     2.30000000E+01     1.34882650E-03     1.43097640E+00     5.01949000E-05     1.00000000E-09     2.35858800E-04     1.50000000E-09     0.00000000E+00     1.41900000E-07     0.00000000E+00
    1.07140000E+05     2.35000000E+01     1.37814880E-03     1.43097640E+00     5.01949000E-05     1.10000000E-09     2.51577800E-04     1.70000000E-09     0.00000000E+00     1.45000000E-07     0.00000000E+00
    1.07140000E+05     2.40000000E+01     1.40747110E-03     1.43097640E+00     5.01949000E-05     1.30000000E-09     2.67980100E-04     1.90000000E-09     0.00000000E+00     1.48100000E-07     0.00000000E+00
    1.07140000E+05     2.45000000E+01     1.43679340E-03     1.43097640E+00     5.01949000E-05     1.40000000E-09     2.85080300E-04     2.20000000E-09     0.00000000E+00     1.51200000E-07     0.00000000E+00
    1.07140000E+05     2.50000000E+01     1.46611570E-03     1.43097640E+00     5.01949000E-05     1.60000000E-09     3.02892900E-04     2.40000000E-09     0.00000000E+00     1.54300000E-07     0.00000000E+00
    1.07140000E+05     2.55000000E+01     1.49543800E-03     1.43097640E+00     5.01949000E-05     1.80000000E-09     3.21432500E-04     2.70000000E-09     0.00000000E+00     1.57300000E-07     0.00000000E+00
    1.07140000E+05     2.60000000E+01     1.52476030E-03     1.43097640E+00     5.01949000E-05     2.10000000E-09     3.40713600E-04     3.10000000E-09     0.00000000E+00     1.60400000E-07     0.00000000E+00
    1.07140000E+05     2.65000000E+01     1.55408270E-03     1.43097640E+00     5.01949000E-05     2.30000000E-09     3.60750700E-04     3.40000000E-09     0.00000000E+00     1.63500000E-07     0.00000000E+00
    1.07140000E+05     2.70000000E+01     1.58340500E-03     1.43097640E+00     5.01949000E-05     2.60000000E-09     3.81558500E-04     3.90000000E-09     0.00000000E+00     1.66600000E-07     0.00000000E+00
    1.07140000E+05     2.75000000E+01     1.61272730E-03     1.43097640E+00     5.01949000E-05     2.90000000E-09     4.03151300E-04     4.30000000E-09     0.00000000E+00     1.69700000E-07     0.00000000E+00
    1.07140000E+05     2.80000000E+01     1.64204960E-03     1.43097640E+00     5.01949000E-05     3.20000000E-09     4.25543800E-04     4.80000000E-09     0.00000000E+00     1.72800000E-07     0.00000000E+00
    1.07140000E+05     2.85000000E+01     1.67137190E-03     1.43097640E+00     5.01949000E-05     3.60000000E-09     4.48750500E-04     5.30000000E-09     0.00000000E+00     1.75900000E-07     0.00000000E+00
    1.07140000E+05     2.90000000E+01     1.70069420E-03     1.43097640E+00     5.01949000E-05     3.90000000E-09     4.72785900E-04     5.90000000E-09     0.00000000E+00     1.78900000E-07     0.00000000E+00
    1.07140000E+05     2.95000000E+01     1.73001650E-03     1.43097640E+00     5.01949000E-05     4.40000000E-09     4.97664700E-04     6.60000000E-09     0.00000000E+00     1.82000000E-07     0.00000000E+00
    1.07140000E+05     3.00000000E+01     1.75933890E-03     1.43097640E+00     5.01949000E-05     4.80000000E-09     5.23401200E-04     7.30000000E-09     0.00000000E+00     1.85100000E-07     0.00000000E+00
    1.07140000E+05     3.05000000E+01     1.78866120E-03     1.43097640E+00     5.01949000E-05     5.30000000E-09     5.50010200E-04     8.00000000E-09     0.00000000E+00     1.88200000E-07     0.00000000E+00
    1.07140000E+05     3.10000000E+01     1.81798350E-03     1.43097640E+00     5.01949000E-05     5.90000000E-09     5.77506000E-04     8.80000000E-09     0.00000000E+00     1.91300000E-07     0.00000000E+00
    1.07140000E+05     3.15000000E+01     1.84730580E-03     1.43097640E+00     5.01949000E-05     6.50000000E-09     6.05903300E-04     9.70000000E-09     0.00000000E+00     1.94400000E-07     0.00000000E+00
    1.07140000E+05     3.20000000E+01     1.87662810E-03     1.43097640E+00     5.01949000E-05     7.10000000E-09     6.35216600E-04     1.07000000E-08     0.00000000E+00     1.97500000E-07     0.00000000E+00
    1.07140000E+05     3.25000000E+01     1.90595040E-03     1.43097640E+00     5.01949000E-05     7.80000000E-09     6.65460500E-04     1.17000000E-08     0.00000000E+00     2.00500000E-07     0.00000000E+00
    1.07140000E+05     3.30000000E+01     1.93527270E-03     1.43097640E+00     5.01949000E-05     8.60000000E-09     6.96649400E-04     1.29000000E-08     0.00000000E+00     2.03600000E-07     0.00000000E+00
    1.07140000E+05     3.35000000E+01     1.96459500E-03     1.43097640E+00     5.01949000E-05     9.40000000E-09     7.28798000E-04     1.41000000E-08     0.00000000E+00     2.06700000E-07     0.00000000E+00
    1.07140000E+05     3.40000000E+01     1.99391740E-03     1.43097640E+00     5.01949000E-05     1.03000000E-08     7.61920700E-04     1.54000000E-08     0.00000000E+00     2.09800000E-07     0.00000000E+00
    1.07140000E+05     3.45000000E+01     2.02323970E-03     1.43097640E+00     5.01949000E-05     1.12000000E-08     7.96032100E-04     1.68000000E-08     0.00000000E+00     2.12900000E-07     0.00000000E+00
    1.07140000E+05     3.50000000E+01     2.05256200E-03     1.43097640E+00     5.01949000E-05     1.22000000E-08     8.31146800E-04     1.83000000E-08     0.00000000E+00     2.16000000E-07     0.00000000E+00
    1.07140000E+05     3.55000000E+01     2.08188430E-03     1.43097640E+00     5.01949000E-05     1.33000000E-08     8.67279200E-04     1.99000000E-08     0.00000000E+00     2.19100000E-07     0.00000000E+00
    1.07140000E+05     3.60000000E+01     2.11120660E-03     1.43097640E+00     5.01949000E-05     1.45000000E-08     9.04444000E-04     2.17000000E-08     0.00000000E+00     2.22100000E-07     0.00000000E+00
    1.07140000E+05     3.65000000E+01     2.14052890E-03     1.43097640E+00     5.01949000E-05     1.57000000E-08     9.42655700E-04     2.35000000E-08     0.00000000E+00     2.25200000E-07     0.00000000E+00
    1.07140000E+05     3.70000000E+01     2.16985120E-03     1.43097640E+00     5.01949000E-05     1.70000000E-08     9.81928900E-04     2.55000000E-08     0.00000000E+00     2.28300000E-07     0.00000000E+00
    1.07140000E+05     3.75000000E+01     2.19917360E-03     1.43097640E+00     5.01949000E-05     1.85000000E-08     1.02227790E-03     2.77000000E-08     0.00000000E+00     2.31400000E-07     0.00000000E+00
    1.07140000E+05     3.80000000E+01     2.22849590E-03     1.43097640E+00     5.01949000E-05     2.00000000E-08     1.06371750E-03     3.00000000E-08     0.00000000E+00     2.34500000E-07     0.00000000E+00
    1.07140000E+05     3.85000000E+01     2.25781820E-03     1.43097640E+00     5.01949000E-05     2.16000000E-08     1.10626220E-03     3.24000000E-08     0.00000000E+00     2.37600000E-07     0.00000000E+00
    1.07140000E+05     3.90000000E+01     2.28714050E-03     1.43097640E+00     5.01949000E-05     2.34000000E-08     1.14992650E-03     3.50000000E-08     0.00000000E+00     2.40700000E-07     0.00000000E+00
    1.07140000E+05     3.95000000E+01     2.31646280E-03     1.43097640E+00     5.01949000E-05     2.52000000E-08     1.19472490E-03     3.78000000E-08     0.00000000E+00     2.43700000E-07     0.00000000E+00
    1.07140000E+05     4.00000000E+01     2.34578510E-03     1.43097640E+00     5.01949000E-05     2.72000000E-08     1.24067200E-03     4.08000000E-08     0.00000000E+00     2.46800000E-07     0.00000000E+00
    1.07140000E+05     4.05000000E+01     2.37510740E-03     1.43097640E+00     5.01949000E-05     2.93000000E-08     1.28778240E-03     4.39000000E-08     0.00000000E+00     2.49900000E-07     0.00000000E+00
    1.07140000E+05     4.10000000E+01     2.40442980E-03     1.43097640E+00     5.01949000E-05     3.15000000E-08     1.33607050E-03     4.73000000E-08     0.00000000E+00     2.53000000E-07     0.00000000E+00
    1.07140000E+05     4.15000000E+01     2.43375210E-03     1.43097640E+00     5.01949000E-05     3.39000000E-08     1.38555100E-03     5.09000000E-08     0.00000000E+00     2.56100000E-07     0.00000000E+00
    1.07140000E+05     4.20000000E+01     2.46307440E-03     1.43097640E+00     5.01949000E-05     3.64000000E-08     1.43623830E-03     5.47000000E-08     0.00000000E+00     2.59200000E-07     0.00000000E+00
    1.07140000E+05     4.25000000E+01     2.49239670E-03     1.43097640E+00     5.01949000E-05     3.91000000E-08     1.48814700E-03     5.87000000E-08     0.00000000E+00     2.62300000E-07     0.00000000E+00
    1.07140000E+05     4.30000000E+01     2.52171900E-03     1.43097640E+00     5.01949000E-05     4.20000000E-08     1.54129180E-03     6.29000000E-08     0.00000000E+00     2.65300000E-07     0.00000000E+00
    1.07140000E+05     4.35000000E+01     2.55104130E-03     1.43097640E+00     5.01949000E-05     4.50000000E-08     1.59568710E-03     6.75000000E-08     0.00000000E+00     2.68400000E-07     0.00000000E+00
    1.07140000E+05     4.40000000E+01     2.58036360E-03     1.43097640E+00     5.01949000E-05     4.82000000E-08     1.65134730E-03     7.23000000E-08     0.00000000E+00     2.71500000E-07     0.00000000E+00
    1.07140000E+05     4.45000000E+01     2.60968600E-03     1.43097640E+00     5.01949000E-05     5.16000000E-08     1.70828730E-03     7.73000000E-08     0.00000000E+00     2.74600000E-07     0.00000000E+00
    1.07140000E+05     4.50000000E+01     2.63900830E-03     1.43097640E+00     5.01949000E-05     5.51000000E-08     1.76652140E-03     8.27000000E-08     0.00000000E+00     2.77700000E-07     0.00000000E+00
    1.07140000E+05     4.55000000E+01     2.66833060E-03     1.43097640E+00     5.01949000E-05     5.89000000E-08     1.82606420E-03     8.84000000E-08     0.00000000E+00     2.80800000E-07     0.00000000E+00
    1.07140000E+05     4.60000000E+01     2.69765290E-03     1.43097640E+00     5.01949000E-05     6.29000000E-08     1.88693020E-03     9.43000000E-08     0.00000000E+00     2.83900000E-07     0.00000000E+00
    1.07140000E+05     4.65000000E+01     2.72697520E-03     1.43097640E+00     5.01949000E-05     6.71000000E-08     1.94913410E-03     1.00700000E-07     0.00000000E+00     2.86900000E-07     0.00000000E+00
    1.07140000E+05     4.70000000E+01     2.75629750E-03     1.43097640E+00     5.01949000E-05     7.16000000E-08     2.01269030E-03     1.07300000E-07     0.00000000E+00     2.90000000E-07     0.00000000E+00
    1.07140000E+05     4.75000000E+01     2.78561980E-03     1.43097640E+00     5.01949000E-05     7.63000000E-08     2.07761340E-03     1.14400000E-07     0.00000000E+00     2.93100000E-07     0.00000000E+00
    1.07140000E+05     4.80000000E+01     2.81494220E-03     1.43097640E+00     5.01949000E-05     8.12000000E-08     2.14391790E-03     1.21800000E-07     0.00000000E+00     2.96200000E-07     0.00000000E+00
    1.07140000E+05     4.85000000E+01     2.84426450E-03     1.43097640E+00     5.01949000E-05     8.64000000E-08     2.21161850E-03     1.29600000E-07     0.00000000E+00     2.99300000E-07     0.00000000E+00
    1.07140000E+05     4.90000000E+01     2.87358680E-03     1.43097640E+00     5.01949000E-05     9.19000000E-08     2.28072960E-03     1.37800000E-07     0.00000000E+00     3.02400000E-07     0.00000000E+00
    1.07140000E+05     4.95000000E+01     2.90290910E-03     1.43097640E+00     5.01949000E-05     9.77000000E-08     2.35126600E-03     1.46500000E-07     0.00000000E+00     3.05500000E-07     0.00000000E+00
    1.07140000E+05     5.10000000E+01     2.99087600E-03     1.43097640E+00     5.01949000E-05     1.17200000E-07     2.57305410E-03     1.75700000E-07     0.00000000E+00     3.14700000E-07     0.00000000E+00
    1.07140000E+05     5.35000000E+01     3.13748760E-03     1.43097640E+00     5.01949000E-05     1.56100000E-07     2.97016190E-03     2.34100000E-07     0.00000000E+00     3.30100000E-07     0.00000000E+00
    1.07140000E+05     5.60000000E+01     3.28409920E-03     1.43097640E+00     5.01949000E-05     2.05200000E-07     3.40617180E-03     3.07900000E-07     0.00000000E+00     3.45600000E-07     0.00000000E+00
    1.07140000E+05     5.85000000E+01     3.43071080E-03     1.43097640E+00     5.01949000E-05     2.66700000E-07     3.88290320E-03     4.00000000E-07     0.00000000E+00     3.61000000E-07     0.00000000E+00
    1.07140000E+05     6.10000000E+01     3.57732230E-03     1.43097640E+00     5.01949000E-05     3.42700000E-07     4.40217590E-03     5.14100000E-07     0.00000000E+00     3.76400000E-07     0.00000000E+00
    1.07140000E+05     6.35000000E+01     3.72393390E-03     1.43097640E+00     5.01949000E-05     4.36000000E-07     4.96581000E-03     6.54100000E-07     0.00000000E+00     3.91900000E-07     1.00000000E-10
    1.07140000E+05     6.60000000E+01     3.87054550E-03     1.43097640E+00     5.01949000E-05     5.49700000E-07     5.57562610E-03     8.24500000E-07     0.00000000E+00     4.07300000E-07     1.00000000E-10
    1.07140000E+05     6.85000000E+01     4.01715700E-03     1.43097640E+00     5.01949000E-05     6.86900000E-07     6.23344500E-03     1.03040000E-06     0.00000000E+00     4.22700000E-07     1.00000000E-10
    1.07140000E+05     7.10000000E+01     4.16376860E-03     1.43097640E+00     5.01949000E-05     8.51700000E-07     6.94108800E-03     1.27750000E-06     1.00000000E-10     4.38200000E-07     1.00000000E-10
    1.07140000E+05     7.35000000E+01     4.31038020E-03     1.43097640E+00     5.01949000E-05     1.04810000E-06     7.70037660E-03     1.57220000E-06     1.00000000E-10     4.53600000E-07     1.00000000E-10
    1.07140000E+05     7.60000000E+01     4.45699180E-03     1.43097640E+00     5.01949000E-05     1.28090000E-06     8.51313330E-03     1.92140000E-06     1.00000000E-10     4.69000000E-07     1.00000000E-10
    1.07140000E+05     7.85000000E+01     4.60360330E-03     1.43097640E+00     5.01949000E-05     1.55540000E-06     9.38118060E-03     2.33300000E-06     1.00000000E-10     4.84500000E-07     1.00000000E-10
    1.07140000E+05     8.10000000E+01     4.75021490E-03     1.43097640E+00     5.01949000E-05     1.87710000E-06     1.03063417E-02     2.81560000E-06     1.00000000E-10     4.99900000E-07     1.00000000E-10
    1.07140000E+05     8.35000000E+01     4.89682650E-03     1.43097640E+00     5.01949000E-05     2.25250000E-06     1.12904412E-02     3.37880000E-06     1.00000000E-10     5.15300000E-07     2.00000000E-10
    1.07140000E+05     8.60000000E+01     5.04343800E-03     1.43097640E+00     5.01949000E-05     2.68850000E-06     1.23353024E-02     4.03280000E-06     1.00000000E-10     5.30800000E-07     2.00000000E-10
    1.07140000E+05     8.85000000E+01     5.19004960E-03     1.43097640E+00     5.01949000E-05     3.19270000E-06     1.34427512E-02     4.78900000E-06     1.00000000E-10     5.46200000E-07     2.00000000E-10
    1.07140000E+05     9.10000000E+01     5.33666120E-03     1.43097640E+00     5.01949000E-05     3.77330000E-06     1.46146136E-02     5.65990000E-06     1.00000000E-10     5.61700000E-07     2.00000000E-10
    1.07140000E+05     9.35000000E+01     5.48327280E-03     1.43097640E+00     5.01949000E-05     4.43940000E-06     1.58527156E-02     6.65910000E-06     2.00000000E-10     5.77100000E-07     2.00000000E-10
    1.07140000E+05     9.60000000E+01     5.62988430E-03     1.43097640E+00     5.01949000E-05     5.20070000E-06     1.71588852E-02     7.80100000E-06     2.00000000E-10     5.92600000E-07     3.00000000E-10
    1.07140000E+05     9.85000000E+01     5.77649590E-03     1.43097640E+00     5.01949000E-05     6.06790000E-06     1.85349494E-02     9.10170000E-06     2.00000000E-10     6.08000000E-07     3.00000000E-10
    1.07140000E+05     1.01000000E+02     5.92310750E-03     1.43097640E+00     5.01949000E-05     7.05230000E-06     1.99827390E-02     1.05783000E-05     2.00000000E-10     6.23400000E-07     3.00000000E-10
    1.07140000E+05     1.03500000E+02     6.06971900E-03     1.43097640E+00     5.01949000E-05     8.16640000E-06     2.15040838E-02     1.22494000E-05     2.00000000E-10     6.38900000E-07     4.00000000E-10
    1.07140000E+05     1.06000000E+02     6.21633060E-03     1.43097640E+00     5.01949000E-05     9.42350000E-06     2.31008128E-02     1.41349000E-05     3.00000000E-10     6.54300000E-07     4.00000000E-10
    1.07140000E+05     1.08500000E+02     6.36294220E-03     1.43097640E+00     5.01949000E-05     1.08378000E-05     2.47747602E-02     1.62564000E-05     3.00000000E-10     6.69800000E-07     4.00000000E-10
    1.07140000E+05     1.11000000E+02     6.50955370E-03     1.43097640E+00     5.01949000E-05     1.24247000E-05     2.65277588E-02     1.86367000E-05     3.00000000E-10     6.85300000E-07     5.00000000E-10
    1.07140000E+05     1.13500000E+02     6.65616530E-03     1.43097640E+00     5.01949000E-05     1.42008000E-05     2.83616408E-02     2.13008000E-05     4.00000000E-10     7.00700000E-07     5.00000000E-10
    1.07140000E+05     1.16000000E+02     6.80277690E-03     1.43097640E+00     5.01949000E-05     1.61836000E-05     3.02782446E-02     2.42749000E-05     4.00000000E-10     7.16200000E-07     6.00000000E-10
    1.07140000E+05     1.18500000E+02     6.94938850E-03     1.43097640E+00     5.01949000E-05     1.83919000E-05     3.22794032E-02     2.75873000E-05     4.00000000E-10     7.31600000E-07     6.00000000E-10
    1.07140000E+05     1.21000000E+02     7.09600000E-03     1.43097640E+00     5.01949000E-05     2.08459000E-05     3.43669582E-02     3.12681000E-05     5.00000000E-10     7.47100000E-07     7.00000000E-10
    1.07140000E+05     1.23500000E+02     7.24261160E-03     1.43097640E+00     5.01949000E-05     2.35668000E-05     3.65427456E-02     3.53493000E-05     5.00000000E-10     7.62600000E-07     7.00000000E-10
    1.07140000E+05     1.26000000E+02     7.38922320E-03     1.43097640E+00     5.01949000E-05     2.65775000E-05     3.88086070E-02     3.98652000E-05     5.00000000E-10     7.78000000E-07     8.00000000E-10
    1.07140000E+05     1.28500000E+02     7.53583470E-03     1.43097640E+00     5.01949000E-05     2.99021000E-05     4.11663862E-02     4.48519000E-05     6.00000000E-10     7.93500000E-07     9.00000000E-10
    1.07140000E+05     1.31000000E+02     7.68244630E-03     1.43097640E+00     5.01949000E-05     3.35662000E-05     4.36179240E-02     5.03480000E-05     6.00000000E-10     8.09000000E-07     9.00000000E-10
    1.07140000E+05     1.33500000E+02     7.82905790E-03     1.43097640E+00     5.01949000E-05     3.75972000E-05     4.61650672E-02     5.63942000E-05     7.00000000E-10     8.24500000E-07     1.00000000E-09
    1.07140000E+05     1.36000000E+02     7.97566950E-03     1.43097640E+00     5.01949000E-05     4.20237000E-05     4.88096614E-02     6.30338000E-05     7.00000000E-10     8.39900000E-07     1.10000000E-09
    1.07140000E+05     1.38500000E+02     8.12228100E-03     1.43097640E+00     5.01949000E-05     4.68763000E-05     5.15535554E-02     7.03124000E-05     8.00000000E-10     8.55400000E-07     1.20000000E-09
    1.07140000E+05     1.41000000E+02     8.26889260E-03     1.43097640E+00     5.01949000E-05     5.21872000E-05     5.43986000E-02     7.82783000E-05     8.00000000E-10     8.70900000E-07     1.30000000E-09
    1.07140000E+05     1.43500000E+02     8.41550420E-03     1.43097640E+00     5.01949000E-05     5.79902000E-05     5.73466466E-02     8.69825000E-05     9.00000000E-10     8.86400000E-07     1.30000000E-09
    1.07140000E+05     1.46000000E+02     8.56211570E-03     1.43097640E+00     5.01949000E-05     6.43214000E-05     6.03995486E-02     9.64788000E-05     1.00000000E-09     9.01900000E-07     1.40000000E-09
    1.07140000E+05     1.48500000E+02     8.70872730E-03     1.43097640E+00     5.01949000E-05     7.12183000E-05     6.35591620E-02     1.06823800E-04     1.00000000E-09     9.17400000E-07     1.50000000E-09
    1.07140000E+05     1.51000000E+02     8.85533890E-03     1.43097640E+00     5.01949000E-05     7.87209000E-05     6.68273448E-02     1.18077000E-04     1.10000000E-09     9.32900000E-07     1.60000000E-09
    1.07140000E+05     1.53500000E+02     9.00195050E-03     1.43097640E+00     5.01949000E-05     8.68708000E-05     7.02059564E-02     1.30301400E-04     1.20000000E-09     9.48400000E-07     1.80000000E-09
    1.07140000E+05     1.56000000E+02     9.14856200E-03     1.43097640E+00     5.01949000E-05     9.57121000E-05     7.36968584E-02     1.43562600E-04     1.30000000E-09     9.63900000E-07     1.90000000E-09
    1.07140000E+05     1.58500000E+02     9.29517360E-03     1.43097640E+00     5.01949000E-05     1.05290900E-04     7.73019174E-02     1.57930000E-04     1.30000000E-09     9.79400000E-07     2.00000000E-09
    1.07140000E+05     1.61000000E+02     9.44178520E-03     1.43097640E+00     5.01949000E-05     1.15655500E-04     8.10229964E-02     1.73476100E-04     1.40000000E-09     9.94900000E-07     2.10000000E-09
    1.07140000E+05     1.63500000E+02     9.58839670E-03     1.43097640E+00     5.01949000E-05     1.26856800E-04     8.48619670E-02     1.90277200E-04     1.50000000E-09     1.01040000E-06     2.30000000E-09
    1.07140000E+05     1.66000000E+02     9.73500830E-03     1.43097640E+00     5.01949000E-05     1.38948000E-04     8.88207004E-02     2.08412900E-04     1.60000000E-09     1.02590000E-06     2.40000000E-09
    1.07140000E+05     1.68500000E+02     9.88161990E-03     1.43097640E+00     5.01949000E-05     1.51984600E-04     9.29010682E-02     2.27966700E-04     1.70000000E-09     1.04150000E-06     2.60000000E-09
    1.07140000E+05     1.71000000E+02     1.00282314E-02     1.43097640E+00     5.01949000E-05     1.66025000E-04     9.71049482E-02     2.49026000E-04     1.80000000E-09     1.05700000E-06     2.70000000E-09
    1.07140000E+05     1.73500000E+02     1.01748430E-02     1.43097640E+00     5.01949000E-05     1.81130100E-04     1.01434220E-01     2.71682200E-04     1.90000000E-09     1.07250000E-06     2.90000000E-09
    1.07140000E+05     1.76000000E+02     1.03214546E-02     1.43097640E+00     5.01949000E-05     1.97363400E-04     1.05890766E-01     2.96030600E-04     2.00000000E-09     1.08810000E-06     3.00000000E-09
    1.07140000E+05     1.78500000E+02     1.04680662E-02     1.43097640E+00     5.01949000E-05     2.14791500E-04     1.10476470E-01     3.22171000E-04     2.10000000E-09     1.10360000E-06     3.20000000E-09
    1.07140000E+05     1.81000000E+02     1.06146776E-02     1.43097640E+00     5.01949000E-05     2.33483600E-04     1.15193218E-01     3.50207300E-04     2.30000000E-09     1.11920000E-06     3.40000000E-09
    1.07140000E+05     1.83500000E+02     1.07612894E-02     1.43097640E+00     5.01949000E-05     2.53512100E-04     1.20042902E-01     3.80247900E-04     2.40000000E-09     1.13470000E-06     3.60000000E-09
    1.07140000E+05     1.86000000E+02     1.09079010E-02     1.43097640E+00     5.01949000E-05     2.74952300E-04     1.25027416E-01     4.12405900E-04     2.50000000E-09     1.15030000E-06     3.80000000E-09
    1.07140000E+05     1.88500000E+02     1.10545124E-02     1.43097640E+00     5.01949000E-05     2.97882800E-04     1.30148660E-01     4.46799100E-04     2.70000000E-09     1.16590000E-06     4.00000000E-09
    1.07140000E+05     1.91000000E+02     1.12011240E-02     1.43097640E+00     5.01949000E-05     3.22385200E-04     1.35408530E-01     4.83549900E-04     2.80000000E-09     1.18140000E-06     4.20000000E-09
    1.07140000E+05     1.93500000E+02     1.13477356E-02     1.43097640E+00     5.01949000E-05     3.48544700E-04     1.40808926E-01     5.22786000E-04     3.00000000E-09     1.19700000E-06     4.40000000E-09
    1.07140000E+05     1.96000000E+02     1.14943472E-02     1.43097640E+00     5.01949000E-05     3.76449600E-04     1.46351764E-01     5.64640100E-04     3.10000000E-09     1.21260000E-06     4.70000000E-09
    1.07140000E+05     1.98500000E+02     1.16409586E-02     1.43097640E+00     5.01949000E-05     4.06192100E-04     1.52038946E-01     6.09250100E-04     3.30000000E-09     1.22820000E-06     4.90000000E-09
    1.07140000E+05     2.01000000E+02     1.17875704E-02     1.43097640E+00     5.01949000E-05     4.37867500E-04     1.57872394E-01     6.56759200E-04     3.40000000E-09     1.24380000E-06     5.20000000E-09
    1.07140000E+05     2.03500000E+02     1.19341818E-02     1.43097640E+00     5.01949000E-05     4.71575100E-04     1.63854024E-01     7.07316300E-04     3.60000000E-09     1.25940000E-06     5.40000000E-09
    1.07140000E+05     2.06000000E+02     1.20807934E-02     1.43097640E+00     5.01949000E-05     5.07418000E-04     1.69985756E-01     7.61075900E-04     3.80000000E-09     1.27500000E-06     5.70000000E-09
    1.07140000E+05     2.08500000E+02     1.22274050E-02     1.43097640E+00     5.01949000E-05     5.45502900E-04     1.76269506E-01     8.18198100E-04     4.00000000E-09     1.29060000E-06     6.00000000E-09
    1.07140000E+05     2.11000000E+02     1.23740166E-02     1.43097640E+00     5.01949000E-05     5.85940800E-04     1.82707216E-01     8.78849200E-04     4.20000000E-09     1.30620000E-06     6.30000000E-09
    1.07140000E+05     2.13500000E+02     1.25206282E-02     1.43097640E+00     5.01949000E-05     6.28846400E-04     1.89300814E-01     9.43201500E-04     4.40000000E-09     1.32190000E-06     6.60000000E-09
    1.07140000E+05     2.16000000E+02     1.26672396E-02     1.43097640E+00     5.01949000E-05     6.74338800E-04     1.96052248E-01     1.01143360E-03     4.60000000E-09     1.33750000E-06     6.90000000E-09
    1.07140000E+05     2.18500000E+02     1.28138514E-02     1.43097640E+00     5.01949000E-05     7.22541400E-04     2.02963446E-01     1.08373030E-03     4.80000000E-09     1.35320000E-06     7.20000000E-09
    1.07140000E+05     2.21000000E+02     1.29604628E-02     1.43097640E+00     5.01949000E-05     7.73581800E-04     2.10036362E-01     1.16028300E-03     5.00000000E-09     1.36880000E-06     7.60000000E-09
    1.07140000E+05     2.23500000E+02     1.31070744E-02     1.43097640E+00     5.01949000E-05     8.27592000E-04     2.17272938E-01     1.24128990E-03     5.30000000E-09     1.38450000E-06     7.90000000E-09
    1.07140000E+05     2.26000000E+02     1.32536860E-02     1.43097640E+00     5.01949000E-05     8.84708800E-04     2.24675144E-01     1.32695590E-03     5.50000000E-09     1.40020000E-06     8.30000000E-09
    1.07140000E+05     2.28500000E+02     1.34002976E-02     1.43097640E+00     5.01949000E-05     9.45073500E-04     2.32244936E-01     1.41749320E-03     5.80000000E-09     1.41580000E-06     8.60000000E-09
    1.07140000E+05     2.31000000E+02     1.35469092E-02     1.43097640E+00     5.01949000E-05     1.00883220E-03     2.39984266E-01     1.51312050E-03     6.00000000E-09     1.43150000E-06     9.00000000E-09
    1.07140000E+05     2.33500000E+02     1.36935206E-02     1.43097640E+00     5.01949000E-05     1.07613580E-03     2.47895120E-01     1.61406440E-03     6.30000000E-09     1.44720000E-06     9.40000000E-09
    1.07140000E+05     2.36000000E+02     1.38401324E-02     1.43097640E+00     5.01949000E-05     1.14714020E-03     2.55979456E-01     1.72055870E-03     6.60000000E-09     1.46290000E-06     9.80000000E-09
    1.07140000E+05     2.38500000E+02     1.39867438E-02     1.43097640E+00     5.01949000E-05     1.22200680E-03     2.64239280E-01     1.83284530E-03     6.80000000E-09     1.47860000E-06     1.03000000E-08
    1.07140000E+05     2.41000000E+02     1.41333554E-02     1.43097640E+00     5.01949000E-05     1.30090150E-03     2.72676552E-01     1.95117290E-03     7.10000000E-09     1.49440000E-06     1.07000000E-08
    1.07140000E+05     2.43500000E+02     1.42799670E-02     1.43097640E+00     5.01949000E-05     1.38399600E-03     2.81293280E-01     2.07579930E-03     7.40000000E-09     1.51010000E-06     1.11000000E-08
    1.07140000E+05     2.46000000E+02     1.44265786E-02     1.43097640E+00     5.01949000E-05     1.47146740E-03     2.90091454E-01     2.20698970E-03     7.70000000E-09     1.52580000E-06     1.16000000E-08
    1.07140000E+05     2.48500000E+02     1.45731902E-02     1.43097640E+00     5.01949000E-05     1.56349770E-03     2.99073060E-01     2.34501750E-03     8.10000000E-09     1.54160000E-06     1.21000000E-08
    1.07140000E+05     2.52250000E+02     1.47931075E-02     1.43097640E+00     5.01949000E-05     1.71113550E-03     3.12917403E-01     2.56644470E-03     8.60000000E-09     1.56520000E-06     1.28000000E-08
    1.07140000E+05     2.57250000E+02     1.50863306E-02     1.43097640E+00     5.01949000E-05     1.92495930E-03     3.32006457E-01     2.88713660E-03     9.30000000E-09     1.59680000E-06     1.39000000E-08
    1.07140000E+05     2.62250000E+02     1.53795538E-02     1.43097640E+00     5.01949000E-05     2.16060130E-03     3.51865635E-01     3.24054930E-03     1.00000000E-08     1.62840000E-06     1.50000000E-08
    1.07140000E+05     2.67250000E+02     1.56727769E-02     1.43097640E+00     5.01949000E-05     2.41980720E-03     3.72511223E-01     3.62930050E-03     1.08000000E-08     1.66000000E-06     1.62000000E-08
    1.07140000E+05     2.72250000E+02     1.59660001E-02     1.43097640E+00     5.01949000E-05     2.70442540E-03     3.93959623E-01     4.05616230E-03     1.16000000E-08     1.69170000E-06     1.74000000E-08
    1.07140000E+05     2.77250000E+02     1.62592232E-02     1.43097640E+00     5.01949000E-05     3.01641160E-03     4.16227363E-01     4.52406690E-03     1.25000000E-08     1.72350000E-06     1.87000000E-08
    1.07140000E+05     2.82250000E+02     1.65524464E-02     1.43097640E+00     5.01949000E-05     3.35783140E-03     4.39331053E-01     5.03611210E-03     1.34000000E-08     1.75530000E-06     2.01000000E-08
    1.07140000E+05     2.87250000E+02     1.68456695E-02     1.43097640E+00     5.01949000E-05     3.73086600E-03     4.63287433E-01     5.59556820E-03     1.44000000E-08     1.78710000E-06     2.16000000E-08
    1.07140000E+05     2.92250000E+02     1.71388926E-02     1.43097640E+00     5.01949000E-05     4.13781510E-03     4.88113368E-01     6.20588380E-03     1.54000000E-08     1.81900000E-06     2.31000000E-08
    1.07140000E+05     2.97250000E+02     1.74321158E-02     1.43097640E+00     5.01949000E-05     4.58110190E-03     5.13825836E-01     6.87069210E-03     1.65000000E-08     1.85090000E-06     2.47000000E-08
    1.07140000E+05     3.02250000E+02     1.77253389E-02     1.43097640E+00     5.01949000E-05     5.06327740E-03     5.40441956E-01     7.59381810E-03     1.76000000E-08     1.88290000E-06     2.65000000E-08
    1.07140000E+05     3.07250000E+02     1.80185621E-02     1.43097640E+00     5.01949000E-05     5.58702380E-03     5.67978956E-01     8.37928390E-03     1.88000000E-08     1.91500000E-06     2.82000000E-08
    1.07140000E+05     3.12250000E+02     1.83117852E-02     1.43097640E+00     5.01949000E-05     6.15516080E-03     5.96454221E-01     9.23131670E-03     2.01000000E-08     1.94710000E-06     3.01000000E-08
    1.07140000E+05     3.17250000E+02     1.86050084E-02     1.43097640E+00     5.01949000E-05     6.77064840E-03     6.25885281E-01     1.01543552E-02     2.14000000E-08     1.97930000E-06     3.21000000E-08
    1.07140000E+05     3.22250000E+02     1.88982315E-02     1.43097640E+00     5.01949000E-05     7.43659260E-03     6.56289800E-01     1.11530559E-02     2.28000000E-08     2.01160000E-06     3.42000000E-08
    1.07140000E+05     3.27250000E+02     1.91914546E-02     1.43097640E+00     5.01949000E-05     8.15624970E-03     6.87685602E-01     1.22323015E-02     2.42000000E-08     2.04390000E-06     3.64000000E-08
    1.07140000E+05     3.32250000E+02     1.94846778E-02     1.43097640E+00     5.01949000E-05     8.93303100E-03     7.20090653E-01     1.33972060E-02     2.58000000E-08     2.07630000E-06     3.86000000E-08
    1.07140000E+05     3.37250000E+02     1.97779008E-02     1.43097640E+00     5.01949000E-05     9.77050790E-03     7.53523096E-01     1.46531242E-02     2.73000000E-08     2.10870000E-06     4.10000000E-08
    1.07140000E+05     3.42250000E+02     2.00711241E-02     1.43097640E+00     5.01949000E-05     1.06724170E-02     7.88001239E-01     1.60056585E-02     2.90000000E-08     2.14120000E-06     4.35000000E-08
    1.07140000E+05     3.47250000E+02     2.03643472E-02     1.43097640E+00     5.01949000E-05     1.16426639E-02     8.23543547E-01     1.74606639E-02     3.07000000E-08     2.17380000E-06     4.61000000E-08
    1.07140000E+05     3.52250000E+02     2.06575703E-02     1.43097640E+00     5.01949000E-05     1.26853302E-02     8.60168661E-01     1.90242595E-02     3.25000000E-08     2.20650000E-06     4.88000000E-08
    1.07140000E+05     3.57250000E+02     2.09507935E-02     1.43097640E+00     5.01949000E-05     1.38046772E-02     8.97895433E-01     2.07028343E-02     3.44000000E-08     2.23930000E-06     5.16000000E-08
    1.07140000E+05     3.62250000E+02     2.12440166E-02     1.43097640E+00     5.01949000E-05     1.50051514E-02     9.36742854E-01     2.25030539E-02     3.64000000E-08     2.27210000E-06     5.46000000E-08
    1.07140000E+05     3.67250000E+02     2.15372398E-02     1.43097640E+00     5.01949000E-05     1.62913905E-02     9.76730156E-01     2.44318709E-02     3.84000000E-08     2.30510000E-06     5.77000000E-08
    1.07140000E+05     3.72250000E+02     2.18304628E-02     1.43097640E+00     5.01949000E-05     1.76682275E-02     1.01787672E+00     2.64965309E-02     4.06000000E-08     2.33810000E-06     6.09000000E-08
    1.07140000E+05     3.77250000E+02     2.21236861E-02     1.43097640E+00     5.01949000E-05     1.91406978E-02     1.06020218E+00     2.87045814E-02     4.28000000E-08     2.37120000E-06     6.42000000E-08
    1.07140000E+05     3.82250000E+02     2.24169092E-02     1.43097640E+00     5.01949000E-05     2.07140426E-02     1.10372635E+00     3.10638810E-02     4.51000000E-08     2.40430000E-06     6.77000000E-08
    1.07140000E+05     3.87250000E+02     2.27101323E-02     1.43097640E+00     5.01949000E-05     2.23937163E-02     1.14846921E+00     3.35826048E-02     4.75000000E-08     2.43760000E-06     7.13000000E-08
    1.07140000E+05     3.92250000E+02     2.30033555E-02     1.43097640E+00     5.01949000E-05     2.41853926E-02     1.19445103E+00     3.62692575E-02     5.00000000E-08     2.47100000E-06     7.50000000E-08
    1.07140000E+05     3.97250000E+02     2.32965786E-02     1.43097640E+00     5.01949000E-05     2.60949681E-02     1.24169235E+00     3.91326793E-02     5.26000000E-08     2.50450000E-06     7.89000000E-08
    1.07140000E+05     4.02250000E+02     2.35898018E-02     1.43097640E+00     5.01949000E-05     2.81285682E-02     1.29021376E+00     4.21820509E-02     5.53000000E-08     2.53810000E-06     8.30000000E-08
    1.07140000E+05     4.07250000E+02     2.38830248E-02     1.43097640E+00     5.01949000E-05     3.02925573E-02     1.34003632E+00     4.54269129E-02     5.81000000E-08     2.57170000E-06     8.72000000E-08
    1.07140000E+05     4.12250000E+02     2.41762481E-02     1.43097640E+00     5.01949000E-05     3.25935364E-02     1.39118107E+00     4.88771591E-02     6.10000000E-08     2.60550000E-06     9.15000000E-08
    1.07140000E+05     4.17250000E+02     2.44694712E-02     1.43097640E+00     5.01949000E-05     3.50383616E-02     1.44366960E+00     5.25430658E-02     6.41000000E-08     2.63940000E-06     9.61000000E-08
    1.07140000E+05     4.22250000E+02     2.47626943E-02     1.43097640E+00     5.01949000E-05     3.76341335E-02     1.49752344E+00     5.64352765E-02     6.72000000E-08     2.67340000E-06     1.00700000E-07
    1.07140000E+05     4.27250000E+02     2.50559175E-02     1.43097640E+00     5.01949000E-05     4.03882226E-02     1.55276466E+00     6.05648377E-02     7.04000000E-08     2.70750000E-06     1.05600000E-07
    1.07140000E+05     4.32250000E+02     2.53491406E-02     1.43097640E+00     5.01949000E-05     4.33082602E-02     1.60941546E+00     6.49431876E-02     7.38000000E-08     2.74180000E-06     1.10600000E-07
    1.07140000E+05     4.37250000E+02     2.56423638E-02     1.43097640E+00     5.01949000E-05     4.64021464E-02     1.66749825E+00     6.95821666E-02     7.72000000E-08     2.77610000E-06     1.15800000E-07
    1.07140000E+05     4.42250000E+02     2.59355868E-02     1.43097640E+00     5.01949000E-05     4.96780725E-02     1.72703588E+00     7.44940511E-02     8.08000000E-08     2.81060000E-06     1.21200000E-07
    1.07140000E+05     4.47250000E+02     2.62288101E-02     1.43097640E+00     5.01949000E-05     5.31445013E-02     1.78805133E+00     7.96915246E-02     8.46000000E-08     2.84520000E-06     1.26800000E-07
    1.07140000E+05     4.52250000E+02     2.65220332E-02     1.43097640E+00     5.01949000E-05     5.68101999E-02     1.85056803E+00     8.51877261E-02     8.84000000E-08     2.87990000E-06     1.32600000E-07
    1.07140000E+05     4.57250000E+02     2.68152563E-02     1.43097640E+00     5.01949000E-05     6.06842251E-02     1.91460958E+00     9.09962293E-02     9.24000000E-08     2.91480000E-06     1.38500000E-07
    1.07140000E+05     4.62250000E+02     2.71084795E-02     1.43097640E+00     5.01949000E-05     6.47759460E-02     1.98019994E+00     9.71310737E-02     9.65000000E-08     2.94980000E-06     1.44700000E-07
    1.07140000E+05     4.67250000E+02     2.74017025E-02     1.43097640E+00     5.01949000E-05     6.90950368E-02     2.04736336E+00     1.03606759E-01     1.00700000E-07     2.98490000E-06     1.51000000E-07
    1.07140000E+05     4.72250000E+02     2.76949258E-02     1.43097640E+00     5.01949000E-05     7.36515028E-02     2.11612453E+00     1.10438277E-01     1.05100000E-07     3.02020000E-06     1.57600000E-07
    1.07140000E+05     4.77250000E+02     2.79881488E-02     1.43097640E+00     5.01949000E-05     7.84556576E-02     2.18650820E+00     1.17641080E-01     1.09600000E-07     3.05560000E-06     1.64400000E-07
    1.07140000E+05     4.82250000E+02     2.82813720E-02     1.43097640E+00     5.01949000E-05     8.35181670E-02     2.25853977E+00     1.25231160E-01     1.14300000E-07     3.09120000E-06     1.71400000E-07
    1.07140000E+05     4.87250000E+02     2.85745952E-02     1.43097640E+00     5.01949000E-05     8.88500256E-02     2.33224477E+00     1.33224982E-01     1.19100000E-07     3.12690000E-06     1.78600000E-07
    1.07140000E+05     4.92250000E+02     2.88678183E-02     1.43097640E+00     5.01949000E-05     9.44625687E-02     2.40764906E+00     1.41639536E-01     1.24100000E-07     3.16270000E-06     1.86100000E-07
    1.07140000E+05     4.97250000E+02     2.91610415E-02     1.43097640E+00     5.01949000E-05     1.00367512E-01     2.48477908E+00     1.50492379E-01     1.29200000E-07     3.19870000E-06     1.93700000E-07
    1.07140000E+05     5.12250000E+02     3.00407109E-02     1.43097640E+00     5.01949000E-05     1.20302113E-01     2.72862623E+00     1.80378078E-01     1.45700000E-07     3.30790000E-06     2.18400000E-07
    1.07140000E+05     5.37250000E+02     3.15068266E-02     1.43097640E+00     5.01949000E-05     1.60074925E-01     3.16920178E+00     2.40002507E-01     1.76200000E-07     3.49290000E-06     2.64200000E-07
    1.07140000E+05     5.62250000E+02     3.29729423E-02     1.43097640E+00     5.01949000E-05     2.10252008E-01     3.65929934E+00     3.15219978E-01     2.11400000E-07     3.68260000E-06     3.16900000E-07
    1.07140000E+05     5.87250000E+02     3.44390580E-02     1.43097640E+00     5.01949000E-05     2.72905869E-01     4.20281793E+00     4.09135074E-01     2.51600000E-07     3.87720000E-06     3.77100000E-07
    1.07140000E+05     6.12250000E+02     3.59051737E-02     1.43097640E+00     5.01949000E-05     3.50404408E-01     4.80395284E+00     5.25294423E-01     2.97200000E-07     4.07740000E-06     4.45500000E-07
    1.07140000E+05     6.37250000E+02     3.73712894E-02     1.43097640E+00     5.01949000E-05     4.45437754E-01     5.46722256E+00     6.67726771E-01     3.48800000E-07     4.28350000E-06     5.22800000E-07
    1.07140000E+05     6.62250000E+02     3.88374051E-02     1.43097640E+00     5.01949000E-05     5.61046224E-01     6.19749646E+00     8.40984681E-01     4.06800000E-07     4.49610000E-06     6.09700000E-07
    1.07140000E+05     6.87250000E+02     4.03035208E-02     1.43097640E+00     5.01949000E-05     7.00649577E-01     7.00002461E+00     1.05018817E+00     4.71700000E-07     4.71570000E-06     7.07100000E-07
    1.07140000E+05     7.12250000E+02     4.17696365E-02     1.43097640E+00     5.01949000E-05     8.68077257E-01     7.88046761E+00     1.30106979E+00     5.44200000E-07     4.94280000E-06     8.15600000E-07
    1.07140000E+05     7.37250000E+02     4.32357523E-02     1.43097640E+00     5.01949000E-05     1.06759994E+00     8.84492837E+00     1.60002163E+00     6.24700000E-07     5.17800000E-06     9.36200000E-07
    1.07140000E+05     7.62250000E+02     4.47018680E-02     1.43097640E+00     5.01949000E-05     1.30396222E+00     9.89998481E+00     1.95414399E+00     7.13800000E-07     5.42180000E-06     1.06970000E-06
    1.07140000E+05     7.87250000E+02     4.61679837E-02     1.43097640E+00     5.01949000E-05     1.58241638E+00     1.10527236E+01     2.37129562E+00     8.12100000E-07     5.67480000E-06     1.21700000E-06
    1.07140000E+05     8.12250000E+02     4.76340994E-02     1.43097640E+00     5.01949000E-05     1.90875749E+00     1.23107753E+01     2.86014599E+00     9.20300000E-07     5.93770000E-06     1.37900000E-06
    1.07140000E+05     8.37250000E+02     4.91002151E-02     1.43097640E+00     5.01949000E-05     2.28935951E+00     1.36823510E+01     3.43022896E+00     1.03890000E-06     6.21110000E-06     1.55660000E-06
    1.07140000E+05     8.62250000E+02     5.05663308E-02     1.43097640E+00     5.01949000E-05     2.73121271E+00     1.51762786E+01     4.09199821E+00     1.16860000E-06     6.49570000E-06     1.75080000E-06
    1.07140000E+05     8.87250000E+02     5.20324465E-02     1.43097640E+00     5.01949000E-05     3.24196195E+00     1.68020424E+01     4.85688438E+00     1.31010000E-06     6.79200000E-06     1.96270000E-06
    1.07140000E+05     9.12250000E+02     5.34985622E-02     1.43097640E+00     5.01949000E-05     3.82994677E+00     1.85698225E+01     5.73735432E+00     1.46410000E-06     7.10090000E-06     2.19330000E-06
    1.07140000E+05     9.37250000E+02     5.49646779E-02     1.43097640E+00     5.01949000E-05     4.50424183E+00     2.04905355E+01     6.74697120E+00     1.63130000E-06     7.42300000E-06     2.44350000E-06
    1.07140000E+05     9.62250000E+02     5.64307936E-02     1.43097640E+00     5.01949000E-05     5.27469910E+00     2.25758766E+01     7.90045691E+00     1.81240000E-06     7.75910000E-06     2.71460000E-06
    1.07140000E+05     9.87250000E+02     5.78969094E-02     1.43097640E+00     5.01949000E-05     6.15199126E+00     2.48383636E+01     9.21375654E+00     2.00820000E-06     8.10990000E-06     3.00760000E-06
    1.07140000E+05     1.01225000E+03     5.93630250E-02     1.43097640E+00     5.01949000E-05     7.14765545E+00     2.72913796E+01     1.07041028E+01     2.21940000E-06     8.47620000E-06     3.32370000E-06
    1.07140000E+05     1.03725000E+03     6.08291408E-02     1.43097640E+00     5.01949000E-05     8.27413930E+00     2.99492194E+01     1.23900847E+01     2.44690000E-06     8.85870000E-06     3.66410000E-06
    1.07140000E+05     1.06225000E+03     6.22952565E-02     1.43097640E+00     5.01949000E-05     9.54484757E+00     3.28271374E+01     1.42917158E+01     2.69140000E-06     9.25840000E-06     4.03000000E-06
    1.07140000E+05     1.08725000E+03     6.37613722E-02     1.43097640E+00     5.01949000E-05     1.09741899E+01     3.59413945E+01     1.64305048E+01     2.95390000E-06     9.67600000E-06     4.42250000E-06
    1.07140000E+05     1.11225000E+03     6.52274879E-02     1.43097640E+00     5.01949000E-05     1.25776298E+01     3.93093061E+01     1.88295287E+01     3.23500000E-06     1.01123000E-05     4.84310000E-06
    1.07140000E+05     1.13725000E+03     6.66936036E-02     1.43097640E+00     5.01949000E-05     1.43717348E+01     4.29492939E+01     2.15135053E+01     3.53580000E-06     1.05683000E-05     5.29290000E-06
    1.07140000E+05     1.16225000E+03     6.81597193E-02     1.43097640E+00     5.01949000E-05     1.63742278E+01     4.68809358E+01     2.45088705E+01     3.85710000E-06     1.10449000E-05     5.77330000E-06
    1.07140000E+05     1.18725000E+03     6.96258350E-02     1.43097640E+00     5.01949000E-05     1.86040402E+01     5.11250225E+01     2.78438551E+01     4.19980000E-06     1.15429000E-05     6.28570000E-06
    1.07140000E+05     1.21225000E+03     7.10919507E-02     1.43097640E+00     5.01949000E-05     2.10813645E+01     5.57036030E+01     3.15485625E+01     4.56480000E-06     1.20633000E-05     6.83140000E-06
    1.07140000E+05     1.23725000E+03     7.25580665E-02     1.43097640E+00     5.01949000E-05     2.38277100E+01     6.06400502E+01     3.56550515E+01     4.95320000E-06     1.26071000E-05     7.41180000E-06
    1.07140000E+05     1.26225000E+03     7.40241821E-02     1.43097640E+00     5.01949000E-05     2.68659588E+01     6.59591078E+01     4.01974173E+01     5.36580000E-06     1.31752000E-05     8.02840000E-06
    1.07140000E+05     1.28725000E+03     7.54902978E-02     1.43097640E+00     5.01949000E-05     3.02204219E+01     7.16869526E+01     4.52118746E+01     5.80370000E-06     1.37686000E-05     8.68270000E-06
    1.07140000E+05     1.31225000E+03     7.69564135E-02     1.43097640E+00     5.01949000E-05     3.39168998E+01     7.78512496E+01     5.07368454E+01     6.26780000E-06     1.43883000E-05     9.37610000E-06
    1.07140000E+05     1.33725000E+03     7.84225293E-02     1.43097640E+00     5.01949000E-05     3.79827394E+01     8.44812157E+01     5.68130439E+01     6.75920000E-06     1.50353000E-05     1.01102000E-05
    1.07140000E+05     1.36225000E+03     7.98886450E-02     1.43097640E+00     5.01949000E-05     4.24468978E+01     9.16076786E+01     6.34835690E+01     7.27900000E-06     1.57108000E-05     1.08865000E-05
    1.07140000E+05     1.38725000E+03     8.13547607E-02     1.43097640E+00     5.01949000E-05     4.73399992E+01     9.92631347E+01     7.07939862E+01     7.82820000E-06     1.64157000E-05     1.17066000E-05
    1.07140000E+05     1.41225000E+03     8.28208764E-02     1.43097640E+00     5.01949000E-05     5.26944040E+01     1.07481819E+02     7.87924307E+01     8.40790000E-06     1.71512000E-05     1.25722000E-05
    1.07140000E+05     1.43725000E+03     8.42869921E-02     1.43097640E+00     5.01949000E-05     5.85442699E+01     1.16299766E+02     8.75296953E+01     9.01930000E-06     1.79184000E-05     1.34847000E-05
    1.07140000E+05     1.46225000E+03     8.57531078E-02     1.43097640E+00     5.01949000E-05     6.49256169E+01     1.25754873E+02     9.70593254E+01     9.66340000E-06     1.87183000E-05     1.44460000E-05
    1.07140000E+05     1.48725000E+03     8.72192235E-02     1.43097640E+00     5.01949000E-05     7.18763932E+01     1.35886973E+02     1.07437714E+02     1.03413000E-05     1.95523000E-05     1.54578000E-05
    1.07140000E+05     1.51225000E+03     8.86853392E-02     1.43097640E+00     5.01949000E-05     7.94365462E+01     1.46737893E+02     1.18724206E+02     1.10544000E-05     2.04213000E-05     1.65216000E-05
    1.07140000E+05     1.53725000E+03     9.01514549E-02     1.43097640E+00     5.01949000E-05     8.76480888E+01     1.58351534E+02     1.30981195E+02     1.18037000E-05     2.13267000E-05     1.76394000E-05
    1.07140000E+05     1.56225000E+03     9.16175706E-02     1.43097640E+00     5.01949000E-05     9.65551700E+01     1.70773927E+02     1.44274223E+02     1.25904000E-05     2.22695000E-05     1.88128000E-05
    1.07140000E+05     1.58725000E+03     9.30836864E-02     1.43097640E+00     5.01949000E-05     1.06204143E+02     1.84053327E+02     1.58672085E+02     1.34159000E-05     2.32512000E-05     2.00438000E-05
    1.07140000E+05     1.61225000E+03     9.45498021E-02     1.43097640E+00     5.01949000E-05     1.16643648E+02     1.98240252E+02     1.74246940E+02     1.42813000E-05     2.42728000E-05     2.13340000E-05
    1.07140000E+05     1.63725000E+03     9.60159178E-02     1.43097640E+00     5.01949000E-05     1.27924676E+02     2.13387602E+02     1.91074407E+02     1.51879000E-05     2.53357000E-05     2.26854000E-05
    1.07140000E+05     1.66225000E+03     9.74820335E-02     1.43097640E+00     5.01949000E-05     1.40100638E+02     2.29550677E+02     2.09233676E+02     1.61370000E-05     2.64412000E-05     2.40999000E-05
    1.07140000E+05     1.68725000E+03     9.89481492E-02     1.43097640E+00     5.01949000E-05     1.53227464E+02     2.46787304E+02     2.28807625E+02     1.71300000E-05     2.75906000E-05     2.55794000E-05
    1.07140000E+05     1.71225000E+03     1.00414265E-01     1.43097640E+00     5.01949000E-05     1.67363645E+02     2.65157883E+02     2.49882911E+02     1.81680000E-05     2.87851000E-05     2.71258000E-05
    1.07140000E+05     1.73725000E+03     1.01880380E-01     1.43097640E+00     5.01949000E-05     1.82570353E+02     2.84725484E+02     2.72550116E+02     1.92526000E-05     3.00262000E-05     2.87412000E-05
    1.07140000E+05     1.76225000E+03     1.03346496E-01     1.43097640E+00     5.01949000E-05     1.98911483E+02     3.05555919E+02     2.96903829E+02     2.03849000E-05     3.13152000E-05     3.04274000E-05
    1.07140000E+05     1.78725000E+03     1.04812612E-01     1.43097640E+00     5.01949000E-05     2.16453755E+02     3.27717807E+02     3.23042776E+02     2.15666000E-05     3.26535000E-05     3.21867000E-05
    1.07140000E+05     1.81225000E+03     1.06278728E-01     1.43097640E+00     5.01949000E-05     2.35266795E+02     3.51282694E+02     3.51069941E+02     2.27988000E-05     3.40426000E-05     3.40209000E-05
    1.07140000E+05     1.83725000E+03     1.07744844E-01     1.43097640E+00     5.01949000E-05     2.55423203E+02     3.76325090E+02     3.81092673E+02     2.40832000E-05     3.54837000E-05     3.59322000E-05
    1.07140000E+05     1.86225000E+03     1.09210959E-01     1.43097640E+00     5.01949000E-05     2.76998649E+02     4.02922584E+02     4.13222804E+02     2.54210000E-05     3.69785000E-05     3.79228000E-05
    1.07140000E+05     1.88725000E+03     1.10677075E-01     1.43097640E+00     5.01949000E-05     3.00071968E+02     4.31155947E+02     4.47576806E+02     2.68139000E-05     3.85283000E-05     3.99946000E-05
    1.07140000E+05     1.91225000E+03     1.12143190E-01     1.43097640E+00     5.01949000E-05     3.24725226E+02     4.61109146E+02     4.84275871E+02     2.82632000E-05     4.01347000E-05     4.21501000E-05
    1.07140000E+05     1.93725000E+03     1.13609306E-01     1.43097640E+00     5.01949000E-05     3.51043804E+02     4.92869493E+02     5.23446027E+02     2.97705000E-05     4.17991000E-05     4.43912000E-05
    1.07140000E+05     1.96225000E+03     1.15075422E-01     1.43097640E+00     5.01949000E-05     3.79116520E+02     5.26527746E+02     5.65218328E+02     3.13373000E-05     4.35231000E-05     4.67202000E-05
    1.07140000E+05     1.98725000E+03     1.16541538E-01     1.43097640E+00     5.01949000E-05     4.09035692E+02     5.62178126E+02     6.09728928E+02     3.29651000E-05     4.53082000E-05     4.91395000E-05
    1.07140000E+05     2.01225000E+03     1.18007654E-01     1.43097640E+00     5.01949000E-05     4.40897233E+02     5.99918542E+02     6.57119224E+02     3.46556000E-05     4.71560000E-05     5.16512000E-05
    1.07140000E+05     2.03725000E+03     1.19473769E-01     1.43097640E+00     5.01949000E-05     4.74800738E+02     6.39850460E+02     7.07535976E+02     3.64103000E-05     4.90681000E-05     5.42577000E-05
    1.07140000E+05     2.06225000E+03     1.20939885E-01     1.43097640E+00     5.01949000E-05     5.10849598E+02     6.82079252E+02     7.61131472E+02     3.82307000E-05     5.10461000E-05     5.69612000E-05
    1.07140000E+05     2.08725000E+03     1.22406000E-01     1.43097640E+00     5.01949000E-05     5.49151068E+02     7.26714112E+02     8.18063609E+02     4.01186000E-05     5.30916000E-05     5.97643000E-05
    1.07140000E+05     2.11225000E+03     1.23872116E-01     1.43097640E+00     5.01949000E-05     5.89816380E+02     7.73868184E+02     8.78496075E+02     4.20756000E-05     5.52062000E-05     6.26692000E-05
    1.07140000E+05     2.13725000E+03     1.25338232E-01     1.43097640E+00     5.01949000E-05     6.32960869E+02     8.23658819E+02     9.42598511E+02     4.41034000E-05     5.73917000E-05     6.56783000E-05
    1.07140000E+05     2.16225000E+03     1.26804348E-01     1.43097640E+00     5.01949000E-05     6.78703986E+02     8.76207373E+02     1.01054653E+03     4.62035000E-05     5.96497000E-05     6.87941000E-05
    1.07140000E+05     2.18725000E+03     1.28270464E-01     1.43097640E+00     5.01949000E-05     7.27169452E+02     9.31639508E+02     1.08252194E+03     4.83778000E-05     6.19819000E-05     7.20191000E-05
    1.07140000E+05     2.21225000E+03     1.29736579E-01     1.43097640E+00     5.01949000E-05     7.78485416E+02     9.90085374E+02     1.15871296E+03     5.06280000E-05     6.43900000E-05     7.53557000E-05
    1.07140000E+05     2.23725000E+03     1.31202695E-01     1.43097640E+00     5.01949000E-05     8.32784443E+02     1.05167954E+03     1.23931420E+03     5.29557000E-05     6.68759000E-05     7.88065000E-05
    1.07140000E+05     2.26225000E+03     1.32668810E-01     1.43097640E+00     5.01949000E-05     8.90203676E+02     1.11656099E+03     1.32452689E+03     5.53629000E-05     6.94412000E-05     8.23740000E-05
    1.07140000E+05     2.28725000E+03     1.34134926E-01     1.43097640E+00     5.01949000E-05     9.50884951E+02     1.18487358E+03     1.41455906E+03     5.78511000E-05     7.20877000E-05     8.60608000E-05
    1.07140000E+05     2.31225000E+03     1.35601042E-01     1.43097640E+00     5.01949000E-05     1.01497489E+03     1.25676600E+03     1.50962562E+03     6.04224000E-05     7.48173000E-05     8.98694000E-05
    1.07140000E+05     2.33725000E+03     1.37067157E-01     1.43097640E+00     5.01949000E-05     1.08262498E+03     1.33239160E+03     1.60994851E+03     6.30784000E-05     7.76317000E-05     9.38026000E-05
    1.07140000E+05     2.36225000E+03     1.38533274E-01     1.43097640E+00     5.01949000E-05     1.15399169E+03     1.41190885E+03     1.71575686E+03     6.58210000E-05     8.05328000E-05     9.78628000E-05
    1.07140000E+05     2.38725000E+03     1.39999389E-01     1.43097640E+00     5.01949000E-05     1.22923665E+03     1.49548142E+03     1.82728724E+03     6.86521000E-05     8.35226000E-05     1.02053000E-04
    1.07140000E+05     2.41225000E+03     1.41465505E-01     1.43097640E+00     5.01949000E-05     1.30852666E+03     1.58327807E+03     1.94478361E+03     7.15736000E-05     8.66028000E-05     1.06375600E-04
    1.07140000E+05     2.43725000E+03     1.42931620E-01     1.43097640E+00     5.01949000E-05     1.39203386E+03     1.67547286E+03     2.06849768E+03     7.45874000E-05     8.97753000E-05     1.10833500E-04
    1.07140000E+05     2.46225000E+03     1.44397736E-01     1.43097640E+00     5.01949000E-05     1.47993578E+03     1.77224542E+03     2.19868885E+03     7.76954000E-05     9.30422000E-05     1.15429300E-04
    1.07140000E+05     2.48725000E+03     1.45863852E-01     1.43097640E+00     5.01949000E-05     1.57241560E+03     1.87378081E+03     2.33562462E+03     8.08995000E-05     9.64052000E-05     1.20166000E-04
    1.07140000E+05     2.52475000E+03     1.48063026E-01     1.43097640E+00     5.01949000E-05     1.72076597E+03     2.03608967E+03     2.55521052E+03     8.59028000E-05     1.01647300E-04     1.27559500E-04
    1.07140000E+05     2.57475000E+03     1.50995257E-01     1.43097640E+00     5.01949000E-05     1.93560803E+03     2.27017797E+03     2.87307328E+03     9.29126000E-05     1.08975500E-04     1.37912800E-04
    1.07140000E+05     2.62475000E+03     1.53927488E-01     1.43097640E+00     5.01949000E-05     2.17235418E+03     2.52694657E+03     3.22315261E+03     1.00342900E-04     1.16724800E-04     1.48880400E-04
    1.07140000E+05     2.67475000E+03     1.56859720E-01     1.43097640E+00     5.01949000E-05     2.43275586E+03     2.80816300E+03     3.60799768E+03     1.08210300E-04     1.24911500E-04     1.60485900E-04
    1.07140000E+05     2.72475000E+03     1.59791951E-01     1.43097640E+00     5.01949000E-05     2.71866746E+03     3.11569791E+03     4.03030426E+03     1.16531500E-04     1.33552400E-04     1.72753000E-04
    1.07140000E+05     2.77475000E+03     1.62724183E-01     1.43097640E+00     5.01949000E-05     3.03205041E+03     3.45152897E+03     4.49292036E+03     1.25323700E-04     1.42664700E-04     1.85706000E-04
    1.07140000E+05     2.82475000E+03     1.65656414E-01     1.43097640E+00     5.01949000E-05     3.37497704E+03     3.81774482E+03     4.99885132E+03     1.34604300E-04     1.52265900E-04     1.99369600E-04
    1.07140000E+05     2.87475000E+03     1.68588645E-01     1.43097640E+00     5.01949000E-05     3.74963486E+03     4.21654945E+03     5.55126555E+03     1.44391100E-04     1.62373800E-04     2.13768600E-04
    1.07140000E+05     2.92475000E+03     1.71520877E-01     1.43097640E+00     5.01949000E-05     4.15833066E+03     4.65026615E+03     6.15350001E+03     1.54702200E-04     1.73006300E-04     2.28928700E-04
    1.07140000E+05     2.97475000E+03     1.74453108E-01     1.43097640E+00     5.01949000E-05     4.60349470E+03     5.12134173E+03     6.80906568E+03     1.65556000E-04     1.84181900E-04     2.44875500E-04
    1.07140000E+05     3.02475000E+03     1.77385340E-01     1.43097640E+00     5.01949000E-05     5.08768522E+03     5.63235099E+03     7.52165361E+03     1.76971100E-04     1.95919400E-04     2.61635100E-04
    1.07140000E+05     3.07475000E+03     1.80317571E-01     1.43097640E+00     5.01949000E-05     5.61359270E+03     6.18600122E+03     8.29514046E+03     1.88966700E-04     2.08237800E-04     2.79234300E-04
    1.07140000E+05     3.12475000E+03     1.83249803E-01     1.43097640E+00     5.01949000E-05     6.18404448E+03     6.78513625E+03     9.13359451E+03     2.01562100E-04     2.21156500E-04     2.97699800E-04
    1.07140000E+05     3.17475000E+03     1.86182034E-01     1.43097640E+00     5.01949000E-05     6.80200905E+03     7.43274177E+03     1.00412812E+04     2.14776900E-04     2.34695000E-04     3.17058900E-04
    1.07140000E+05     3.22475000E+03     1.89114265E-01     1.43097640E+00     5.01949000E-05     7.47060094E+03     8.13194883E+03     1.10226696E+04     2.28631100E-04     2.48873400E-04     3.37339400E-04
    1.07140000E+05     3.27475000E+03     1.92046497E-01     1.43097640E+00     5.01949000E-05     8.19308544E+03     8.88604013E+03     1.20824383E+04     2.43145000E-04     2.63712100E-04     3.58569300E-04
    1.07140000E+05     3.32475000E+03     1.94978728E-01     1.43097640E+00     5.01949000E-05     8.97288306E+03     9.69845283E+03     1.32254812E+04     2.58339300E-04     2.79231600E-04     3.80776800E-04
    1.07140000E+05     3.37475000E+03     1.97910960E-01     1.43097640E+00     5.01949000E-05     9.81357473E+03     1.05727850E+04     1.44569140E+04     2.74234900E-04     2.95452900E-04     4.03990900E-04
    1.07140000E+05     3.42475000E+03     2.00843191E-01     1.43097640E+00     5.01949000E-05     1.07189065E+04     1.15128003E+04     1.57820805E+04     2.90852900E-04     3.12397200E-04     4.28240500E-04
    1.07140000E+05     3.47475000E+03     2.03775422E-01     1.43097640E+00     5.01949000E-05     1.16927948E+04     1.25224321E+04     1.72065590E+04     3.08215100E-04     3.30086100E-04     4.53555200E-04
    1.07140000E+05     3.52475000E+03     2.06707654E-01     1.43097640E+00     5.01949000E-05     1.27393311E+04     1.36057892E+04     1.87361678E+04     3.26343200E-04     3.48541400E-04     4.79964700E-04
    1.07140000E+05     3.57475000E+03     2.09639885E-01     1.43097640E+00     5.01949000E-05     1.38627874E+04     1.47671614E+04     2.03769724E+04     3.45259500E-04     3.67785500E-04     5.07499100E-04
    1.07140000E+05     3.62475000E+03     2.12572116E-01     1.43097640E+00     5.01949000E-05     1.50676213E+04     1.60110238E+04     2.21352923E+04     3.64986400E-04     3.87840800E-04     5.36189000E-04
    1.07140000E+05     3.67475000E+03     2.15504348E-01     1.43097640E+00     5.01949000E-05     1.63584812E+04     1.73420418E+04     2.40177059E+04     3.85546900E-04     4.08730200E-04     5.66065000E-04
    1.07140000E+05     3.72475000E+03     2.18436580E-01     1.43097640E+00     5.01949000E-05     1.77402121E+04     1.87650786E+04     2.60310589E+04     4.06964000E-04     4.30476700E-04     5.97158400E-04
    1.07140000E+05     3.77475000E+03     2.21368811E-01     1.43097640E+00     5.01949000E-05     1.92178606E+04     2.02851986E+04     2.81824703E+04     4.29261200E-04     4.53103900E-04     6.29500700E-04
    1.07140000E+05     3.82475000E+03     2.24301042E-01     1.43097640E+00     5.01949000E-05     2.07966806E+04     2.19076728E+04     3.04793387E+04     4.52462300E-04     4.76635600E-04     6.63123600E-04
    1.07140000E+05     3.87475000E+03     2.27233274E-01     1.43097640E+00     5.01949000E-05     2.24821377E+04     2.36379861E+04     3.29293470E+04     4.76591300E-04     5.01095800E-04     6.98059100E-04
    1.07140000E+05     3.92475000E+03     2.30165505E-01     1.43097640E+00     5.01949000E-05     2.42799177E+04     2.54818415E+04     3.55404750E+04     5.01672700E-04     5.26508900E-04     7.34339800E-04
    1.07140000E+05     3.97475000E+03     2.33097737E-01     1.43097640E+00     5.01949000E-05     2.61959300E+04     2.74451663E+04     3.83210002E+04     5.27731200E-04     5.52899700E-04     7.71998300E-04
    1.07140000E+05     4.02475000E+03     2.36029968E-01     1.43097640E+00     5.01949000E-05     2.82363129E+04     2.95341175E+04     4.12795065E+04     5.54791800E-04     5.80293200E-04     8.11067700E-04
    1.07140000E+05     4.07475000E+03     2.38962199E-01     1.43097640E+00     5.01949000E-05     3.04074424E+04     3.17550891E+04     4.44248935E+04     5.82879800E-04     6.08714800E-04     8.51581300E-04
    1.07140000E+05     4.12475000E+03     2.41894431E-01     1.43097640E+00     5.01949000E-05     3.27159344E+04     3.41147159E+04     4.77663785E+04     6.12021000E-04     6.38190100E-04     8.93572700E-04
    1.07140000E+05     4.17475000E+03     2.44826662E-01     1.43097640E+00     5.01949000E-05     3.51686538E+04     3.66198809E+04     5.13135079E+04     6.42241300E-04     6.68745100E-04     9.37075800E-04
    1.07140000E+05     4.22475000E+03     2.47758894E-01     1.43097640E+00     5.01949000E-05     3.77727190E+04     3.92777212E+04     5.50761622E+04     6.73566900E-04     7.00406100E-04     9.82124900E-04
    1.07140000E+05     4.27475000E+03     2.50691125E-01     1.43097640E+00     5.01949000E-05     4.05355081E+04     4.20956327E+04     5.90645626E+04     7.06024400E-04     7.33199600E-04     1.02875440E-03
    1.07140000E+05     4.32475000E+03     2.53623357E-01     1.43097640E+00     5.01949000E-05     4.34646661E+04     4.50812803E+04     6.32892795E+04     7.39640900E-04     7.67152700E-04     1.07699900E-03
    1.07140000E+05     4.37475000E+03     2.56555588E-01     1.43097640E+00     5.01949000E-05     4.65681106E+04     4.82426010E+04     6.77612384E+04     7.74443500E-04     8.02292600E-04     1.12689380E-03
    1.07140000E+05     4.42475000E+03     2.59487819E-01     1.43097640E+00     5.01949000E-05     4.98540367E+04     5.15878066E+04     7.24917260E+04     8.10459600E-04     8.38646700E-04     1.17847420E-03
    1.07140000E+05     4.47475000E+03     2.62420051E-01     1.43097640E+00     5.01949000E-05     5.33309269E+04     5.51254014E+04     7.74924002E+04     8.47717300E-04     8.76242900E-04     1.23177560E-03
    1.07140000E+05     4.52475000E+03     2.65352282E-01     1.43097640E+00     5.01949000E-05     5.70075533E+04     5.88641739E+04     8.27752932E+04     8.86244500E-04     9.15109500E-04     1.28683380E-03
    1.07140000E+05     4.57475000E+03     2.68284513E-01     1.43097640E+00     5.01949000E-05     6.08929885E+04     6.28132163E+04     8.83528229E+04     9.26069900E-04     9.55274700E-04     1.34368510E-03
    1.07140000E+05     4.62475000E+03     2.71216745E-01     1.43097640E+00     5.01949000E-05     6.49966085E+04     6.69819276E+04     9.42377964E+04     9.67222100E-04     9.96767600E-04     1.40236550E-03
    1.07140000E+05     4.67475000E+03     2.74148976E-01     1.43097640E+00     5.01949000E-05     6.93281012E+04     7.13800114E+04     1.00443418E+05     1.00973030E-03     1.03961700E-03     1.46291180E-03
    1.07140000E+05     4.72475000E+03     2.77081208E-01     1.43097640E+00     5.01949000E-05     7.38974747E+04     7.60174970E+04     1.06983300E+05     1.05362380E-03     1.08385260E-03     1.52536070E-03
    1.07140000E+05     4.77475000E+03     2.80013439E-01     1.43097640E+00     5.01949000E-05     7.87150602E+04     8.09047333E+04     1.13871463E+05     1.09893240E-03     1.12950380E-03     1.58974920E-03
    1.07140000E+05     4.82475000E+03     2.82945671E-01     1.43097640E+00     5.01949000E-05     8.37915226E+04     8.60524071E+04     1.21122350E+05     1.14568600E-03     1.17660080E-03     1.65611460E-03
    1.07140000E+05     4.87475000E+03     2.85877902E-01     1.43097640E+00     5.01949000E-05     8.91378658E+04     9.14715414E+04     1.28750827E+05     1.19391500E-03     1.22517390E-03     1.72449430E-03
    1.07140000E+05     4.92475000E+03     2.88810134E-01     1.43097640E+00     5.01949000E-05     9.47654392E+04     9.71735051E+04     1.36772196E+05     1.24364990E-03     1.27525370E-03     1.79492610E-03
    1.07140000E+05     4.97475000E+03     2.91742365E-01     1.43097640E+00     5.01949000E-05     1.00685947E+05     1.03170026E+05     1.45202198E+05     1.29492190E-03     1.32687120E-03     1.86744780E-03
    1.07140000E+05     5.00000000E+03     2.93223140E-01     1.43097640E+00     5.01949000E-05     1.03777960E+05     1.06300970E+05     1.49601700E+05     1.32134200E-03     1.35346590E-03     1.90478790E-03
