    1.07140000E+05     5.00000000E-01     2.93223000E-05     1.09000600E+00     1.13749000E-05     0.00000000E+00     7.00000000E-10     0.00000000E+00     0.00000000E+00     9.00000000E-10     0.00000000E+00
    1.07140000E+05     1.00000000E+00     5.86446000E-05     1.09000600E+00     1.13749000E-05     0.00000000E+00     5.40000000E-09     0.00000000E+00     0.00000000E+00     1.70000000E-09     0.00000000E+00
    1.07140000E+05     1.50000000E+00     8.79669000E-05     1.09000600E+00     1.13749000E-05     0.00000000E+00     1.82000000E-08     0.00000000E+00     0.00000000E+00     2.60000000E-09     0.00000000E+00
    1.07140000E+05     2.00000000E+00     1.17289300E-04     1.09000600E+00     1.13749000E-05     0.00000000E+00     4.32000000E-08     0.00000000E+00     0.00000000E+00     3.40000000E-09     0.00000000E+00
    1.07140000E+05     2.50000000E+00     1.46611600E-04     1.09000600E+00     1.13749000E-05     0.00000000E+00     8.43000000E-08     0.00000000E+00     0.00000000E+00     4.30000000E-09     0.00000000E+00
    1.07140000E+05     3.00000000E+00     1.75933900E-04     1.09000600E+00     1.13749000E-05     0.00000000E+00     1.45600000E-07     0.00000000E+00     0.00000000E+00     5.20000000E-09     0.00000000E+00
    1.07140000E+05     3.50000000E+00     2.05256200E-04     1.09000600E+00     1.13749000E-05     0.00000000E+00     2.31300000E-07     0.00000000E+00     0.00000000E+00     6.00000000E-09     0.00000000E+00
    1.07140000E+05     4.00000000E+00     2.34578500E-04     1.09000600E+00     1.13749000E-05     0.00000000E+00     3.45200000E-07     0.00000000E+00     0.00000000E+00     6.90000000E-09     0.00000000E+00
    1.07140000E+05     4.50000000E+00     2.63900800E-04     1.09000600E+00     1.13749000E-05     0.00000000E+00     4.91500000E-07     0.00000000E+00     0.00000000E+00     7.70000000E-09     0.00000000E+00
    1.07140000E+05     5.00000000E+00     2.93223100E-04     1.09000600E+00     1.13749000E-05     0.00000000E+00     6.74200000E-07     0.00000000E+00     0.00000000E+00     8.60000000E-09     0.00000000E+00
    1.07140000E+05     5.50000000E+00     3.22545500E-04     1.09000600E+00     1.13749000E-05     0.00000000E+00     8.97400000E-07     0.00000000E+00     0.00000000E+00     9.40000000E-09     0.00000000E+00
    1.07140000E+05     6.00000000E+00     3.51867800E-04     1.09000600E+00     1.13749000E-05     0.00000000E+00     1.16510000E-06     0.00000000E+00     0.00000000E+00     1.03000000E-08     0.00000000E+00
    1.07140000E+05     6.50000000E+00     3.81190100E-04     1.09000600E+00     1.13749000E-05     0.00000000E+00     1.48130000E-06     0.00000000E+00     0.00000000E+00     1.12000000E-08     0.00000000E+00
    1.07140000E+05     7.00000000E+00     4.10512400E-04     1.09000600E+00     1.13749000E-05     0.00000000E+00     1.85010000E-06     0.00000000E+00     0.00000000E+00     1.20000000E-08     0.00000000E+00
    1.07140000E+05     7.50000000E+00     4.39834700E-04     1.09000600E+00     1.13749000E-05     0.00000000E+00     2.27550000E-06     0.00000000E+00     0.00000000E+00     1.29000000E-08     0.00000000E+00
    1.07140000E+05     8.00000000E+00     4.69157000E-04     1.09000600E+00     1.13749000E-05     0.00000000E+00     2.76170000E-06     0.00000000E+00     0.00000000E+00     1.37000000E-08     0.00000000E+00
    1.07140000E+05     8.50000000E+00     4.98479300E-04     1.09000600E+00     1.13749000E-05     0.00000000E+00     3.31250000E-06     0.00000000E+00     0.00000000E+00     1.46000000E-08     0.00000000E+00
    1.07140000E+05     9.00000000E+00     5.27801700E-04     1.09000600E+00     1.13749000E-05     0.00000000E+00     3.93210000E-06     0.00000000E+00     0.00000000E+00     1.55000000E-08     0.00000000E+00
    1.07140000E+05     9.50000000E+00     5.57124000E-04     1.09000600E+00     1.13749000E-05     0.00000000E+00     4.62460000E-06     0.00000000E+00     0.00000000E+00     1.63000000E-08     0.00000000E+00
    1.07140000E+05     1.00000000E+01     5.86446300E-04     1.09000600E+00     1.13749000E-05     0.00000000E+00     5.39390000E-06     0.00000000E+00     0.00000000E+00     1.72000000E-08     0.00000000E+00
    1.07140000E+05     1.05000000E+01     6.15768600E-04     1.09000600E+00     1.13749000E-05     0.00000000E+00     6.24410000E-06     0.00000000E+00     0.00000000E+00     1.80000000E-08     0.00000000E+00
    1.07140000E+05     1.10000000E+01     6.45090900E-04     1.09000600E+00     1.13749000E-05     0.00000000E+00     7.17920000E-06     0.00000000E+00     0.00000000E+00     1.89000000E-08     0.00000000E+00
    1.07140000E+05     1.15000000E+01     6.74413200E-04     1.09000600E+00     1.13749000E-05     0.00000000E+00     8.20340000E-06     0.00000000E+00     0.00000000E+00     1.97000000E-08     0.00000000E+00
    1.07140000E+05     1.20000000E+01     7.03735500E-04     1.09000600E+00     1.13749000E-05     0.00000000E+00     9.32060000E-06     0.00000000E+00     0.00000000E+00     2.06000000E-08     0.00000000E+00
    1.07140000E+05     1.25000000E+01     7.33057900E-04     1.09000600E+00     1.13749000E-05     0.00000000E+00     1.05349000E-05     0.00000000E+00     0.00000000E+00     2.15000000E-08     0.00000000E+00
    1.07140000E+05     1.30000000E+01     7.62380200E-04     1.09000600E+00     1.13749000E-05     0.00000000E+00     1.18503000E-05     0.00000000E+00     0.00000000E+00     2.23000000E-08     0.00000000E+00
    1.07140000E+05     1.35000000E+01     7.91702500E-04     1.09000600E+00     1.13749000E-05     0.00000000E+00     1.32709000E-05     0.00000000E+00     0.00000000E+00     2.32000000E-08     0.00000000E+00
    1.07140000E+05     1.40000000E+01     8.21024800E-04     1.09000600E+00     1.13749000E-05     0.00000000E+00     1.48008000E-05     0.00000000E+00     0.00000000E+00     2.40000000E-08     0.00000000E+00
    1.07140000E+05     1.45000000E+01     8.50347100E-04     1.09000600E+00     1.13749000E-05     0.00000000E+00     1.64439000E-05     0.00000000E+00     0.00000000E+00     2.49000000E-08     0.00000000E+00
    1.07140000E+05     1.50000000E+01     8.79669400E-04     1.09000600E+00     1.13749000E-05     0.00000000E+00     1.82043000E-05     0.00000000E+00     0.00000000E+00     2.58000000E-08     0.00000000E+00
    1.07140000E+05     1.55000000E+01     9.08991700E-04     1.09000600E+00     1.13749000E-05     0.00000000E+00     2.00861000E-05     0.00000000E+00     0.00000000E+00     2.66000000E-08     0.00000000E+00
    1.07140000E+05     1.60000000E+01     9.38314100E-04     1.09000600E+00     1.13749000E-05     0.00000000E+00     2.20933000E-05     0.00000000E+00     0.00000000E+00     2.75000000E-08     0.00000000E+00
    1.07140000E+05     1.65000000E+01     9.67636400E-04     1.09000600E+00     1.13749000E-05     0.00000000E+00     2.42299000E-05     0.00000000E+00     0.00000000E+00     2.83000000E-08     0.00000000E+00
    1.07140000E+05     1.70000000E+01     9.96958700E-04     1.09000600E+00     1.13749000E-05     0.00000000E+00     2.65001000E-05     0.00000000E+00     0.00000000E+00     2.92000000E-08     0.00000000E+00
    1.07140000E+05     1.75000000E+01     1.02628100E-03     1.09000600E+00     1.13749000E-05     0.00000000E+00     2.89078000E-05     0.00000000E+00     0.00000000E+00     3.00000000E-08     0.00000000E+00
    1.07140000E+05     1.80000000E+01     1.05560330E-03     1.09000600E+00     1.13749000E-05     0.00000000E+00     3.14571000E-05     0.00000000E+00     0.00000000E+00     3.09000000E-08     0.00000000E+00
    1.07140000E+05     1.85000000E+01     1.08492560E-03     1.09000600E+00     1.13749000E-05     0.00000000E+00     3.41520000E-05     0.00000000E+00     0.00000000E+00     3.18000000E-08     0.00000000E+00
    1.07140000E+05     1.90000000E+01     1.11424790E-03     1.09000600E+00     1.13749000E-05     0.00000000E+00     3.69966000E-05     0.00000000E+00     0.00000000E+00     3.26000000E-08     0.00000000E+00
    1.07140000E+05     1.95000000E+01     1.14357030E-03     1.09000600E+00     1.13749000E-05     0.00000000E+00     3.99949000E-05     0.00000000E+00     0.00000000E+00     3.35000000E-08     0.00000000E+00
    1.07140000E+05     2.00000000E+01     1.17289260E-03     1.09000600E+00     1.13749000E-05     0.00000000E+00     4.31510000E-05     0.00000000E+00     0.00000000E+00     3.43000000E-08     0.00000000E+00
    1.07140000E+05     2.05000000E+01     1.20221490E-03     1.09000600E+00     1.13749000E-05     0.00000000E+00     4.64689000E-05     0.00000000E+00     0.00000000E+00     3.52000000E-08     0.00000000E+00
    1.07140000E+05     2.10000000E+01     1.23153720E-03     1.09000600E+00     1.13749000E-05     0.00000000E+00     4.99526000E-05     0.00000000E+00     0.00000000E+00     3.61000000E-08     0.00000000E+00
    1.07140000E+05     2.15000000E+01     1.26085950E-03     1.09000600E+00     1.13749000E-05     0.00000000E+00     5.36063000E-05     1.00000000E-10     0.00000000E+00     3.69000000E-08     0.00000000E+00
    1.07140000E+05     2.20000000E+01     1.29018180E-03     1.09000600E+00     1.13749000E-05     0.00000000E+00     5.74340000E-05     1.00000000E-10     0.00000000E+00     3.78000000E-08     0.00000000E+00
    1.07140000E+05     2.25000000E+01     1.31950410E-03     1.09000600E+00     1.13749000E-05     0.00000000E+00     6.14396000E-05     1.00000000E-10     0.00000000E+00     3.86000000E-08     0.00000000E+00
    1.07140000E+05     2.30000000E+01     1.34882650E-03     1.09000600E+00     1.13749000E-05     1.00000000E-10     6.56272000E-05     1.00000000E-10     0.00000000E+00     3.95000000E-08     0.00000000E+00
    1.07140000E+05     2.35000000E+01     1.37814880E-03     1.09000600E+00     1.13749000E-05     1.00000000E-10     7.00010000E-05     1.00000000E-10     0.00000000E+00     4.03000000E-08     0.00000000E+00
    1.07140000E+05     2.40000000E+01     1.40747110E-03     1.09000600E+00     1.13749000E-05     1.00000000E-10     7.45649000E-05     1.00000000E-10     0.00000000E+00     4.12000000E-08     0.00000000E+00
    1.07140000E+05     2.45000000E+01     1.43679340E-03     1.09000600E+00     1.13749000E-05     1.00000000E-10     7.93230000E-05     1.00000000E-10     0.00000000E+00     4.21000000E-08     0.00000000E+00
    1.07140000E+05     2.50000000E+01     1.46611570E-03     1.09000600E+00     1.13749000E-05     1.00000000E-10     8.42793000E-05     1.00000000E-10     0.00000000E+00     4.29000000E-08     0.00000000E+00
    1.07140000E+05     2.55000000E+01     1.49543800E-03     1.09000600E+00     1.13749000E-05     1.00000000E-10     8.94379000E-05     1.00000000E-10     0.00000000E+00     4.38000000E-08     0.00000000E+00
    1.07140000E+05     2.60000000E+01     1.52476030E-03     1.09000600E+00     1.13749000E-05     1.00000000E-10     9.48027000E-05     2.00000000E-10     0.00000000E+00     4.46000000E-08     0.00000000E+00
    1.07140000E+05     2.65000000E+01     1.55408270E-03     1.09000600E+00     1.13749000E-05     1.00000000E-10     1.00378000E-04     2.00000000E-10     0.00000000E+00     4.55000000E-08     0.00000000E+00
    1.07140000E+05     2.70000000E+01     1.58340500E-03     1.09000600E+00     1.13749000E-05     1.00000000E-10     1.06167700E-04     2.00000000E-10     0.00000000E+00     4.64000000E-08     0.00000000E+00
    1.07140000E+05     2.75000000E+01     1.61272730E-03     1.09000600E+00     1.13749000E-05     1.00000000E-10     1.12175800E-04     2.00000000E-10     0.00000000E+00     4.72000000E-08     0.00000000E+00
    1.07140000E+05     2.80000000E+01     1.64204960E-03     1.09000600E+00     1.13749000E-05     2.00000000E-10     1.18406400E-04     2.00000000E-10     0.00000000E+00     4.81000000E-08     0.00000000E+00
    1.07140000E+05     2.85000000E+01     1.67137190E-03     1.09000600E+00     1.13749000E-05     2.00000000E-10     1.24863500E-04     3.00000000E-10     0.00000000E+00     4.89000000E-08     0.00000000E+00
    1.07140000E+05     2.90000000E+01     1.70069420E-03     1.09000600E+00     1.13749000E-05     2.00000000E-10     1.31551300E-04     3.00000000E-10     0.00000000E+00     4.98000000E-08     0.00000000E+00
    1.07140000E+05     2.95000000E+01     1.73001650E-03     1.09000600E+00     1.13749000E-05     2.00000000E-10     1.38473700E-04     3.00000000E-10     0.00000000E+00     5.06000000E-08     0.00000000E+00
    1.07140000E+05     3.00000000E+01     1.75933890E-03     1.09000600E+00     1.13749000E-05     3.00000000E-10     1.45634700E-04     4.00000000E-10     0.00000000E+00     5.15000000E-08     0.00000000E+00
    1.07140000E+05     3.05000000E+01     1.78866120E-03     1.09000600E+00     1.13749000E-05     3.00000000E-10     1.53038500E-04     4.00000000E-10     0.00000000E+00     5.24000000E-08     0.00000000E+00
    1.07140000E+05     3.10000000E+01     1.81798350E-03     1.09000600E+00     1.13749000E-05     3.00000000E-10     1.60689100E-04     5.00000000E-10     0.00000000E+00     5.32000000E-08     0.00000000E+00
    1.07140000E+05     3.15000000E+01     1.84730580E-03     1.09000600E+00     1.13749000E-05     3.00000000E-10     1.68590400E-04     5.00000000E-10     0.00000000E+00     5.41000000E-08     0.00000000E+00
    1.07140000E+05     3.20000000E+01     1.87662810E-03     1.09000600E+00     1.13749000E-05     4.00000000E-10     1.76746700E-04     6.00000000E-10     0.00000000E+00     5.49000000E-08     0.00000000E+00
    1.07140000E+05     3.25000000E+01     1.90595040E-03     1.09000600E+00     1.13749000E-05     4.00000000E-10     1.85161800E-04     6.00000000E-10     0.00000000E+00     5.58000000E-08     0.00000000E+00
    1.07140000E+05     3.30000000E+01     1.93527270E-03     1.09000600E+00     1.13749000E-05     4.00000000E-10     1.93839900E-04     7.00000000E-10     0.00000000E+00     5.67000000E-08     0.00000000E+00
    1.07140000E+05     3.35000000E+01     1.96459500E-03     1.09000600E+00     1.13749000E-05     5.00000000E-10     2.02785000E-04     7.00000000E-10     0.00000000E+00     5.75000000E-08     0.00000000E+00
    1.07140000E+05     3.40000000E+01     1.99391740E-03     1.09000600E+00     1.13749000E-05     5.00000000E-10     2.12001200E-04     8.00000000E-10     0.00000000E+00     5.84000000E-08     0.00000000E+00
    1.07140000E+05     3.45000000E+01     2.02323970E-03     1.09000600E+00     1.13749000E-05     6.00000000E-10     2.21492400E-04     9.00000000E-10     0.00000000E+00     5.92000000E-08     0.00000000E+00
    1.07140000E+05     3.50000000E+01     2.05256200E-03     1.09000600E+00     1.13749000E-05     6.00000000E-10     2.31262800E-04     1.00000000E-09     0.00000000E+00     6.01000000E-08     0.00000000E+00
    1.07140000E+05     3.55000000E+01     2.08188430E-03     1.09000600E+00     1.13749000E-05     7.00000000E-10     2.41316400E-04     1.00000000E-09     0.00000000E+00     6.10000000E-08     0.00000000E+00
    1.07140000E+05     3.60000000E+01     2.11120660E-03     1.09000600E+00     1.13749000E-05     8.00000000E-10     2.51657200E-04     1.10000000E-09     0.00000000E+00     6.18000000E-08     0.00000000E+00
    1.07140000E+05     3.65000000E+01     2.14052890E-03     1.09000600E+00     1.13749000E-05     8.00000000E-10     2.62289200E-04     1.20000000E-09     0.00000000E+00     6.27000000E-08     0.00000000E+00
    1.07140000E+05     3.70000000E+01     2.16985120E-03     1.09000600E+00     1.13749000E-05     9.00000000E-10     2.73216600E-04     1.30000000E-09     0.00000000E+00     6.35000000E-08     0.00000000E+00
    1.07140000E+05     3.75000000E+01     2.19917360E-03     1.09000600E+00     1.13749000E-05     1.00000000E-09     2.84443300E-04     1.40000000E-09     0.00000000E+00     6.44000000E-08     0.00000000E+00
    1.07140000E+05     3.80000000E+01     2.22849590E-03     1.09000600E+00     1.13749000E-05     1.00000000E-09     2.95973500E-04     1.60000000E-09     0.00000000E+00     6.52000000E-08     0.00000000E+00
    1.07140000E+05     3.85000000E+01     2.25781820E-03     1.09000600E+00     1.13749000E-05     1.10000000E-09     3.07811100E-04     1.70000000E-09     0.00000000E+00     6.61000000E-08     0.00000000E+00
    1.07140000E+05     3.90000000E+01     2.28714050E-03     1.09000600E+00     1.13749000E-05     1.20000000E-09     3.19960200E-04     1.80000000E-09     0.00000000E+00     6.70000000E-08     0.00000000E+00
    1.07140000E+05     3.95000000E+01     2.31646280E-03     1.09000600E+00     1.13749000E-05     1.30000000E-09     3.32424900E-04     2.00000000E-09     0.00000000E+00     6.78000000E-08     0.00000000E+00
    1.07140000E+05     4.00000000E+01     2.34578510E-03     1.09000600E+00     1.13749000E-05     1.40000000E-09     3.45209200E-04     2.10000000E-09     0.00000000E+00     6.87000000E-08     0.00000000E+00
    1.07140000E+05     4.05000000E+01     2.37510740E-03     1.09000600E+00     1.13749000E-05     1.50000000E-09     3.58317000E-04     2.30000000E-09     0.00000000E+00     6.95000000E-08     0.00000000E+00
    1.07140000E+05     4.10000000E+01     2.40442980E-03     1.09000600E+00     1.13749000E-05     1.60000000E-09     3.71752600E-04     2.50000000E-09     0.00000000E+00     7.04000000E-08     0.00000000E+00
    1.07140000E+05     4.15000000E+01     2.43375210E-03     1.09000600E+00     1.13749000E-05     1.80000000E-09     3.85519900E-04     2.60000000E-09     0.00000000E+00     7.13000000E-08     0.00000000E+00
    1.07140000E+05     4.20000000E+01     2.46307440E-03     1.09000600E+00     1.13749000E-05     1.90000000E-09     3.99623000E-04     2.80000000E-09     0.00000000E+00     7.21000000E-08     0.00000000E+00
    1.07140000E+05     4.25000000E+01     2.49239670E-03     1.09000600E+00     1.13749000E-05     2.00000000E-09     4.14065900E-04     3.00000000E-09     0.00000000E+00     7.30000000E-08     0.00000000E+00
    1.07140000E+05     4.30000000E+01     2.52171900E-03     1.09000600E+00     1.13749000E-05     2.20000000E-09     4.28852700E-04     3.30000000E-09     0.00000000E+00     7.38000000E-08     0.00000000E+00
    1.07140000E+05     4.35000000E+01     2.55104130E-03     1.09000600E+00     1.13749000E-05     2.30000000E-09     4.43987400E-04     3.50000000E-09     0.00000000E+00     7.47000000E-08     0.00000000E+00
    1.07140000E+05     4.40000000E+01     2.58036360E-03     1.09000600E+00     1.13749000E-05     2.50000000E-09     4.59474000E-04     3.80000000E-09     0.00000000E+00     7.55000000E-08     0.00000000E+00
    1.07140000E+05     4.45000000E+01     2.60968600E-03     1.09000600E+00     1.13749000E-05     2.70000000E-09     4.75316700E-04     4.00000000E-09     0.00000000E+00     7.64000000E-08     0.00000000E+00
    1.07140000E+05     4.50000000E+01     2.63900830E-03     1.09000600E+00     1.13749000E-05     2.90000000E-09     4.91519400E-04     4.30000000E-09     0.00000000E+00     7.73000000E-08     0.00000000E+00
    1.07140000E+05     4.55000000E+01     2.66833060E-03     1.09000600E+00     1.13749000E-05     3.10000000E-09     5.08086200E-04     4.60000000E-09     0.00000000E+00     7.81000000E-08     0.00000000E+00
    1.07140000E+05     4.60000000E+01     2.69765290E-03     1.09000600E+00     1.13749000E-05     3.30000000E-09     5.25021200E-04     4.90000000E-09     0.00000000E+00     7.90000000E-08     0.00000000E+00
    1.07140000E+05     4.65000000E+01     2.72697520E-03     1.09000600E+00     1.13749000E-05     3.50000000E-09     5.42328300E-04     5.20000000E-09     0.00000000E+00     7.98000000E-08     0.00000000E+00
    1.07140000E+05     4.70000000E+01     2.75629750E-03     1.09000600E+00     1.13749000E-05     3.70000000E-09     5.60011700E-04     5.60000000E-09     0.00000000E+00     8.07000000E-08     0.00000000E+00
    1.07140000E+05     4.75000000E+01     2.78561980E-03     1.09000600E+00     1.13749000E-05     4.00000000E-09     5.78075300E-04     5.90000000E-09     0.00000000E+00     8.16000000E-08     0.00000000E+00
    1.07140000E+05     4.80000000E+01     2.81494220E-03     1.09000600E+00     1.13749000E-05     4.20000000E-09     5.96523300E-04     6.30000000E-09     0.00000000E+00     8.24000000E-08     0.00000000E+00
    1.07140000E+05     4.85000000E+01     2.84426450E-03     1.09000600E+00     1.13749000E-05     4.50000000E-09     6.15359700E-04     6.70000000E-09     0.00000000E+00     8.33000000E-08     0.00000000E+00
    1.07140000E+05     4.90000000E+01     2.87358680E-03     1.09000600E+00     1.13749000E-05     4.80000000E-09     6.34588400E-04     7.20000000E-09     0.00000000E+00     8.41000000E-08     0.00000000E+00
    1.07140000E+05     4.95000000E+01     2.90290910E-03     1.09000600E+00     1.13749000E-05     5.10000000E-09     6.54213700E-04     7.60000000E-09     0.00000000E+00     8.50000000E-08     0.00000000E+00
    1.07140000E+05     5.10000000E+01     2.99087600E-03     1.09000600E+00     1.13749000E-05     6.10000000E-09     7.15921300E-04     9.10000000E-09     0.00000000E+00     8.76000000E-08     0.00000000E+00
    1.07140000E+05     5.35000000E+01     3.13748760E-03     1.09000600E+00     1.13749000E-05     8.10000000E-09     8.26406800E-04     1.22000000E-08     0.00000000E+00     9.19000000E-08     0.00000000E+00
    1.07140000E+05     5.60000000E+01     3.28409920E-03     1.09000600E+00     1.13749000E-05     1.07000000E-08     9.47714300E-04     1.60000000E-08     0.00000000E+00     9.61000000E-08     0.00000000E+00
    1.07140000E+05     5.85000000E+01     3.43071080E-03     1.09000600E+00     1.13749000E-05     1.39000000E-08     1.08034960E-03     2.08000000E-08     0.00000000E+00     1.00400000E-07     0.00000000E+00
    1.07140000E+05     6.10000000E+01     3.57732230E-03     1.09000600E+00     1.13749000E-05     1.78000000E-08     1.22481850E-03     2.67000000E-08     0.00000000E+00     1.04700000E-07     0.00000000E+00
    1.07140000E+05     6.35000000E+01     3.72393390E-03     1.09000600E+00     1.13749000E-05     2.27000000E-08     1.38162680E-03     3.40000000E-08     0.00000000E+00     1.09000000E-07     0.00000000E+00
    1.07140000E+05     6.60000000E+01     3.87054550E-03     1.09000600E+00     1.13749000E-05     2.86000000E-08     1.55128030E-03     4.28000000E-08     0.00000000E+00     1.13300000E-07     0.00000000E+00
    1.07140000E+05     6.85000000E+01     4.01715700E-03     1.09000600E+00     1.13749000E-05     3.57000000E-08     1.73428500E-03     5.35000000E-08     0.00000000E+00     1.17600000E-07     0.00000000E+00
    1.07140000E+05     7.10000000E+01     4.16376860E-03     1.09000600E+00     1.13749000E-05     4.43000000E-08     1.93114680E-03     6.64000000E-08     0.00000000E+00     1.21900000E-07     0.00000000E+00
    1.07140000E+05     7.35000000E+01     4.31038020E-03     1.09000600E+00     1.13749000E-05     5.45000000E-08     2.14237140E-03     8.17000000E-08     0.00000000E+00     1.26200000E-07     0.00000000E+00
    1.07140000E+05     7.60000000E+01     4.45699180E-03     1.09000600E+00     1.13749000E-05     6.66000000E-08     2.36846490E-03     9.98000000E-08     0.00000000E+00     1.30500000E-07     0.00000000E+00
    1.07140000E+05     7.85000000E+01     4.60360330E-03     1.09000600E+00     1.13749000E-05     8.08000000E-08     2.60993310E-03     1.21200000E-07     0.00000000E+00     1.34800000E-07     0.00000000E+00
    1.07140000E+05     8.10000000E+01     4.75021490E-03     1.09000600E+00     1.13749000E-05     9.75000000E-08     2.86728210E-03     1.46300000E-07     0.00000000E+00     1.39100000E-07     0.00000000E+00
    1.07140000E+05     8.35000000E+01     4.89682650E-03     1.09000600E+00     1.13749000E-05     1.17100000E-07     3.14101790E-03     1.75600000E-07     0.00000000E+00     1.43400000E-07     0.00000000E+00
    1.07140000E+05     8.60000000E+01     5.04343800E-03     1.09000600E+00     1.13749000E-05     1.39700000E-07     3.43164650E-03     2.09600000E-07     0.00000000E+00     1.47700000E-07     0.00000000E+00
    1.07140000E+05     8.85000000E+01     5.19004960E-03     1.09000600E+00     1.13749000E-05     1.65900000E-07     3.73967420E-03     2.48900000E-07     0.00000000E+00     1.52000000E-07     0.00000000E+00
    1.07140000E+05     9.10000000E+01     5.33666120E-03     1.09000600E+00     1.13749000E-05     1.96100000E-07     4.06560680E-03     2.94100000E-07     0.00000000E+00     1.56200000E-07     0.00000000E+00
    1.07140000E+05     9.35000000E+01     5.48327280E-03     1.09000600E+00     1.13749000E-05     2.30700000E-07     4.40995050E-03     3.46000000E-07     0.00000000E+00     1.60500000E-07     0.00000000E+00
    1.07140000E+05     9.60000000E+01     5.62988430E-03     1.09000600E+00     1.13749000E-05     2.70300000E-07     4.77321180E-03     4.05400000E-07     0.00000000E+00     1.64800000E-07     0.00000000E+00
    1.07140000E+05     9.85000000E+01     5.77649590E-03     1.09000600E+00     1.13749000E-05     3.15300000E-07     5.15589650E-03     4.73000000E-07     0.00000000E+00     1.69100000E-07     0.00000000E+00
    1.07140000E+05     1.01000000E+02     5.92310750E-03     1.09000600E+00     1.13749000E-05     3.66500000E-07     5.55851130E-03     5.49700000E-07     0.00000000E+00     1.73400000E-07     0.00000000E+00
    1.07140000E+05     1.03500000E+02     6.06971900E-03     1.09000600E+00     1.13749000E-05     4.24400000E-07     5.98156240E-03     6.36500000E-07     0.00000000E+00     1.77700000E-07     0.00000000E+00
    1.07140000E+05     1.06000000E+02     6.21633060E-03     1.09000600E+00     1.13749000E-05     4.89700000E-07     6.42555600E-03     7.34500000E-07     0.00000000E+00     1.82000000E-07     0.00000000E+00
    1.07140000E+05     1.08500000E+02     6.36294220E-03     1.09000600E+00     1.13749000E-05     5.63200000E-07     6.89099880E-03     8.44800000E-07     0.00000000E+00     1.86300000E-07     0.00000000E+00
    1.07140000E+05     1.11000000E+02     6.50955370E-03     1.09000600E+00     1.13749000E-05     6.45700000E-07     7.37839720E-03     9.68500000E-07     0.00000000E+00     1.90600000E-07     0.00000000E+00
    1.07140000E+05     1.13500000E+02     6.65616530E-03     1.09000600E+00     1.13749000E-05     7.37900000E-07     7.88825760E-03     1.10690000E-06     0.00000000E+00     1.94900000E-07     0.00000000E+00
    1.07140000E+05     1.16000000E+02     6.80277690E-03     1.09000600E+00     1.13749000E-05     8.41000000E-07     8.42108710E-03     1.26140000E-06     0.00000000E+00     1.99200000E-07     0.00000000E+00
    1.07140000E+05     1.18500000E+02     6.94938850E-03     1.09000600E+00     1.13749000E-05     9.55700000E-07     8.97739150E-03     1.43360000E-06     0.00000000E+00     2.03500000E-07     0.00000000E+00
    1.07140000E+05     1.21000000E+02     7.09600000E-03     1.09000600E+00     1.13749000E-05     1.08330000E-06     9.55767850E-03     1.62480000E-06     0.00000000E+00     2.07800000E-07     0.00000000E+00
    1.07140000E+05     1.23500000E+02     7.24261160E-03     1.09000600E+00     1.13749000E-05     1.22460000E-06     1.01624541E-02     1.83690000E-06     0.00000000E+00     2.12100000E-07     0.00000000E+00
    1.07140000E+05     1.26000000E+02     7.38922320E-03     1.09000600E+00     1.13749000E-05     1.38110000E-06     1.07922256E-02     2.07160000E-06     0.00000000E+00     2.16400000E-07     0.00000000E+00
    1.07140000E+05     1.28500000E+02     7.53583470E-03     1.09000600E+00     1.13749000E-05     1.55390000E-06     1.14475002E-02     2.33070000E-06     0.00000000E+00     2.20700000E-07     0.00000000E+00
    1.07140000E+05     1.31000000E+02     7.68244630E-03     1.09000600E+00     1.13749000E-05     1.74430000E-06     1.21287846E-02     2.61630000E-06     0.00000000E+00     2.25000000E-07     0.00000000E+00
    1.07140000E+05     1.33500000E+02     7.82905790E-03     1.09000600E+00     1.13749000E-05     1.95370000E-06     1.28365860E-02     2.93050000E-06     0.00000000E+00     2.29200000E-07     1.00000000E-10
    1.07140000E+05     1.36000000E+02     7.97566950E-03     1.09000600E+00     1.13749000E-05     2.18380000E-06     1.35714116E-02     3.27550000E-06     0.00000000E+00     2.33500000E-07     1.00000000E-10
    1.07140000E+05     1.38500000E+02     8.12228100E-03     1.09000600E+00     1.13749000E-05     2.43590000E-06     1.43337684E-02     3.65380000E-06     0.00000000E+00     2.37800000E-07     1.00000000E-10
    1.07140000E+05     1.41000000E+02     8.26889260E-03     1.09000600E+00     1.13749000E-05     2.71190000E-06     1.51241642E-02     4.06770000E-06     0.00000000E+00     2.42100000E-07     1.00000000E-10
    1.07140000E+05     1.43500000E+02     8.41550420E-03     1.09000600E+00     1.13749000E-05     3.01340000E-06     1.59431064E-02     4.52000000E-06     0.00000000E+00     2.46400000E-07     1.00000000E-10
    1.07140000E+05     1.46000000E+02     8.56211570E-03     1.09000600E+00     1.13749000E-05     3.34240000E-06     1.67911026E-02     5.01350000E-06     0.00000000E+00     2.50700000E-07     1.00000000E-10
    1.07140000E+05     1.48500000E+02     8.70872730E-03     1.09000600E+00     1.13749000E-05     3.70080000E-06     1.76686602E-02     5.55110000E-06     1.00000000E-10     2.55000000E-07     1.00000000E-10
    1.07140000E+05     1.51000000E+02     8.85533890E-03     1.09000600E+00     1.13749000E-05     4.09070000E-06     1.85762874E-02     6.13580000E-06     1.00000000E-10     2.59300000E-07     1.00000000E-10
    1.07140000E+05     1.53500000E+02     9.00195050E-03     1.09000600E+00     1.13749000E-05     4.51420000E-06     1.95144916E-02     6.77110000E-06     1.00000000E-10     2.63600000E-07     1.00000000E-10
    1.07140000E+05     1.56000000E+02     9.14856200E-03     1.09000600E+00     1.13749000E-05     4.97360000E-06     2.04837810E-02     7.46020000E-06     1.00000000E-10     2.67900000E-07     1.00000000E-10
    1.07140000E+05     1.58500000E+02     9.29517360E-03     1.09000600E+00     1.13749000E-05     5.47140000E-06     2.14846642E-02     8.20680000E-06     1.00000000E-10     2.72200000E-07     1.00000000E-10
    1.07140000E+05     1.61000000E+02     9.44178520E-03     1.09000600E+00     1.13749000E-05     6.01000000E-06     2.25176484E-02     9.01460000E-06     1.00000000E-10     2.76500000E-07     1.00000000E-10
    1.07140000E+05     1.63500000E+02     9.58839670E-03     1.09000600E+00     1.13749000E-05     6.59200000E-06     2.35832434E-02     9.88770000E-06     1.00000000E-10     2.80800000E-07     1.00000000E-10
    1.07140000E+05     1.66000000E+02     9.73500830E-03     1.09000600E+00     1.13749000E-05     7.22030000E-06     2.46819562E-02     1.08301000E-05     1.00000000E-10     2.85100000E-07     1.00000000E-10
    1.07140000E+05     1.68500000E+02     9.88161990E-03     1.09000600E+00     1.13749000E-05     7.89780000E-06     2.58142960E-02     1.18462000E-05     1.00000000E-10     2.89400000E-07     1.00000000E-10
    1.07140000E+05     1.71000000E+02     1.00282314E-02     1.09000600E+00     1.13749000E-05     8.62730000E-06     2.69807718E-02     1.29405000E-05     1.00000000E-10     2.93700000E-07     1.00000000E-10
    1.07140000E+05     1.73500000E+02     1.01748430E-02     1.09000600E+00     1.13749000E-05     9.41230000E-06     2.81818926E-02     1.41178000E-05     1.00000000E-10     2.98000000E-07     1.00000000E-10
    1.07140000E+05     1.76000000E+02     1.03214546E-02     1.09000600E+00     1.13749000E-05     1.02558000E-05     2.94181672E-02     1.53830000E-05     1.00000000E-10     3.02300000E-07     2.00000000E-10
    1.07140000E+05     1.78500000E+02     1.04680662E-02     1.09000600E+00     1.13749000E-05     1.11614000E-05     3.06901044E-02     1.67414000E-05     1.00000000E-10     3.06600000E-07     2.00000000E-10
    1.07140000E+05     1.81000000E+02     1.06146776E-02     1.09000600E+00     1.13749000E-05     1.21327000E-05     3.19982138E-02     1.81982000E-05     1.00000000E-10     3.10900000E-07     2.00000000E-10
    1.07140000E+05     1.83500000E+02     1.07612894E-02     1.09000600E+00     1.13749000E-05     1.31735000E-05     3.33430050E-02     1.97593000E-05     1.00000000E-10     3.15200000E-07     2.00000000E-10
    1.07140000E+05     1.86000000E+02     1.09079010E-02     1.09000600E+00     1.13749000E-05     1.42876000E-05     3.47249874E-02     2.14303000E-05     1.00000000E-10     3.19500000E-07     2.00000000E-10
    1.07140000E+05     1.88500000E+02     1.10545124E-02     1.09000600E+00     1.13749000E-05     1.54791000E-05     3.61446716E-02     2.32175000E-05     1.00000000E-10     3.23800000E-07     2.00000000E-10
    1.07140000E+05     1.91000000E+02     1.12011240E-02     1.09000600E+00     1.13749000E-05     1.67523000E-05     3.76025668E-02     2.51272000E-05     1.00000000E-10     3.28100000E-07     2.00000000E-10
    1.07140000E+05     1.93500000E+02     1.13477356E-02     1.09000600E+00     1.13749000E-05     1.81117000E-05     3.90991824E-02     2.71660000E-05     2.00000000E-10     3.32400000E-07     2.00000000E-10
    1.07140000E+05     1.96000000E+02     1.14943472E-02     1.09000600E+00     1.13749000E-05     1.95617000E-05     4.06350314E-02     2.93409000E-05     2.00000000E-10     3.36700000E-07     2.00000000E-10
    1.07140000E+05     1.98500000E+02     1.16409586E-02     1.09000600E+00     1.13749000E-05     2.11072000E-05     4.22106216E-02     3.16590000E-05     2.00000000E-10     3.41000000E-07     3.00000000E-10
    1.07140000E+05     2.01000000E+02     1.17875704E-02     1.09000600E+00     1.13749000E-05     2.27531000E-05     4.38264646E-02     3.41277000E-05     2.00000000E-10     3.45300000E-07     3.00000000E-10
    1.07140000E+05     2.03500000E+02     1.19341818E-02     1.09000600E+00     1.13749000E-05     2.45047000E-05     4.54830732E-02     3.67548000E-05     2.00000000E-10     3.49600000E-07     3.00000000E-10
    1.07140000E+05     2.06000000E+02     1.20807934E-02     1.09000600E+00     1.13749000E-05     2.63671000E-05     4.71809558E-02     3.95483000E-05     2.00000000E-10     3.53900000E-07     3.00000000E-10
    1.07140000E+05     2.08500000E+02     1.22274050E-02     1.09000600E+00     1.13749000E-05     2.83461000E-05     4.89206234E-02     4.25166000E-05     2.00000000E-10     3.58200000E-07     3.00000000E-10
    1.07140000E+05     2.11000000E+02     1.23740166E-02     1.09000600E+00     1.13749000E-05     3.04474000E-05     5.07025896E-02     4.56682000E-05     2.00000000E-10     3.62500000E-07     3.00000000E-10
    1.07140000E+05     2.13500000E+02     1.25206282E-02     1.09000600E+00     1.13749000E-05     3.26769000E-05     5.25273650E-02     4.90121000E-05     2.00000000E-10     3.66800000E-07     3.00000000E-10
    1.07140000E+05     2.16000000E+02     1.26672396E-02     1.09000600E+00     1.13749000E-05     3.50407000E-05     5.43954626E-02     5.25577000E-05     2.00000000E-10     3.71100000E-07     4.00000000E-10
    1.07140000E+05     2.18500000E+02     1.28138514E-02     1.09000600E+00     1.13749000E-05     3.75455000E-05     5.63073936E-02     5.63144000E-05     3.00000000E-10     3.75400000E-07     4.00000000E-10
    1.07140000E+05     2.21000000E+02     1.29604628E-02     1.09000600E+00     1.13749000E-05     4.01976000E-05     5.82636710E-02     6.02923000E-05     3.00000000E-10     3.79700000E-07     4.00000000E-10
    1.07140000E+05     2.23500000E+02     1.31070744E-02     1.09000600E+00     1.13749000E-05     4.30041000E-05     6.02648046E-02     6.45016000E-05     3.00000000E-10     3.84000000E-07     4.00000000E-10
    1.07140000E+05     2.26000000E+02     1.32536860E-02     1.09000600E+00     1.13749000E-05     4.59720000E-05     6.23113114E-02     6.89530000E-05     3.00000000E-10     3.88300000E-07     4.00000000E-10
    1.07140000E+05     2.28500000E+02     1.34002976E-02     1.09000600E+00     1.13749000E-05     4.91087000E-05     6.44037050E-02     7.36576000E-05     3.00000000E-10     3.92600000E-07     4.00000000E-10
    1.07140000E+05     2.31000000E+02     1.35469092E-02     1.09000600E+00     1.13749000E-05     5.24217000E-05     6.65424934E-02     7.86266000E-05     3.00000000E-10     3.96900000E-07     5.00000000E-10
    1.07140000E+05     2.33500000E+02     1.36935206E-02     1.09000600E+00     1.13749000E-05     5.59189000E-05     6.87281940E-02     8.38719000E-05     3.00000000E-10     4.01200000E-07     5.00000000E-10
    1.07140000E+05     2.36000000E+02     1.38401324E-02     1.09000600E+00     1.13749000E-05     5.96084000E-05     7.09613188E-02     8.94056000E-05     3.00000000E-10     4.05500000E-07     5.00000000E-10
    1.07140000E+05     2.38500000E+02     1.39867438E-02     1.09000600E+00     1.13749000E-05     6.34986000E-05     7.32423862E-02     9.52402000E-05     4.00000000E-10     4.09800000E-07     5.00000000E-10
    1.07140000E+05     2.41000000E+02     1.41333554E-02     1.09000600E+00     1.13749000E-05     6.75981000E-05     7.55719054E-02     1.01388800E-04     4.00000000E-10     4.14200000E-07     6.00000000E-10
    1.07140000E+05     2.43500000E+02     1.42799670E-02     1.09000600E+00     1.13749000E-05     7.19158000E-05     7.79503952E-02     1.07864600E-04     4.00000000E-10     4.18500000E-07     6.00000000E-10
    1.07140000E+05     2.46000000E+02     1.44265786E-02     1.09000600E+00     1.13749000E-05     7.64609000E-05     8.03783700E-02     1.14681500E-04     4.00000000E-10     4.22800000E-07     6.00000000E-10
    1.07140000E+05     2.48500000E+02     1.45731902E-02     1.09000600E+00     1.13749000E-05     8.12429000E-05     8.28563378E-02     1.21853700E-04     4.00000000E-10     4.27100000E-07     6.00000000E-10
    1.07140000E+05     2.52250000E+02     1.47931075E-02     1.09000600E+00     1.13749000E-05     8.89143000E-05     8.66745840E-02     1.33359400E-04     4.00000000E-10     4.33500000E-07     7.00000000E-10
    1.07140000E+05     2.57250000E+02     1.50863306E-02     1.09000600E+00     1.13749000E-05     1.00024700E-04     9.19369670E-02     1.50023100E-04     5.00000000E-10     4.42200000E-07     7.00000000E-10
    1.07140000E+05     2.62250000E+02     1.53795538E-02     1.09000600E+00     1.13749000E-05     1.12268900E-04     9.74086391E-02     1.68386900E-04     5.00000000E-10     4.50800000E-07     8.00000000E-10
    1.07140000E+05     2.67250000E+02     1.56727769E-02     1.09000600E+00     1.13749000E-05     1.25737300E-04     1.03093734E-01     1.88586900E-04     6.00000000E-10     4.59400000E-07     8.00000000E-10
    1.07140000E+05     2.72250000E+02     1.59660001E-02     1.09000600E+00     1.13749000E-05     1.40526100E-04     1.08996391E-01     2.10767200E-04     6.00000000E-10     4.68000000E-07     9.00000000E-10
    1.07140000E+05     2.77250000E+02     1.62592232E-02     1.09000600E+00     1.13749000E-05     1.56736900E-04     1.15120763E-01     2.35079900E-04     6.00000000E-10     4.76700000E-07     1.00000000E-09
    1.07140000E+05     2.82250000E+02     1.65524464E-02     1.09000600E+00     1.13749000E-05     1.74477100E-04     1.21471001E-01     2.61686200E-04     7.00000000E-10     4.85300000E-07     1.00000000E-09
    1.07140000E+05     2.87250000E+02     1.68456695E-02     1.09000600E+00     1.13749000E-05     1.93859800E-04     1.28051271E-01     2.90755800E-04     7.00000000E-10     4.93900000E-07     1.10000000E-09
    1.07140000E+05     2.92250000E+02     1.71388926E-02     1.09000600E+00     1.13749000E-05     2.15004600E-04     1.34865730E-01     3.22468000E-04     8.00000000E-10     5.02600000E-07     1.20000000E-09
    1.07140000E+05     2.97250000E+02     1.74321158E-02     1.09000600E+00     1.13749000E-05     2.38037400E-04     1.41918559E-01     3.57011600E-04     9.00000000E-10     5.11200000E-07     1.30000000E-09
    1.07140000E+05     3.02250000E+02     1.77253389E-02     1.09000600E+00     1.13749000E-05     2.63090700E-04     1.49213933E-01     3.94585200E-04     9.00000000E-10     5.19900000E-07     1.40000000E-09
    1.07140000E+05     3.07250000E+02     1.80185621E-02     1.09000600E+00     1.13749000E-05     2.90303900E-04     1.56756035E-01     4.35397900E-04     1.00000000E-09     5.28500000E-07     1.50000000E-09
    1.07140000E+05     3.12250000E+02     1.83117852E-02     1.09000600E+00     1.13749000E-05     3.19823500E-04     1.64549063E-01     4.79669200E-04     1.00000000E-09     5.37200000E-07     1.60000000E-09
    1.07140000E+05     3.17250000E+02     1.86050084E-02     1.09000600E+00     1.13749000E-05     3.51803100E-04     1.72597214E-01     5.27629700E-04     1.10000000E-09     5.45800000E-07     1.70000000E-09
    1.07140000E+05     3.22250000E+02     1.88982315E-02     1.09000600E+00     1.13749000E-05     3.86404200E-04     1.80904701E-01     5.79521400E-04     1.20000000E-09     5.54500000E-07     1.80000000E-09
    1.07140000E+05     3.27250000E+02     1.91914546E-02     1.09000600E+00     1.13749000E-05     4.23796000E-04     1.89475738E-01     6.35597900E-04     1.30000000E-09     5.63100000E-07     1.90000000E-09
    1.07140000E+05     3.32250000E+02     1.94846778E-02     1.09000600E+00     1.13749000E-05     4.64155600E-04     1.98314545E-01     6.96125000E-04     1.30000000E-09     5.71800000E-07     2.00000000E-09
    1.07140000E+05     3.37250000E+02     1.97779008E-02     1.09000600E+00     1.13749000E-05     5.07668600E-04     2.07425362E-01     7.61380700E-04     1.40000000E-09     5.80500000E-07     2.10000000E-09
    1.07140000E+05     3.42250000E+02     2.00711241E-02     1.09000600E+00     1.13749000E-05     5.54529100E-04     2.16812423E-01     8.31656200E-04     1.50000000E-09     5.89100000E-07     2.30000000E-09
    1.07140000E+05     3.47250000E+02     2.03643472E-02     1.09000600E+00     1.13749000E-05     6.04940000E-04     2.26479981E-01     9.07255500E-04     1.60000000E-09     5.97800000E-07     2.40000000E-09
    1.07140000E+05     3.52250000E+02     2.06575703E-02     1.09000600E+00     1.13749000E-05     6.59113200E-04     2.36432296E-01     9.88496700E-04     1.70000000E-09     6.06500000E-07     2.50000000E-09
    1.07140000E+05     3.57250000E+02     2.09507935E-02     1.09000600E+00     1.13749000E-05     7.17270200E-04     2.46673638E-01     1.07571160E-03     1.80000000E-09     6.15200000E-07     2.70000000E-09
    1.07140000E+05     3.62250000E+02     2.12440166E-02     1.09000600E+00     1.13749000E-05     7.79642000E-04     2.57208279E-01     1.16924640E-03     1.90000000E-09     6.23900000E-07     2.80000000E-09
    1.07140000E+05     3.67250000E+02     2.15372398E-02     1.09000600E+00     1.13749000E-05     8.46469300E-04     2.68040513E-01     1.26946240E-03     2.00000000E-09     6.32600000E-07     3.00000000E-09
    1.07140000E+05     3.72250000E+02     2.18304628E-02     1.09000600E+00     1.13749000E-05     9.18003400E-04     2.79174638E-01     1.37673590E-03     2.10000000E-09     6.41300000E-07     3.20000000E-09
    1.07140000E+05     3.77250000E+02     2.21236861E-02     1.09000600E+00     1.13749000E-05     9.94505700E-04     2.90614962E-01     1.49145900E-03     2.20000000E-09     6.50000000E-07     3.30000000E-09
    1.07140000E+05     3.82250000E+02     2.24169092E-02     1.09000600E+00     1.13749000E-05     1.07624860E-03     3.02365803E-01     1.61404000E-03     2.30000000E-09     6.58700000E-07     3.50000000E-09
    1.07140000E+05     3.87250000E+02     2.27101323E-02     1.09000600E+00     1.13749000E-05     1.16351520E-03     3.14431490E-01     1.74490350E-03     2.50000000E-09     6.67400000E-07     3.70000000E-09
    1.07140000E+05     3.92250000E+02     2.30033555E-02     1.09000600E+00     1.13749000E-05     1.25660030E-03     3.26816371E-01     1.88449130E-03     2.60000000E-09     6.76100000E-07     3.90000000E-09
    1.07140000E+05     3.97250000E+02     2.32965786E-02     1.09000600E+00     1.13749000E-05     1.35581020E-03     3.39524800E-01     2.03326250E-03     2.70000000E-09     6.84800000E-07     4.10000000E-09
    1.07140000E+05     4.02250000E+02     2.35898018E-02     1.09000600E+00     1.13749000E-05     1.46146310E-03     3.52561136E-01     2.19169410E-03     2.90000000E-09     6.93500000E-07     4.30000000E-09
    1.07140000E+05     4.07250000E+02     2.38830248E-02     1.09000600E+00     1.13749000E-05     1.57388950E-03     3.65929768E-01     2.36028170E-03     3.00000000E-09     7.02300000E-07     4.50000000E-09
    1.07140000E+05     4.12250000E+02     2.41762481E-02     1.09000600E+00     1.13749000E-05     1.69343220E-03     3.79635070E-01     2.53953920E-03     3.20000000E-09     7.11000000E-07     4.80000000E-09
    1.07140000E+05     4.17250000E+02     2.44694712E-02     1.09000600E+00     1.13749000E-05     1.82044740E-03     3.93681467E-01     2.73000040E-03     3.30000000E-09     7.19800000E-07     5.00000000E-09
    1.07140000E+05     4.22250000E+02     2.47626943E-02     1.09000600E+00     1.13749000E-05     1.95530390E-03     4.08073350E-01     2.93221810E-03     3.50000000E-09     7.28500000E-07     5.20000000E-09
    1.07140000E+05     4.27250000E+02     2.50559175E-02     1.09000600E+00     1.13749000E-05     2.09838450E-03     4.22815177E-01     3.14676600E-03     3.70000000E-09     7.37300000E-07     5.50000000E-09
    1.07140000E+05     4.32250000E+02     2.53491406E-02     1.09000600E+00     1.13749000E-05     2.25008540E-03     4.37911384E-01     3.37423840E-03     3.80000000E-09     7.46000000E-07     5.70000000E-09
    1.07140000E+05     4.37250000E+02     2.56423638E-02     1.09000600E+00     1.13749000E-05     2.41081710E-03     4.53366405E-01     3.61525020E-03     4.00000000E-09     7.54800000E-07     6.00000000E-09
    1.07140000E+05     4.42250000E+02     2.59355868E-02     1.09000600E+00     1.13749000E-05     2.58100490E-03     4.69184754E-01     3.87043900E-03     4.20000000E-09     7.63600000E-07     6.30000000E-09
    1.07140000E+05     4.47250000E+02     2.62288101E-02     1.09000600E+00     1.13749000E-05     2.76108840E-03     4.85370883E-01     4.14046370E-03     4.40000000E-09     7.72300000E-07     6.60000000E-09
    1.07140000E+05     4.52250000E+02     2.65220332E-02     1.09000600E+00     1.13749000E-05     2.95152280E-03     5.01929323E-01     4.42600660E-03     4.60000000E-09     7.81100000E-07     6.90000000E-09
    1.07140000E+05     4.57250000E+02     2.68152563E-02     1.09000600E+00     1.13749000E-05     3.15277860E-03     5.18864575E-01     4.72777280E-03     4.80000000E-09     7.89900000E-07     7.20000000E-09
    1.07140000E+05     4.62250000E+02     2.71084795E-02     1.09000600E+00     1.13749000E-05     3.36534210E-03     5.36181183E-01     5.04649140E-03     5.00000000E-09     7.98700000E-07     7.50000000E-09
    1.07140000E+05     4.67250000E+02     2.74017025E-02     1.09000600E+00     1.13749000E-05     3.58971600E-03     5.53883688E-01     5.38291550E-03     5.20000000E-09     8.07500000E-07     7.80000000E-09
    1.07140000E+05     4.72250000E+02     2.76949258E-02     1.09000600E+00     1.13749000E-05     3.82641980E-03     5.71976678E-01     5.73782370E-03     5.50000000E-09     8.16300000E-07     8.20000000E-09
    1.07140000E+05     4.77250000E+02     2.79881488E-02     1.09000600E+00     1.13749000E-05     4.07598900E-03     5.90464711E-01     6.11201870E-03     5.70000000E-09     8.25200000E-07     8.50000000E-09
    1.07140000E+05     4.82250000E+02     2.82813720E-02     1.09000600E+00     1.13749000E-05     4.33897750E-03     6.09352413E-01     6.50633070E-03     5.90000000E-09     8.34000000E-07     8.90000000E-09
    1.07140000E+05     4.87250000E+02     2.85745952E-02     1.09000600E+00     1.13749000E-05     4.61595630E-03     6.28644398E-01     6.92161520E-03     6.20000000E-09     8.42800000E-07     9.30000000E-09
    1.07140000E+05     4.92250000E+02     2.88678183E-02     1.09000600E+00     1.13749000E-05     4.90751390E-03     6.48345269E-01     7.35875440E-03     6.40000000E-09     8.51700000E-07     9.70000000E-09
    1.07140000E+05     4.97250000E+02     2.91610415E-02     1.09000600E+00     1.13749000E-05     5.21425880E-03     6.68459741E-01     7.81865980E-03     6.70000000E-09     8.60500000E-07     1.01000000E-08
    1.07140000E+05     5.12250000E+02     3.00407109E-02     1.09000600E+00     1.13749000E-05     6.24978600E-03     7.31763810E-01     9.37119990E-03     7.60000000E-09     8.87100000E-07     1.13000000E-08
    1.07140000E+05     5.37250000E+02     3.15068266E-02     1.09000600E+00     1.13749000E-05     8.31577390E-03     8.45285617E-01     1.24685701E-02     9.20000000E-09     9.31700000E-07     1.37000000E-08
    1.07140000E+05     5.62250000E+02     3.29729423E-02     1.09000600E+00     1.13749000E-05     1.09221062E-02     9.70218508E-01     1.63758378E-02     1.10000000E-08     9.76400000E-07     1.65000000E-08
    1.07140000E+05     5.87250000E+02     3.44390580E-02     1.09000600E+00     1.13749000E-05     1.41763820E-02     1.10717630E+00     2.12542079E-02     1.31000000E-08     1.02150000E-06     1.96000000E-08
    1.07140000E+05     6.12250000E+02     3.59051737E-02     1.09000600E+00     1.13749000E-05     1.82015251E-02     1.25678820E+00     2.72878248E-02     1.54000000E-08     1.06680000E-06     2.31000000E-08
    1.07140000E+05     6.37250000E+02     3.73712894E-02     1.09000600E+00     1.13749000E-05     2.31371752E-02     1.41970019E+00     3.46858489E-02     1.81000000E-08     1.11240000E-06     2.72000000E-08
    1.07140000E+05     6.62250000E+02     3.88374051E-02     1.09000600E+00     1.13749000E-05     2.91411343E-02     1.59657643E+00     4.36846170E-02     2.11000000E-08     1.15830000E-06     3.17000000E-08
    1.07140000E+05     6.87250000E+02     4.03035208E-02     1.09000600E+00     1.13749000E-05     3.63908814E-02     1.78810087E+00     5.45499020E-02     2.45000000E-08     1.20470000E-06     3.67000000E-08
    1.07140000E+05     7.12250000E+02     4.17696365E-02     1.09000600E+00     1.13749000E-05     4.50851369E-02     1.99497873E+00     6.75792470E-02     2.83000000E-08     1.25140000E-06     4.24000000E-08
    1.07140000E+05     7.37250000E+02     4.32357523E-02     1.09000600E+00     1.13749000E-05     5.54454951E-02     2.21793816E+00     8.31043981E-02     3.24000000E-08     1.29850000E-06     4.86000000E-08
    1.07140000E+05     7.62250000E+02     4.47018680E-02     1.09000600E+00     1.13749000E-05     6.77181131E-02     2.45773198E+00     1.01493823E-01     3.71000000E-08     1.34610000E-06     5.56000000E-08
    1.07140000E+05     7.87250000E+02     4.61679837E-02     1.09000600E+00     1.13749000E-05     8.21754571E-02     2.71513932E+00     1.23155311E-01     4.22000000E-08     1.39410000E-06     6.32000000E-08
    1.07140000E+05     8.12250000E+02     4.76340994E-02     1.09000600E+00     1.13749000E-05     9.91181155E-02     2.99096753E+00     1.48538673E-01     4.78000000E-08     1.44270000E-06     7.16000000E-08
    1.07140000E+05     8.37250000E+02     4.91002151E-02     1.09000600E+00     1.13749000E-05     1.18876665E-01     3.28605409E+00     1.78138517E-01     5.39000000E-08     1.49180000E-06     8.08000000E-08
    1.07140000E+05     8.62250000E+02     5.05663308E-02     1.09000600E+00     1.13749000E-05     1.41813597E-01     3.60126836E+00     2.12497119E-01     6.07000000E-08     1.54150000E-06     9.09000000E-08
    1.07140000E+05     8.87250000E+02     5.20324465E-02     1.09000600E+00     1.13749000E-05     1.68325302E-01     3.93751368E+00     2.52207361E-01     6.80000000E-08     1.59180000E-06     1.01900000E-07
    1.07140000E+05     9.12250000E+02     5.34985622E-02     1.09000600E+00     1.13749000E-05     1.98844129E-01     4.29572954E+00     2.97915808E-01     7.60000000E-08     1.64270000E-06     1.13900000E-07
    1.07140000E+05     9.37250000E+02     5.49646779E-02     1.09000600E+00     1.13749000E-05     2.33840475E-01     4.67689345E+00     3.50325791E-01     8.47000000E-08     1.69440000E-06     1.26900000E-07
    1.07140000E+05     9.62250000E+02     5.64307936E-02     1.09000600E+00     1.13749000E-05     2.73824960E-01     5.08202321E+00     4.10200645E-01     9.41000000E-08     1.74670000E-06     1.40900000E-07
    1.07140000E+05     9.87250000E+02     5.78969094E-02     1.09000600E+00     1.13749000E-05     3.19350659E-01     5.51217937E+00     4.78367028E-01     1.04200000E-07     1.79990000E-06     1.56200000E-07
    1.07140000E+05     1.01225000E+03     5.93630250E-02     1.09000600E+00     1.13749000E-05     3.71015357E-01     5.96846701E+00     5.55718241E-01     1.15200000E-07     1.85380000E-06     1.72600000E-07
    1.07140000E+05     1.03725000E+03     6.08291408E-02     1.09000600E+00     1.13749000E-05     4.29463915E-01     6.45203839E+00     6.43217757E-01     1.27000000E-07     1.90860000E-06     1.90200000E-07
    1.07140000E+05     1.06225000E+03     6.22952565E-02     1.09000600E+00     1.13749000E-05     4.95390679E-01     6.96409551E+00     7.41902761E-01     1.39700000E-07     1.96420000E-06     2.09200000E-07
    1.07140000E+05     1.08725000E+03     6.37613722E-02     1.09000600E+00     1.13749000E-05     5.69541917E-01     7.50589241E+00     8.52887777E-01     1.53300000E-07     2.02080000E-06     2.29600000E-07
    1.07140000E+05     1.11225000E+03     6.52274879E-02     1.09000600E+00     1.13749000E-05     6.52718355E-01     8.07873753E+00     9.77368410E-01     1.67900000E-07     2.07840000E-06     2.51400000E-07
    1.07140000E+05     1.13725000E+03     6.66936036E-02     1.09000600E+00     1.13749000E-05     7.45777733E-01     8.68399645E+00     1.11662512E+00     1.83500000E-07     2.13700000E-06     2.74700000E-07
    1.07140000E+05     1.16225000E+03     6.81597193E-02     1.09000600E+00     1.13749000E-05     8.49637469E-01     9.32309446E+00     1.27202712E+00     2.00100000E-07     2.19660000E-06     2.99600000E-07
    1.07140000E+05     1.18725000E+03     6.96258350E-02     1.09000600E+00     1.13749000E-05     9.65277346E-01     9.99751973E+00     1.44503643E+00     2.17900000E-07     2.25740000E-06     3.26200000E-07
    1.07140000E+05     1.21225000E+03     7.10919507E-02     1.09000600E+00     1.13749000E-05     1.09374224E+00     1.07088249E+01     1.63721182E+00     2.36800000E-07     2.31930000E-06     3.54500000E-07
    1.07140000E+05     1.23725000E+03     7.25580665E-02     1.09000600E+00     1.13749000E-05     1.23614497E+00     1.14586314E+01     1.85021297E+00     2.57000000E-07     2.38240000E-06     3.84600000E-07
    1.07140000E+05     1.26225000E+03     7.40241821E-02     1.09000600E+00     1.13749000E-05     1.39366914E+00     1.22486311E+01     2.08580480E+00     2.78400000E-07     2.44680000E-06     4.16600000E-07
    1.07140000E+05     1.28725000E+03     7.54902978E-02     1.09000600E+00     1.13749000E-05     1.56757204E+00     1.30805899E+01     2.34586158E+00     3.01000000E-07     2.51250000E-06     4.50500000E-07
    1.07140000E+05     1.31225000E+03     7.69564135E-02     1.09000600E+00     1.13749000E-05     1.75918774E+00     1.39563504E+01     2.63237154E+00     3.25100000E-07     2.57950000E-06     4.86500000E-07
    1.07140000E+05     1.33725000E+03     7.84225293E-02     1.09000600E+00     1.13749000E-05     1.96992996E+00     1.48778348E+01     2.94744112E+00     3.50600000E-07     2.64800000E-06     5.24500000E-07
    1.07140000E+05     1.36225000E+03     7.98886450E-02     1.09000600E+00     1.13749000E-05     2.20129544E+00     1.58470492E+01     3.29329981E+00     3.77500000E-07     2.71790000E-06     5.64800000E-07
    1.07140000E+05     1.38725000E+03     8.13547607E-02     1.09000600E+00     1.13749000E-05     2.45486664E+00     1.68660848E+01     3.67230427E+00     4.05900000E-07     2.78940000E-06     6.07300000E-07
    1.07140000E+05     1.41225000E+03     8.28208764E-02     1.09000600E+00     1.13749000E-05     2.73231549E+00     1.79371224E+01     4.08694359E+00     4.36000000E-07     2.86240000E-06     6.52100000E-07
    1.07140000E+05     1.43725000E+03     8.42869921E-02     1.09000600E+00     1.13749000E-05     3.03540637E+00     1.90624359E+01     4.53984386E+00     4.67600000E-07     2.93710000E-06     6.99400000E-07
    1.07140000E+05     1.46225000E+03     8.57531078E-02     1.09000600E+00     1.13749000E-05     3.36599945E+00     2.02443945E+01     5.03377295E+00     5.01000000E-07     3.01350000E-06     7.49200000E-07
    1.07140000E+05     1.48725000E+03     8.72192235E-02     1.09000600E+00     1.13749000E-05     3.72605405E+00     2.14854675E+01     5.57164539E+00     5.36100000E-07     3.09160000E-06     8.01600000E-07
    1.07140000E+05     1.51225000E+03     8.86853392E-02     1.09000600E+00     1.13749000E-05     4.11763224E+00     2.27882263E+01     6.15652772E+00     5.73000000E-07     3.17160000E-06     8.56700000E-07
    1.07140000E+05     1.53725000E+03     9.01514549E-02     1.09000600E+00     1.13749000E-05     4.54290225E+00     2.41553488E+01     6.79164333E+00     6.11800000E-07     3.25340000E-06     9.14600000E-07
    1.07140000E+05     1.56225000E+03     9.16175706E-02     1.09000600E+00     1.13749000E-05     5.00414197E+00     2.55896221E+01     7.48037769E+00     6.52500000E-07     3.33710000E-06     9.75400000E-07
    1.07140000E+05     1.58725000E+03     9.30836864E-02     1.09000600E+00     1.13749000E-05     5.50374255E+00     2.70939491E+01     8.22628343E+00     6.95200000E-07     3.42290000E-06     1.03920000E-06
    1.07140000E+05     1.61225000E+03     9.45498021E-02     1.09000600E+00     1.13749000E-05     6.04421236E+00     2.86713463E+01     9.03308624E+00     7.40000000E-07     3.51070000E-06     1.10600000E-06
    1.07140000E+05     1.63725000E+03     9.60159178E-02     1.09000600E+00     1.13749000E-05     6.62818051E+00     3.03249552E+01     9.90468986E+00     7.86900000E-07     3.60070000E-06     1.17590000E-06
    1.07140000E+05     1.66225000E+03     9.74820335E-02     1.09000600E+00     1.13749000E-05     7.25840021E+00     3.20580380E+01     1.08451810E+01     8.36000000E-07     3.69280000E-06     1.24920000E-06
    1.07140000E+05     1.68725000E+03     9.89481492E-02     1.09000600E+00     1.13749000E-05     7.93775359E+00     3.38739875E+01     1.18588364E+01     8.87400000E-07     3.78720000E-06     1.32580000E-06
    1.07140000E+05     1.71225000E+03     1.00414265E-01     1.09000600E+00     1.13749000E-05     8.66925430E+00     3.57763282E+01     1.29501263E+01     9.41100000E-07     3.88400000E-06     1.40580000E-06
    1.07140000E+05     1.73725000E+03     1.01880380E-01     1.09000600E+00     1.13749000E-05     9.45605302E+00     3.77687215E+01     1.41237229E+01     9.97200000E-07     3.98310000E-06     1.48940000E-06
    1.07140000E+05     1.76225000E+03     1.03346496E-01     1.09000600E+00     1.13749000E-05     1.03014401E+01     3.98549701E+01     1.53845034E+01     1.05570000E-06     4.08470000E-06     1.57660000E-06
    1.07140000E+05     1.78725000E+03     1.04812612E-01     1.09000600E+00     1.13749000E-05     1.12088502E+01     4.20390174E+01     1.67375579E+01     1.11680000E-06     4.18890000E-06     1.66770000E-06
    1.07140000E+05     1.81225000E+03     1.06278728E-01     1.09000600E+00     1.13749000E-05     1.21818667E+01     4.43249600E+01     1.81881940E+01     1.18050000E-06     4.29570000E-06     1.76260000E-06
    1.07140000E+05     1.83725000E+03     1.07744844E-01     1.09000600E+00     1.13749000E-05     1.32242251E+01     4.67170442E+01     1.97419436E+01     1.24690000E-06     4.40510000E-06     1.86140000E-06
    1.07140000E+05     1.86225000E+03     1.09210959E-01     1.09000600E+00     1.13749000E-05     1.43398177E+01     4.92196736E+01     2.14045682E+01     1.31600000E-06     4.51730000E-06     1.96440000E-06
    1.07140000E+05     1.88725000E+03     1.10677075E-01     1.09000600E+00     1.13749000E-05     1.55326986E+01     5.18374172E+01     2.31820664E+01     1.38800000E-06     4.63240000E-06     2.07150000E-06
    1.07140000E+05     1.91225000E+03     1.12143190E-01     1.09000600E+00     1.13749000E-05     1.68070866E+01     5.45750019E+01     2.50806789E+01     1.46280000E-06     4.75030000E-06     2.18300000E-06
    1.07140000E+05     1.93725000E+03     1.13609306E-01     1.09000600E+00     1.13749000E-05     1.81673699E+01     5.74373277E+01     2.71068939E+01     1.54070000E-06     4.87130000E-06     2.29880000E-06
    1.07140000E+05     1.96225000E+03     1.15075422E-01     1.09000600E+00     1.13749000E-05     1.96181119E+01     6.04294735E+01     2.92674562E+01     1.62160000E-06     4.99530000E-06     2.41920000E-06
    1.07140000E+05     1.98725000E+03     1.16541538E-01     1.09000600E+00     1.13749000E-05     2.11640545E+01     6.35566882E+01     3.15693717E+01     1.70570000E-06     5.12250000E-06     2.54420000E-06
    1.07140000E+05     2.01225000E+03     1.18007654E-01     1.09000600E+00     1.13749000E-05     2.28101226E+01     6.68244209E+01     3.40199142E+01     1.79290000E-06     5.25280000E-06     2.67400000E-06
    1.07140000E+05     2.03725000E+03     1.19473769E-01     1.09000600E+00     1.13749000E-05     2.45614289E+01     7.02382835E+01     3.66266311E+01     1.88350000E-06     5.38650000E-06     2.80870000E-06
    1.07140000E+05     2.06225000E+03     1.20939885E-01     1.09000600E+00     1.13749000E-05     2.64232792E+01     7.38041033E+01     3.93973522E+01     1.97750000E-06     5.52360000E-06     2.94840000E-06
    1.07140000E+05     2.08725000E+03     1.22406000E-01     1.09000600E+00     1.13749000E-05     2.84011759E+01     7.75278939E+01     4.23401942E+01     2.07490000E-06     5.66410000E-06     3.09320000E-06
    1.07140000E+05     2.11225000E+03     1.23872116E-01     1.09000600E+00     1.13749000E-05     3.05008234E+01     8.14158678E+01     4.54635680E+01     2.17580000E-06     5.80820000E-06     3.24320000E-06
    1.07140000E+05     2.13725000E+03     1.25338232E-01     1.09000600E+00     1.13749000E-05     3.27281350E+01     8.54744634E+01     4.87761891E+01     2.28040000E-06     5.95590000E-06     3.39860000E-06
    1.07140000E+05     2.16225000E+03     1.26804348E-01     1.09000600E+00     1.13749000E-05     3.50892333E+01     8.97103086E+01     5.22870769E+01     2.38870000E-06     6.10740000E-06     3.55950000E-06
    1.07140000E+05     2.18725000E+03     1.28270464E-01     1.09000600E+00     1.13749000E-05     3.75904568E+01     9.41302524E+01     5.60055663E+01     2.50090000E-06     6.26260000E-06     3.72600000E-06
    1.07140000E+05     2.21225000E+03     1.29736579E-01     1.09000600E+00     1.13749000E-05     4.02383696E+01     9.87413802E+01     5.99413184E+01     2.61690000E-06     6.42180000E-06     3.89820000E-06
    1.07140000E+05     2.23725000E+03     1.31202695E-01     1.09000600E+00     1.13749000E-05     4.30397592E+01     1.03551001E+02     6.41043204E+01     2.73680000E-06     6.58490000E-06     4.07630000E-06
    1.07140000E+05     2.26225000E+03     1.32668810E-01     1.09000600E+00     1.13749000E-05     4.60016454E+01     1.08566628E+02     6.85048959E+01     2.86090000E-06     6.75210000E-06     4.26040000E-06
    1.07140000E+05     2.28725000E+03     1.34134926E-01     1.09000600E+00     1.13749000E-05     4.91312857E+01     1.13796040E+02     7.31537129E+01     2.98910000E-06     6.92350000E-06     4.45060000E-06
    1.07140000E+05     2.31225000E+03     1.35601042E-01     1.09000600E+00     1.13749000E-05     5.24361800E+01     1.19247273E+02     7.80617915E+01     3.12160000E-06     7.09910000E-06     4.64710000E-06
    1.07140000E+05     2.33725000E+03     1.37067157E-01     1.09000600E+00     1.13749000E-05     5.59240740E+01     1.24928563E+02     8.32405069E+01     3.25840000E-06     7.27910000E-06     4.85000000E-06
    1.07140000E+05     2.36225000E+03     1.38533274E-01     1.09000600E+00     1.13749000E-05     5.96029665E+01     1.30848429E+02     8.87016013E+01     3.39960000E-06     7.46350000E-06     5.05930000E-06
    1.07140000E+05     2.38725000E+03     1.39999389E-01     1.09000600E+00     1.13749000E-05     6.34811150E+01     1.37015660E+02     9.44571906E+01     3.54540000E-06     7.65250000E-06     5.27540000E-06
    1.07140000E+05     2.41225000E+03     1.41465505E-01     1.09000600E+00     1.13749000E-05     6.75670405E+01     1.43439274E+02     1.00519771E+02     3.69580000E-06     7.84600000E-06     5.49820000E-06
    1.07140000E+05     2.43725000E+03     1.42931620E-01     1.09000600E+00     1.13749000E-05     7.18695317E+01     1.50128580E+02     1.06902226E+02     3.85090000E-06     8.04440000E-06     5.72800000E-06
    1.07140000E+05     2.46225000E+03     1.44397736E-01     1.09000600E+00     1.13749000E-05     7.63976509E+01     1.57093158E+02     1.13617832E+02     4.01080000E-06     8.24750000E-06     5.96480000E-06
    1.07140000E+05     2.48725000E+03     1.45863852E-01     1.09000600E+00     1.13749000E-05     8.11607436E+01     1.64342865E+02     1.20680275E+02     4.17570000E-06     8.45550000E-06     6.20890000E-06
    1.07140000E+05     2.52475000E+03     1.48063026E-01     1.09000600E+00     1.13749000E-05     8.87995471E+01     1.75813222E+02     1.32003058E+02     4.43300000E-06     8.77770000E-06     6.58980000E-06
    1.07140000E+05     2.57475000E+03     1.50995257E-01     1.09000600E+00     1.13749000E-05     9.98587156E+01     1.92153043E+02     1.48389137E+02     4.79340000E-06     9.22450000E-06     7.12300000E-06
    1.07140000E+05     2.62475000E+03     1.53927488E-01     1.09000600E+00     1.13749000E-05     1.12040879E+02     2.09825818E+02     1.66430309E+02     5.17530000E-06     9.69290000E-06     7.68760000E-06
    1.07140000E+05     2.67475000E+03     1.56859720E-01     1.09000600E+00     1.13749000E-05     1.25435196E+02     2.28924832E+02     1.86256733E+02     5.57940000E-06     1.01835000E-05     8.28480000E-06
    1.07140000E+05     2.72475000E+03     1.59791951E-01     1.09000600E+00     1.13749000E-05     1.40135992E+02     2.49548562E+02     2.08005967E+02     6.00670000E-06     1.06973000E-05     8.91590000E-06
    1.07140000E+05     2.77475000E+03     1.62724183E-01     1.09000600E+00     1.13749000E-05     1.56242955E+02     2.71800840E+02     2.31823233E+02     6.45800000E-06     1.12351000E-05     9.58200000E-06
    1.07140000E+05     2.82475000E+03     1.65656414E-01     1.09000600E+00     1.13749000E-05     1.73861323E+02     2.95791039E+02     2.57861666E+02     6.93410000E-06     1.17978000E-05     1.02843000E-05
    1.07140000E+05     2.87475000E+03     1.68588645E-01     1.09000600E+00     1.13749000E-05     1.93102093E+02     3.21634330E+02     2.86282594E+02     7.43600000E-06     1.23863000E-05     1.10242000E-05
    1.07140000E+05     2.92475000E+03     1.71520877E-01     1.09000600E+00     1.13749000E-05     2.14082215E+02     3.49451820E+02     3.17255806E+02     7.96450000E-06     1.30014000E-05     1.18029000E-05
    1.07140000E+05     2.97475000E+03     1.74453108E-01     1.09000600E+00     1.13749000E-05     2.36924787E+02     3.79370777E+02     3.50959809E+02     8.52060000E-06     1.36441000E-05     1.26216000E-05
    1.07140000E+05     3.02475000E+03     1.77385340E-01     1.09000600E+00     1.13749000E-05     2.61759284E+02     4.11524828E+02     3.87582126E+02     9.10510000E-06     1.43153000E-05     1.34818000E-05
    1.07140000E+05     3.07475000E+03     1.80317571E-01     1.09000600E+00     1.13749000E-05     2.88721748E+02     4.46054209E+02     4.27319556E+02     9.71910000E-06     1.50159000E-05     1.43846000E-05
    1.07140000E+05     3.12475000E+03     1.83249803E-01     1.09000600E+00     1.13749000E-05     3.17955012E+02     4.83105880E+02     4.70378463E+02     1.03634000E-05     1.57470000E-05     1.53315000E-05
    1.07140000E+05     3.17475000E+03     1.86182034E-01     1.09000600E+00     1.13749000E-05     3.49608904E+02     5.22833908E+02     5.16975042E+02     1.10391000E-05     1.65094000E-05     1.63238000E-05
    1.07140000E+05     3.22475000E+03     1.89114265E-01     1.09000600E+00     1.13749000E-05     3.83840476E+02     5.65399465E+02     5.67335626E+02     1.17471000E-05     1.73042000E-05     1.73628000E-05
    1.07140000E+05     3.27475000E+03     1.92046497E-01     1.09000600E+00     1.13749000E-05     4.20814223E+02     6.10971309E+02     6.21696961E+02     1.24885000E-05     1.81324000E-05     1.84500000E-05
    1.07140000E+05     3.32475000E+03     1.94978728E-01     1.09000600E+00     1.13749000E-05     4.60702300E+02     6.59725715E+02     6.80306486E+02     1.32641000E-05     1.89949000E-05     1.95868000E-05
    1.07140000E+05     3.37475000E+03     1.97910960E-01     1.09000600E+00     1.13749000E-05     5.03684754E+02     7.11846930E+02     7.43422633E+02     1.40752000E-05     1.98928000E-05     2.07746000E-05
    1.07140000E+05     3.42475000E+03     2.00843191E-01     1.09000600E+00     1.13749000E-05     5.49949756E+02     7.67527403E+02     8.11315127E+02     1.49227000E-05     2.08272000E-05     2.20147000E-05
    1.07140000E+05     3.47475000E+03     2.03775422E-01     1.09000600E+00     1.13749000E-05     5.99693834E+02     8.26967775E+02     8.84265275E+02     1.58076000E-05     2.17990000E-05     2.33088000E-05
    1.07140000E+05     3.52475000E+03     2.06707654E-01     1.09000600E+00     1.13749000E-05     6.53122089E+02     8.90377388E+02     9.62566235E+02     1.67310000E-05     2.28094000E-05     2.46581000E-05
    1.07140000E+05     3.57475000E+03     2.09639885E-01     1.09000600E+00     1.13749000E-05     7.10448450E+02     9.57974425E+02     1.04652335E+03     1.76941000E-05     2.38594000E-05     2.60642000E-05
    1.07140000E+05     3.62475000E+03     2.12572116E-01     1.09000600E+00     1.13749000E-05     7.71895923E+02     1.02998612E+03     1.13645445E+03     1.86978000E-05     2.49502000E-05     2.75287000E-05
    1.07140000E+05     3.67475000E+03     2.15504348E-01     1.09000600E+00     1.13749000E-05     8.37696801E+02     1.10664883E+03     1.23269009E+03     1.97434000E-05     2.60828000E-05     2.90529000E-05
    1.07140000E+05     3.72475000E+03     2.18436580E-01     1.09000600E+00     1.13749000E-05     9.08092933E+02     1.18820880E+03     1.33557392E+03     2.08319000E-05     2.72583000E-05     3.06384000E-05
    1.07140000E+05     3.77475000E+03     2.21368811E-01     1.09000600E+00     1.13749000E-05     9.83335984E+02     1.27492189E+03     1.44546300E+03     2.19644000E-05     2.84780000E-05     3.22868000E-05
    1.07140000E+05     3.82475000E+03     2.24301042E-01     1.09000600E+00     1.13749000E-05     1.06368765E+03     1.36705389E+03     1.56272800E+03     2.31421000E-05     2.97428000E-05     3.39995000E-05
    1.07140000E+05     3.87475000E+03     2.27233274E-01     1.09000600E+00     1.13749000E-05     1.14941988E+03     1.46488127E+03     1.68775354E+03     2.43662000E-05     3.10541000E-05     3.57782000E-05
    1.07140000E+05     3.92475000E+03     2.30165505E-01     1.09000600E+00     1.13749000E-05     1.24081526E+03     1.56869062E+03     1.82093863E+03     2.56378000E-05     3.24129000E-05     3.76244000E-05
    1.07140000E+05     3.97475000E+03     2.33097737E-01     1.09000600E+00     1.13749000E-05     1.33816715E+03     1.67877962E+03     1.96269681E+03     2.69581000E-05     3.38205000E-05     3.95397000E-05
    1.07140000E+05     4.02475000E+03     2.36029968E-01     1.09000600E+00     1.13749000E-05     1.44177993E+03     1.79545696E+03     2.11345645E+03     2.83284000E-05     3.52780000E-05     4.15256000E-05
    1.07140000E+05     4.07475000E+03     2.38962199E-01     1.09000600E+00     1.13749000E-05     1.55196940E+03     1.91904260E+03     2.27366126E+03     2.97497000E-05     3.67867000E-05     4.35839000E-05
    1.07140000E+05     4.12475000E+03     2.41894431E-01     1.09000600E+00     1.13749000E-05     1.66906285E+03     2.04986823E+03     2.44377028E+03     3.12234000E-05     3.83477000E-05     4.57160000E-05
    1.07140000E+05     4.17475000E+03     2.44826662E-01     1.09000600E+00     1.13749000E-05     1.79339950E+03     2.18827728E+03     2.62425847E+03     3.27506000E-05     3.99623000E-05     4.79237000E-05
    1.07140000E+05     4.22475000E+03     2.47758894E-01     1.09000600E+00     1.13749000E-05     1.92533067E+03     2.33462533E+03     2.81561688E+03     3.43327000E-05     4.16318000E-05     5.02085000E-05
    1.07140000E+05     4.27475000E+03     2.50691125E-01     1.09000600E+00     1.13749000E-05     2.06522002E+03     2.48928022E+03     3.01835290E+03     3.59709000E-05     4.33574000E-05     5.25721000E-05
    1.07140000E+05     4.32475000E+03     2.53623357E-01     1.09000600E+00     1.13749000E-05     2.21344399E+03     2.65262276E+03     3.23299079E+03     3.76663000E-05     4.51404000E-05     5.50161000E-05
    1.07140000E+05     4.37475000E+03     2.56555588E-01     1.09000600E+00     1.13749000E-05     2.37039186E+03     2.82504678E+03     3.46007173E+03     3.94205000E-05     4.69820000E-05     5.75423000E-05
    1.07140000E+05     4.42475000E+03     2.59487819E-01     1.09000600E+00     1.13749000E-05     2.53646614E+03     3.00695852E+03     3.70015420E+03     4.12345000E-05     4.88836000E-05     6.01522000E-05
    1.07140000E+05     4.47475000E+03     2.62420051E-01     1.09000600E+00     1.13749000E-05     2.71208284E+03     3.19877892E+03     3.95381443E+03     4.31097000E-05     5.08464000E-05     6.28477000E-05
    1.07140000E+05     4.52475000E+03     2.65352282E-01     1.09000600E+00     1.13749000E-05     2.89767171E+03     3.40094143E+03     4.22164642E+03     4.50475000E-05     5.28719000E-05     6.56302000E-05
    1.07140000E+05     4.57475000E+03     2.68284513E-01     1.09000600E+00     1.13749000E-05     3.09367659E+03     3.61389440E+03     4.50426257E+03     4.70491000E-05     5.49612000E-05     6.85017000E-05
    1.07140000E+05     4.62475000E+03     2.71216745E-01     1.09000600E+00     1.13749000E-05     3.30055560E+03     3.83810074E+03     4.80229369E+03     4.91160000E-05     5.71157000E-05     7.14636000E-05
    1.07140000E+05     4.67475000E+03     2.74148976E-01     1.09000600E+00     1.13749000E-05     3.51878148E+03     4.07403699E+03     5.11638943E+03     5.12494000E-05     5.93369000E-05     7.45179000E-05
    1.07140000E+05     4.72475000E+03     2.77081208E-01     1.09000600E+00     1.13749000E-05     3.74884193E+03     4.32219538E+03     5.44721868E+03     5.34507000E-05     6.16260000E-05     7.76661000E-05
    1.07140000E+05     4.77475000E+03     2.80013439E-01     1.09000600E+00     1.13749000E-05     3.99123973E+03     4.58308271E+03     5.79546961E+03     5.57213000E-05     6.39844000E-05     8.09101000E-05
    1.07140000E+05     4.82475000E+03     2.82945671E-01     1.09000600E+00     1.13749000E-05     4.24649321E+03     4.85722203E+03     6.16185020E+03     5.80626000E-05     6.64136000E-05     8.42515000E-05
    1.07140000E+05     4.87475000E+03     2.85877902E-01     1.09000600E+00     1.13749000E-05     4.51513645E+03     5.14515166E+03     6.54708842E+03     6.04759000E-05     6.89148000E-05     8.76921000E-05
    1.07140000E+05     4.92475000E+03     2.88810134E-01     1.09000600E+00     1.13749000E-05     4.79771953E+03     5.44742587E+03     6.95193246E+03     6.29627000E-05     7.14895000E-05     9.12336000E-05
    1.07140000E+05     4.97475000E+03     2.91742365E-01     1.09000600E+00     1.13749000E-05     5.09480896E+03     5.76461617E+03     7.37715122E+03     6.55244000E-05     7.41392000E-05     9.48777000E-05
    1.07140000E+05     5.00000000E+03     2.93223140E-01     1.09000600E+00     1.13749000E-05     5.24989460E+03     5.92998990E+03     7.59898000E+03     6.68437000E-05     7.55030000E-05     9.67532000E-05
