    3.16000000E+03     5.00000000E-01     9.94174900E-04     1.09000610E+00     2.58366000E-04     0.00000000E+00     5.19200000E-07     0.00000000E+00     0.00000000E+00     6.61100000E-07     0.00000000E+00
    3.16000000E+03     1.00000000E+00     1.98834980E-03     1.09000610E+00     2.58366000E-04     0.00000000E+00     4.15390000E-06     0.00000000E+00     0.00000000E+00     1.32220000E-06     0.00000000E+00
    3.16000000E+03     1.50000000E+00     2.98252480E-03     1.09000610E+00     2.58366000E-04     0.00000000E+00     1.40193000E-05     0.00000000E+00     0.00000000E+00     1.98330000E-06     0.00000000E+00
    3.16000000E+03     2.00000000E+00     3.97669970E-03     1.09000610E+00     2.58366000E-04     0.00000000E+00     3.32309000E-05     0.00000000E+00     0.00000000E+00     2.64440000E-06     0.00000000E+00
    3.16000000E+03     2.50000000E+00     4.97087460E-03     1.09000610E+00     2.58366000E-04     1.00000000E-10     6.49042000E-05     2.00000000E-10     0.00000000E+00     3.30550000E-06     0.00000000E+00
    3.16000000E+03     3.00000000E+00     5.96504950E-03     1.09000610E+00     2.58366000E-04     3.00000000E-10     1.12154700E-04     5.00000000E-10     0.00000000E+00     3.96670000E-06     0.00000000E+00
    3.16000000E+03     3.50000000E+00     6.95922440E-03     1.09000610E+00     2.58366000E-04     8.00000000E-10     1.78098000E-04     1.30000000E-09     0.00000000E+00     4.62780000E-06     0.00000000E+00
    3.16000000E+03     4.00000000E+00     7.95339930E-03     1.09000610E+00     2.58366000E-04     1.90000000E-09     2.65850000E-04     2.80000000E-09     0.00000000E+00     5.28890000E-06     1.00000000E-10
    3.16000000E+03     4.50000000E+00     8.94757430E-03     1.09000610E+00     2.58366000E-04     3.80000000E-09     3.78526500E-04     5.70000000E-09     1.00000000E-10     5.95010000E-06     1.00000000E-10
    3.16000000E+03     5.00000000E+00     9.94174920E-03     1.09000610E+00     2.58366000E-04     7.10000000E-09     5.19243700E-04     1.07000000E-08     1.00000000E-10     6.61120000E-06     1.00000000E-10
    3.16000000E+03     5.50000000E+00     1.09359240E-02     1.09000610E+00     2.58366000E-04     1.26000000E-08     6.91117900E-04     1.89000000E-08     1.00000000E-10     7.27240000E-06     2.00000000E-10
    3.16000000E+03     6.00000000E+00     1.19300990E-02     1.09000610E+00     2.58366000E-04     2.13000000E-08     8.97266000E-04     3.19000000E-08     2.00000000E-10     7.93360000E-06     3.00000000E-10
    3.16000000E+03     6.50000000E+00     1.29242740E-02     1.09000610E+00     2.58366000E-04     3.44000000E-08     1.14080520E-03     5.16000000E-08     3.00000000E-10     8.59480000E-06     4.00000000E-10
    3.16000000E+03     7.00000000E+00     1.39184490E-02     1.09000610E+00     2.58366000E-04     5.36000000E-08     1.42485290E-03     8.04000000E-08     3.00000000E-10     9.25600000E-06     5.00000000E-10
    3.16000000E+03     7.50000000E+00     1.49126240E-02     1.09000610E+00     2.58366000E-04     8.11000000E-08     1.75252720E-03     1.21700000E-07     5.00000000E-10     9.91730000E-06     7.00000000E-10
    3.16000000E+03     8.00000000E+00     1.59067990E-02     1.09000610E+00     2.58366000E-04     1.19500000E-07     2.12694670E-03     1.79200000E-07     6.00000000E-10     1.05786000E-05     9.00000000E-10
    3.16000000E+03     8.50000000E+00     1.69009740E-02     1.09000610E+00     2.58366000E-04     1.71900000E-07     2.55123100E-03     2.57900000E-07     8.00000000E-10     1.12399000E-05     1.10000000E-09
    3.16000000E+03     9.00000000E+00     1.78951490E-02     1.09000610E+00     2.58366000E-04     2.42300000E-07     3.02850000E-03     3.63300000E-07     1.00000000E-09     1.19013000E-05     1.40000000E-09
    3.16000000E+03     9.50000000E+00     1.88893230E-02     1.09000610E+00     2.58366000E-04     3.35100000E-07     3.56187490E-03     5.02600000E-07     1.20000000E-09     1.25627000E-05     1.80000000E-09
    3.16000000E+03     1.00000000E+01     1.98834980E-02     1.09000610E+00     2.58366000E-04     4.55800000E-07     4.15447730E-03     6.83600000E-07     1.50000000E-09     1.32241000E-05     2.20000000E-09
    3.16000000E+03     1.05000000E+01     2.08776730E-02     1.09000610E+00     2.58366000E-04     6.10900000E-07     4.80943030E-03     9.16100000E-07     1.80000000E-09     1.38856000E-05     2.60000000E-09
    3.16000000E+03     1.10000000E+01     2.18718480E-02     1.09000610E+00     2.58366000E-04     8.07500000E-07     5.52985830E-03     1.21110000E-06     2.10000000E-09     1.45472000E-05     3.20000000E-09
    3.16000000E+03     1.15000000E+01     2.28660230E-02     1.09000610E+00     2.58366000E-04     1.05430000E-06     6.31888620E-03     1.58120000E-06     2.50000000E-09     1.52088000E-05     3.80000000E-09
    3.16000000E+03     1.20000000E+01     2.38601980E-02     1.09000610E+00     2.58366000E-04     1.36110000E-06     7.17964120E-03     2.04110000E-06     3.00000000E-09     1.58705000E-05     4.50000000E-09
    3.16000000E+03     1.25000000E+01     2.48543730E-02     1.09000610E+00     2.58366000E-04     1.73880000E-06     8.11525100E-03     2.60750000E-06     3.50000000E-09     1.65323000E-05     5.30000000E-09
    3.16000000E+03     1.30000000E+01     2.58485480E-02     1.09000610E+00     2.58366000E-04     2.20010000E-06     9.12884690E-03     3.29920000E-06     4.10000000E-09     1.71941000E-05     6.20000000E-09
    3.16000000E+03     1.35000000E+01     2.68427230E-02     1.09000610E+00     2.58366000E-04     2.75910000E-06     1.02235590E-02     4.13750000E-06     4.80000000E-09     1.78560000E-05     7.20000000E-09
    3.16000000E+03     1.40000000E+01     2.78368980E-02     1.09000610E+00     2.58366000E-04     3.43190000E-06     1.14025210E-02     5.14620000E-06     5.60000000E-09     1.85180000E-05     8.40000000E-09
    3.16000000E+03     1.45000000E+01     2.88310730E-02     1.09000610E+00     2.58366000E-04     4.23610000E-06     1.26688700E-02     6.35190000E-06     6.40000000E-09     1.91801000E-05     9.60000000E-09
    3.16000000E+03     1.50000000E+01     2.98252480E-02     1.09000610E+00     2.58366000E-04     5.19150000E-06     1.40257420E-02     7.78440000E-06     7.30000000E-09     1.98424000E-05     1.10000000E-08
    3.16000000E+03     1.55000000E+01     3.08194220E-02     1.09000610E+00     2.58366000E-04     6.32020000E-06     1.54762770E-02     9.47660000E-06     8.40000000E-09     2.05047000E-05     1.26000000E-08
    3.16000000E+03     1.60000000E+01     3.18135970E-02     1.09000610E+00     2.58366000E-04     7.64630000E-06     1.70236200E-02     1.14647000E-05     9.50000000E-09     2.11671000E-05     1.43000000E-08
    3.16000000E+03     1.65000000E+01     3.28077720E-02     1.09000610E+00     2.58366000E-04     9.19660000E-06     1.86709130E-02     1.37888000E-05     1.08000000E-08     2.18297000E-05     1.61000000E-08
    3.16000000E+03     1.70000000E+01     3.38019470E-02     1.09000610E+00     2.58366000E-04     1.10004000E-05     2.04213080E-02     1.64928000E-05     1.21000000E-08     2.24924000E-05     1.82000000E-08
    3.16000000E+03     1.75000000E+01     3.47961220E-02     1.09000610E+00     2.58366000E-04     1.30898000E-05     2.22779540E-02     1.96249000E-05     1.36000000E-08     2.31552000E-05     2.04000000E-08
    3.16000000E+03     1.80000000E+01     3.57902970E-02     1.09000610E+00     2.58366000E-04     1.54999000E-05     2.42440040E-02     2.32377000E-05     1.52000000E-08     2.38182000E-05     2.28000000E-08
    3.16000000E+03     1.85000000E+01     3.67844720E-02     1.09000610E+00     2.58366000E-04     1.82690000E-05     2.63226190E-02     2.73883000E-05     1.70000000E-08     2.44814000E-05     2.55000000E-08
    3.16000000E+03     1.90000000E+01     3.77786470E-02     1.09000610E+00     2.58366000E-04     2.14386000E-05     2.85169580E-02     3.21391000E-05     1.89000000E-08     2.51447000E-05     2.83000000E-08
    3.16000000E+03     1.95000000E+01     3.87728220E-02     1.09000610E+00     2.58366000E-04     2.50538000E-05     3.08301850E-02     3.75575000E-05     2.10000000E-08     2.58082000E-05     3.14000000E-08
    3.16000000E+03     2.00000000E+01     3.97669970E-02     1.09000610E+00     2.58366000E-04     2.91632000E-05     3.32654720E-02     4.37164000E-05     2.32000000E-08     2.64718000E-05     3.48000000E-08
    3.16000000E+03     2.05000000E+01     4.07611720E-02     1.09000610E+00     2.58366000E-04     3.38195000E-05     3.58259870E-02     5.06947000E-05     2.56000000E-08     2.71357000E-05     3.84000000E-08
    3.16000000E+03     2.10000000E+01     4.17553470E-02     1.09000610E+00     2.58366000E-04     3.90795000E-05     3.85149120E-02     5.85773000E-05     2.82000000E-08     2.77997000E-05     4.23000000E-08
    3.16000000E+03     2.15000000E+01     4.27495210E-02     1.09000610E+00     2.58366000E-04     4.50042000E-05     4.13354320E-02     6.74557000E-05     3.10000000E-08     2.84640000E-05     4.65000000E-08
    3.16000000E+03     2.20000000E+01     4.37436960E-02     1.09000610E+00     2.58366000E-04     5.16591000E-05     4.42907250E-02     7.74278000E-05     3.40000000E-08     2.91285000E-05     5.09000000E-08
    3.16000000E+03     2.25000000E+01     4.47378710E-02     1.09000610E+00     2.58366000E-04     5.91145000E-05     4.73839880E-02     8.85990000E-05     3.72000000E-08     2.97932000E-05     5.57000000E-08
    3.16000000E+03     2.30000000E+01     4.57320460E-02     1.09000610E+00     2.58366000E-04     6.74457000E-05     5.06184170E-02     1.01081700E-04     4.06000000E-08     3.04581000E-05     6.08000000E-08
    3.16000000E+03     2.35000000E+01     4.67262210E-02     1.09000610E+00     2.58366000E-04     7.67330000E-05     5.39972150E-02     1.14996400E-04     4.42000000E-08     3.11233000E-05     6.63000000E-08
    3.16000000E+03     2.40000000E+01     4.77203960E-02     1.09000610E+00     2.58366000E-04     8.70622000E-05     5.75235920E-02     1.30471400E-04     4.81000000E-08     3.17888000E-05     7.21000000E-08
    3.16000000E+03     2.45000000E+01     4.87145710E-02     1.09000610E+00     2.58366000E-04     9.85249000E-05     6.12007550E-02     1.47643600E-04     5.22000000E-08     3.24545000E-05     7.83000000E-08
    3.16000000E+03     2.50000000E+01     4.97087460E-02     1.09000610E+00     2.58366000E-04     1.11218400E-04     6.50319340E-02     1.66658600E-04     5.66000000E-08     3.31205000E-05     8.49000000E-08
    3.16000000E+03     2.55000000E+01     5.07029210E-02     1.09000610E+00     2.58366000E-04     1.25246200E-04     6.90203510E-02     1.87671200E-04     6.13000000E-08     3.37868000E-05     9.19000000E-08
    3.16000000E+03     2.60000000E+01     5.16970960E-02     1.09000610E+00     2.58366000E-04     1.40718100E-04     7.31692340E-02     2.10845800E-04     6.63000000E-08     3.44534000E-05     9.93000000E-08
    3.16000000E+03     2.65000000E+01     5.26912710E-02     1.09000610E+00     2.58366000E-04     1.57750700E-04     7.74818350E-02     2.36356700E-04     7.15000000E-08     3.51203000E-05     1.07100000E-07
    3.16000000E+03     2.70000000E+01     5.36854460E-02     1.09000610E+00     2.58366000E-04     1.76467400E-04     8.19613890E-02     2.64388300E-04     7.71000000E-08     3.57875000E-05     1.15400000E-07
    3.16000000E+03     2.75000000E+01     5.46796200E-02     1.09000610E+00     2.58366000E-04     1.96999000E-04     8.66111690E-02     2.95136100E-04     8.29000000E-08     3.64551000E-05     1.24200000E-07
    3.16000000E+03     2.80000000E+01     5.56737950E-02     1.09000610E+00     2.58366000E-04     2.19483200E-04     9.14344130E-02     3.28806400E-04     8.91000000E-08     3.71231000E-05     1.33500000E-07
    3.16000000E+03     2.85000000E+01     5.66679700E-02     1.09000610E+00     2.58366000E-04     2.44066100E-04     9.64344130E-02     3.65617000E-04     9.56000000E-08     3.77914000E-05     1.43300000E-07
    3.16000000E+03     2.90000000E+01     5.76621450E-02     1.09000610E+00     2.58366000E-04     2.70901400E-04     1.01614440E-01     4.05798000E-04     1.02500000E-07     3.84600000E-05     1.53600000E-07
    3.16000000E+03     2.95000000E+01     5.86563200E-02     1.09000610E+00     2.58366000E-04     3.00151100E-04     1.06977790E-01     4.49591500E-04     1.09800000E-07     3.91291000E-05     1.64400000E-07
    3.16000000E+03     3.00000000E+01     5.96504950E-02     1.09000610E+00     2.58366000E-04     3.31986100E-04     1.12527750E-01     4.97252400E-04     1.17400000E-07     3.97985000E-05     1.75900000E-07
    3.16000000E+03     3.05000000E+01     6.06446700E-02     1.09000610E+00     2.58366000E-04     3.66585600E-04     1.18267620E-01     5.49049100E-04     1.25400000E-07     4.04684000E-05     1.87900000E-07
    3.16000000E+03     3.10000000E+01     6.16388450E-02     1.09000610E+00     2.58366000E-04     4.04138700E-04     1.24200750E-01     6.05263500E-04     1.33900000E-07     4.11387000E-05     2.00500000E-07
    3.16000000E+03     3.15000000E+01     6.26330200E-02     1.09000610E+00     2.58366000E-04     4.44843500E-04     1.30330420E-01     6.66191800E-04     1.42700000E-07     4.18095000E-05     2.13700000E-07
    3.16000000E+03     3.20000000E+01     6.36271950E-02     1.09000610E+00     2.58366000E-04     4.88907900E-04     1.36659990E-01     7.32144400E-04     1.52000000E-07     4.24807000E-05     2.27600000E-07
    3.16000000E+03     3.25000000E+01     6.46213700E-02     1.09000610E+00     2.58366000E-04     5.36550300E-04     1.43192810E-01     8.03447200E-04     1.61700000E-07     4.31524000E-05     2.42100000E-07
    3.16000000E+03     3.30000000E+01     6.56155450E-02     1.09000610E+00     2.58366000E-04     5.87999200E-04     1.49932230E-01     8.80441600E-04     1.71900000E-07     4.38245000E-05     2.57300000E-07
    3.16000000E+03     3.35000000E+01     6.66097200E-02     1.09000610E+00     2.58366000E-04     6.43493900E-04     1.56881620E-01     9.63484800E-04     1.82500000E-07     4.44972000E-05     2.73300000E-07
    3.16000000E+03     3.40000000E+01     6.76038940E-02     1.09000610E+00     2.58366000E-04     7.03285100E-04     1.64044370E-01     1.05295060E-03     1.93700000E-07     4.51704000E-05     2.89900000E-07
    3.16000000E+03     3.45000000E+01     6.85980690E-02     1.09000610E+00     2.58366000E-04     7.67634600E-04     1.71423850E-01     1.14923000E-03     2.05300000E-07     4.58441000E-05     3.07300000E-07
    3.16000000E+03     3.50000000E+01     6.95922440E-02     1.09000610E+00     2.58366000E-04     8.36816000E-04     1.79023480E-01     1.25273120E-03     2.17400000E-07     4.65183000E-05     3.25500000E-07
    3.16000000E+03     3.55000000E+01     7.05864190E-02     1.09000610E+00     2.58366000E-04     9.11115200E-04     1.86846670E-01     1.36388070E-03     2.30100000E-07     4.71931000E-05     3.44500000E-07
    3.16000000E+03     3.60000000E+01     7.15805940E-02     1.09000610E+00     2.58366000E-04     9.90830600E-04     1.94896850E-01     1.48312340E-03     2.43400000E-07     4.78685000E-05     3.64300000E-07
    3.16000000E+03     3.65000000E+01     7.25747690E-02     1.09000610E+00     2.58366000E-04     1.07627320E-03     2.03177470E-01     1.61092320E-03     2.57200000E-07     4.85445000E-05     3.84900000E-07
    3.16000000E+03     3.70000000E+01     7.35689440E-02     1.09000610E+00     2.58366000E-04     1.16776750E-03     2.11691980E-01     1.74776400E-03     2.71500000E-07     4.92211000E-05     4.06400000E-07
    3.16000000E+03     3.75000000E+01     7.45631190E-02     1.09000610E+00     2.58366000E-04     1.26565150E-03     2.20443860E-01     1.89414940E-03     2.86500000E-07     4.98983000E-05     4.28700000E-07
    3.16000000E+03     3.80000000E+01     7.55572940E-02     1.09000610E+00     2.58366000E-04     1.37027660E-03     2.29436580E-01     2.05060370E-03     3.02100000E-07     5.05761000E-05     4.52000000E-07
    3.16000000E+03     3.85000000E+01     7.65514690E-02     1.09000610E+00     2.58366000E-04     1.48200950E-03     2.38673660E-01     2.21767290E-03     3.18300000E-07     5.12546000E-05     4.76200000E-07
    3.16000000E+03     3.90000000E+01     7.75456440E-02     1.09000610E+00     2.58366000E-04     1.60123070E-03     2.48158590E-01     2.39592420E-03     3.35100000E-07     5.19338000E-05     5.01400000E-07
    3.16000000E+03     3.95000000E+01     7.85398190E-02     1.09000610E+00     2.58366000E-04     1.72833610E-03     2.57894910E-01     2.58594740E-03     3.52600000E-07     5.26137000E-05     5.27600000E-07
    3.16000000E+03     4.00000000E+01     7.95339930E-02     1.09000610E+00     2.58366000E-04     1.86373730E-03     2.67886170E-01     2.78835540E-03     3.70800000E-07     5.32943000E-05     5.54700000E-07
    3.16000000E+03     4.05000000E+01     8.05281680E-02     1.09000610E+00     2.58366000E-04     2.00786150E-03     2.78135940E-01     3.00378470E-03     3.89600000E-07     5.39756000E-05     5.82900000E-07
    3.16000000E+03     4.10000000E+01     8.15223430E-02     1.09000610E+00     2.58366000E-04     2.16115230E-03     2.88647790E-01     3.23289550E-03     4.09200000E-07     5.46576000E-05     6.12200000E-07
    3.16000000E+03     4.15000000E+01     8.25165180E-02     1.09000610E+00     2.58366000E-04     2.32406950E-03     2.99425310E-01     3.47637250E-03     4.29500000E-07     5.53404000E-05     6.42500000E-07
    3.16000000E+03     4.20000000E+01     8.35106930E-02     1.09000610E+00     2.58366000E-04     2.49709090E-03     3.10472140E-01     3.73492680E-03     4.50600000E-07     5.60240000E-05     6.74000000E-07
    3.16000000E+03     4.25000000E+01     8.45048680E-02     1.09000610E+00     2.58366000E-04     2.68071130E-03     3.21791900E-01     4.00929460E-03     4.72400000E-07     5.67084000E-05     7.06500000E-07
    3.16000000E+03     4.30000000E+01     8.54990430E-02     1.09000610E+00     2.58366000E-04     2.87544280E-03     3.33388220E-01     4.30023810E-03     4.95000000E-07     5.73936000E-05     7.40300000E-07
    3.16000000E+03     4.35000000E+01     8.64932180E-02     1.09000610E+00     2.58366000E-04     3.08181670E-03     3.45264790E-01     4.60854730E-03     5.18400000E-07     5.80796000E-05     7.75200000E-07
    3.16000000E+03     4.40000000E+01     8.74873930E-02     1.09000610E+00     2.58366000E-04     3.30038330E-03     3.57425310E-01     4.93504080E-03     5.42600000E-07     5.87665000E-05     8.11400000E-07
    3.16000000E+03     4.45000000E+01     8.84815680E-02     1.09000610E+00     2.58366000E-04     3.53171040E-03     3.69873440E-01     5.28056300E-03     5.67700000E-07     5.94543000E-05     8.48800000E-07
    3.16000000E+03     4.50000000E+01     8.94757430E-02     1.09000610E+00     2.58366000E-04     3.77638840E-03     3.82612990E-01     5.64599140E-03     5.93600000E-07     6.01430000E-05     8.87500000E-07
    3.16000000E+03     4.55000000E+01     9.04699180E-02     1.09000610E+00     2.58366000E-04     4.03502430E-03     3.95647630E-01     6.03222850E-03     6.20400000E-07     6.08325000E-05     9.27500000E-07
    3.16000000E+03     4.60000000E+01     9.14640920E-02     1.09000610E+00     2.58366000E-04     4.30824850E-03     4.08981180E-01     6.44021080E-03     6.48100000E-07     6.15230000E-05     9.68800000E-07
    3.16000000E+03     4.65000000E+01     9.24582670E-02     1.09000610E+00     2.58366000E-04     4.59671030E-03     4.22617390E-01     6.87090310E-03     6.76700000E-07     6.22145000E-05     1.01150000E-06
    3.16000000E+03     4.70000000E+01     9.34524420E-02     1.09000610E+00     2.58366000E-04     4.90108250E-03     4.36560120E-01     7.32530490E-03     7.06200000E-07     6.29069000E-05     1.05560000E-06
    3.16000000E+03     4.75000000E+01     9.44466170E-02     1.09000610E+00     2.58366000E-04     5.22205820E-03     4.50813190E-01     7.80444540E-03     7.36700000E-07     6.36004000E-05     1.10100000E-06
    3.16000000E+03     4.80000000E+01     9.54407920E-02     1.09000610E+00     2.58366000E-04     5.56035390E-03     4.65380490E-01     8.30938860E-03     7.68200000E-07     6.42948000E-05     1.14800000E-06
    3.16000000E+03     4.85000000E+01     9.64349670E-02     1.09000610E+00     2.58366000E-04     5.91670640E-03     4.80265790E-01     8.84122800E-03     8.00700000E-07     6.49903000E-05     1.19640000E-06
    3.16000000E+03     4.90000000E+01     9.74291420E-02     1.09000610E+00     2.58366000E-04     6.29188100E-03     4.95473150E-01     9.40109950E-03     8.34100000E-07     6.56868000E-05     1.24630000E-06
    3.16000000E+03     4.95000000E+01     9.84233170E-02     1.09000610E+00     2.58366000E-04     6.68666130E-03     5.11006400E-01     9.99016600E-03     8.68700000E-07     6.63844000E-05     1.29780000E-06
    3.16000000E+03     5.10000000E+01     1.01405842E-01     1.09000610E+00     2.58366000E-04     8.01987260E-03     5.59943286E-01     1.19789798E-02     9.79800000E-07     6.84851000E-05     1.46350000E-06
    3.16000000E+03     5.35000000E+01     1.06376718E-01     1.09000610E+00     2.58366000E-04     1.06811441E-02     6.47848314E-01     1.59472432E-02     1.18600000E-06     7.20080000E-05     1.77070000E-06
    3.16000000E+03     5.60000000E+01     1.11347592E-01     1.09000610E+00     2.58366000E-04     1.40404240E-02     7.44817718E-01     2.09534088E-02     1.42310000E-06     7.55628000E-05     2.12380000E-06
    3.16000000E+03     5.85000000E+01     1.16318468E-01     1.09000610E+00     2.58366000E-04     1.82368598E-02     8.51384812E-01     2.72033412E-02     1.69400000E-06     7.91527000E-05     2.52690000E-06
    3.16000000E+03     6.10000000E+01     1.21289340E-01     1.09000610E+00     2.58366000E-04     2.34293670E-02     9.68103212E-01     3.49318490E-02     2.00180000E-06     8.27805000E-05     2.98460000E-06
    3.16000000E+03     6.35000000E+01     1.26260212E-01     1.09000610E+00     2.58366000E-04     2.97983884E-02     1.09554834E+00     4.44051892E-02     2.34970000E-06     8.64497000E-05     3.50150000E-06
    3.16000000E+03     6.60000000E+01     1.31231088E-01     1.09000610E+00     2.58366000E-04     3.75477428E-02     1.23431960E+00     5.59236874E-02     2.74090000E-06     9.01635000E-05     4.08240000E-06
    3.16000000E+03     6.85000000E+01     1.36201962E-01     1.09000610E+00     2.58366000E-04     4.69065272E-02     1.38504210E+00     6.98244214E-02     3.17900000E-06     9.39255000E-05     4.73220000E-06
    3.16000000E+03     7.10000000E+01     1.41172838E-01     1.09000610E+00     2.58366000E-04     5.81310944E-02     1.54836872E+00     8.64839928E-02     3.66740000E-06     9.77392000E-05     5.45610000E-06
    3.16000000E+03     7.35000000E+01     1.46143712E-01     1.09000610E+00     2.58366000E-04     7.15071122E-02     1.72498230E+00     1.06321405E-01     4.20980000E-06     1.01608300E-04     6.25950000E-06
    3.16000000E+03     7.60000000E+01     1.51114588E-01     1.09000610E+00     2.58366000E-04     8.73516450E-02     1.91559732E+00     1.29800942E-01     4.81010000E-06     1.05536800E-04     7.14770000E-06
    3.16000000E+03     7.85000000E+01     1.56085462E-01     1.09000610E+00     2.58366000E-04     1.06015380E-01     2.12096282E+00     1.57435242E-01     5.47220000E-06     1.09528500E-04     8.12640000E-06
    3.16000000E+03     8.10000000E+01     1.61056338E-01     1.09000610E+00     2.58366000E-04     1.27884830E-01     2.34186380E+00     1.89788310E-01     6.20020000E-06     1.13587700E-04     9.20140000E-06
    3.16000000E+03     8.35000000E+01     1.66027212E-01     1.09000610E+00     2.58366000E-04     1.53384674E-01     2.57912446E+00     2.27478722E-01     6.99810000E-06     1.17718500E-04     1.03786000E-05
    3.16000000E+03     8.60000000E+01     1.70998088E-01     1.09000610E+00     2.58366000E-04     1.82980120E-01     2.83360984E+00     2.71182776E-01     7.87040000E-06     1.21925200E-04     1.16642000E-05
    3.16000000E+03     8.85000000E+01     1.75968962E-01     1.09000610E+00     2.58366000E-04     2.17179336E-01     3.10622866E+00     3.21637804E-01     8.82130000E-06     1.26212400E-04     1.30642000E-05
    3.16000000E+03     9.10000000E+01     1.80939836E-01     1.09000610E+00     2.58366000E-04     2.56535974E-01     3.39793580E+00     3.79645478E-01     9.85550000E-06     1.30584500E-04     1.45852000E-05
    3.16000000E+03     9.35000000E+01     1.85910708E-01     1.09000610E+00     2.58366000E-04     3.01651710E-01     3.70973480E+00     4.46075214E-01     1.09777000E-05     1.35046400E-04     1.62336000E-05
    3.16000000E+03     9.60000000E+01     1.90881582E-01     1.09000610E+00     2.58366000E-04     3.53178816E-01     4.04267994E+00     5.21867502E-01     1.21925000E-05     1.39602700E-04     1.80160000E-05
    3.16000000E+03     9.85000000E+01     1.95852458E-01     1.09000610E+00     2.58366000E-04     4.11822926E-01     4.39788054E+00     6.08037530E-01     1.35048000E-05     1.44258400E-04     1.99393000E-05
    3.16000000E+03     1.01000000E+02     2.00823332E-01     1.09000610E+00     2.58366000E-04     4.78345794E-01     4.77650214E+00     7.05678710E-01     1.49197000E-05     1.49018600E-04     2.20103000E-05
    3.16000000E+03     1.03500000E+02     2.05794208E-01     1.09000610E+00     2.58366000E-04     5.53567904E-01     5.17976960E+00     8.15966008E-01     1.64422000E-05     1.53888400E-04     2.42360000E-05
    3.16000000E+03     1.06000000E+02     2.10765082E-01     1.09000610E+00     2.58366000E-04     6.38371482E-01     5.60897046E+00     9.40159772E-01     1.80775000E-05     1.58873000E-04     2.66237000E-05
    3.16000000E+03     1.08500000E+02     2.15735958E-01     1.09000610E+00     2.58366000E-04     7.33703332E-01     6.06545770E+00     1.07960922E+00     1.98311000E-05     1.63977900E-04     2.91806000E-05
    3.16000000E+03     1.11000000E+02     2.20706832E-01     1.09000610E+00     2.58366000E-04     8.40577784E-01     6.55065202E+00     1.23575616E+00     2.17082000E-05     1.69208500E-04     3.19140000E-05
    3.16000000E+03     1.13500000E+02     2.25677708E-01     1.09000610E+00     2.58366000E-04     9.60079754E-01     7.06604626E+00     1.41013876E+00     2.37146000E-05     1.74570300E-04     3.48314000E-05
    3.16000000E+03     1.16000000E+02     2.30648582E-01     1.09000610E+00     2.58366000E-04     1.09336774E+00     7.61320722E+00     1.60439496E+00     2.58557000E-05     1.80069200E-04     3.79405000E-05
    3.16000000E+03     1.18500000E+02     2.35619458E-01     1.09000610E+00     2.58366000E-04     1.24167674E+00     8.19377814E+00     1.82026620E+00     2.81374000E-05     1.85710700E-04     4.12488000E-05
    3.16000000E+03     1.21000000E+02     2.40590332E-01     1.09000610E+00     2.58366000E-04     1.40632192E+00     8.80948510E+00     2.05960174E+00     3.05655000E-05     1.91501000E-04     4.47643000E-05
    3.16000000E+03     1.23500000E+02     2.45561202E-01     1.09000610E+00     2.58366000E-04     1.58870112E+00     9.46213594E+00     2.32436132E+00     3.31460000E-05     1.97445900E-04     4.84947000E-05
    3.16000000E+03     1.26000000E+02     2.50532078E-01     1.09000610E+00     2.58366000E-04     1.79029864E+00     1.01536267E+01     2.61661992E+00     3.58850000E-05     2.03551700E-04     5.24480000E-05
    3.16000000E+03     1.28500000E+02     2.55502952E-01     1.09000610E+00     2.58366000E-04     2.01268822E+00     1.08859432E+01     2.93857064E+00     3.87885000E-05     2.09824300E-04     5.66323000E-05
    3.16000000E+03     1.31000000E+02     2.60473828E-01     1.09000610E+00     2.58366000E-04     2.25753638E+00     1.16611654E+01     3.29252906E+00     4.18629000E-05     2.16270200E-04     6.10556000E-05
    3.16000000E+03     1.33500000E+02     2.65444702E-01     1.09000610E+00     2.58366000E-04     2.52660600E+00     1.24814696E+01     3.68093658E+00     4.51145000E-05     2.22895800E-04     6.57262000E-05
    3.16000000E+03     1.36000000E+02     2.70415578E-01     1.09000610E+00     2.58366000E-04     2.82175936E+00     1.33491320E+01     4.10636392E+00     4.85498000E-05     2.29707500E-04     7.06523000E-05
    3.16000000E+03     1.38500000E+02     2.75386452E-01     1.09000610E+00     2.58366000E-04     3.14496184E+00     1.42665352E+01     4.57151538E+00     5.21753000E-05     2.36711900E-04     7.58423000E-05
    3.16000000E+03     1.41000000E+02     2.80357328E-01     1.09000610E+00     2.58366000E-04     3.49828530E+00     1.52361680E+01     5.07923180E+00     5.59977000E-05     2.43915700E-04     8.13044000E-05
    3.16000000E+03     1.43500000E+02     2.85328202E-01     1.09000610E+00     2.58366000E-04     3.88391150E+00     1.62606284E+01     5.63249458E+00     6.00236000E-05     2.51325700E-04     8.70472000E-05
    3.16000000E+03     1.46000000E+02     2.90299078E-01     1.09000610E+00     2.58366000E-04     4.30413566E+00     1.73426304E+01     6.23442910E+00     6.42599000E-05     2.58948700E-04     9.30790000E-05
    3.16000000E+03     1.48500000E+02     2.95269952E-01     1.09000610E+00     2.58366000E-04     4.76137018E+00     1.84850048E+01     6.88830820E+00     6.87134000E-05     2.66791500E-04     9.94085000E-05
    3.16000000E+03     1.51000000E+02     3.00240828E-01     1.09000610E+00     2.58366000E-04     5.25814770E+00     1.96907056E+01     7.59755530E+00     7.33913000E-05     2.74861400E-04     1.06044200E-04
    3.16000000E+03     1.53500000E+02     3.05211698E-01     1.09000610E+00     2.58366000E-04     5.79712586E+00     2.09628104E+01     8.36574926E+00     7.83004000E-05     2.83165300E-04     1.12994600E-04
    3.16000000E+03     1.56000000E+02     3.10182572E-01     1.09000610E+00     2.58366000E-04     6.38108910E+00     2.23045220E+01     9.19662528E+00     8.34481000E-05     2.91710300E-04     1.20268400E-04
    3.16000000E+03     1.58500000E+02     3.15153448E-01     1.09000610E+00     2.58366000E-04     7.01295436E+00     2.37191898E+01     1.00940806E+01     8.88415000E-05     3.00504000E-04     1.27874200E-04
    3.16000000E+03     1.61000000E+02     3.20124322E-01     1.09000610E+00     2.58366000E-04     7.69577308E+00     2.52102818E+01     1.10621768E+01     9.44879000E-05     3.09553500E-04     1.35820700E-04
    3.16000000E+03     1.63500000E+02     3.25095198E-01     1.09000610E+00     2.58366000E-04     8.43273614E+00     2.67814084E+01     1.21051418E+01     1.00394800E-04     3.18866100E-04     1.44116600E-04
    3.16000000E+03     1.66000000E+02     3.30066072E-01     1.09000610E+00     2.58366000E-04     9.22717654E+00     2.84363388E+01     1.32273758E+01     1.06569500E-04     3.28449600E-04     1.52770400E-04
    3.16000000E+03     1.68500000E+02     3.35036948E-01     1.09000610E+00     2.58366000E-04     1.00825741E+01     3.01789762E+01     1.44334512E+01     1.13019600E-04     3.38311400E-04     1.61790900E-04
    3.16000000E+03     1.71000000E+02     3.40007822E-01     1.09000610E+00     2.58366000E-04     1.10025576E+01     3.20133752E+01     1.57281164E+01     1.19752800E-04     3.48459200E-04     1.71186800E-04
    3.16000000E+03     1.73500000E+02     3.44978698E-01     1.09000610E+00     2.58366000E-04     1.19909106E+01     3.39437444E+01     1.71163000E+01     1.26776700E-04     3.58900600E-04     1.80966700E-04
    3.16000000E+03     1.76000000E+02     3.49949572E-01     1.09000610E+00     2.58366000E-04     1.30515744E+01     3.59744604E+01     1.86031134E+01     1.34099000E-04     3.69643400E-04     1.91139200E-04
    3.16000000E+03     1.78500000E+02     3.54920448E-01     1.09000610E+00     2.58366000E-04     1.41886504E+01     3.81100484E+01     2.01938506E+01     1.41727600E-04     3.80695500E-04     2.01713100E-04
    3.16000000E+03     1.81000000E+02     3.59891322E-01     1.09000610E+00     2.58366000E-04     1.54064072E+01     4.03552136E+01     2.18939958E+01     1.49670300E-04     3.92064700E-04     2.12696800E-04
    3.16000000E+03     1.83500000E+02     3.64862194E-01     1.09000610E+00     2.58366000E-04     1.67092798E+01     4.27148210E+01     2.37092192E+01     1.57935100E-04     4.03759100E-04     2.24098900E-04
    3.16000000E+03     1.86000000E+02     3.69833068E-01     1.09000610E+00     2.58366000E-04     1.81018764E+01     4.51939164E+01     2.56453846E+01     1.66530000E-04     4.15786600E-04     2.35928000E-04
    3.16000000E+03     1.88500000E+02     3.74803942E-01     1.09000610E+00     2.58366000E-04     1.95889836E+01     4.77977048E+01     2.77085514E+01     1.75462900E-04     4.28155300E-04     2.48192600E-04
    3.16000000E+03     1.91000000E+02     3.79774818E-01     1.09000610E+00     2.58366000E-04     2.11755664E+01     5.05316080E+01     2.99049744E+01     1.84742100E-04     4.40873500E-04     2.60901000E-04
    3.16000000E+03     1.93500000E+02     3.84745692E-01     1.09000610E+00     2.58366000E-04     2.28667744E+01     5.34011942E+01     3.22411048E+01     1.94375700E-04     4.53949100E-04     2.74061800E-04
    3.16000000E+03     1.96000000E+02     3.89716568E-01     1.09000610E+00     2.58366000E-04     2.46679450E+01     5.64122492E+01     3.47235968E+01     2.04371900E-04     4.67390500E-04     2.87683100E-04
    3.16000000E+03     1.98500000E+02     3.94687442E-01     1.09000610E+00     2.58366000E-04     2.65846054E+01     5.95707244E+01     3.73593028E+01     2.14738900E-04     4.81206000E-04     3.01773300E-04
    3.16000000E+03     2.01000000E+02     3.99658318E-01     1.09000610E+00     2.58366000E-04     2.86224810E+01     6.28827962E+01     4.01552818E+01     2.25485200E-04     4.95403800E-04     3.16340500E-04
    3.16000000E+03     2.03500000E+02     4.04629192E-01     1.09000610E+00     2.58366000E-04     3.07874928E+01     6.63548182E+01     4.31187938E+01     2.36618900E-04     5.09992500E-04     3.31392900E-04
    3.16000000E+03     2.06000000E+02     4.09600068E-01     1.09000610E+00     2.58366000E-04     3.30857676E+01     6.99933652E+01     4.62573078E+01     2.48148600E-04     5.24980300E-04     3.46938500E-04
    3.16000000E+03     2.08500000E+02     4.14570942E-01     1.09000610E+00     2.58366000E-04     3.55236360E+01     7.38052012E+01     4.95784978E+01     2.60082700E-04     5.40375800E-04     3.62985200E-04
    3.16000000E+03     2.11000000E+02     4.19541818E-01     1.09000610E+00     2.58366000E-04     3.81076434E+01     7.77973040E+01     5.30902506E+01     2.72429700E-04     5.56187400E-04     3.79540900E-04
    3.16000000E+03     2.13500000E+02     4.24512690E-01     1.09000610E+00     2.58366000E-04     4.08445406E+01     8.19768962E+01     5.68006514E+01     2.85198100E-04     5.72423800E-04     3.96613400E-04
    3.16000000E+03     2.16000000E+02     4.29483562E-01     1.09000610E+00     2.58366000E-04     4.37413058E+01     8.63513810E+01     6.07180070E+01     2.98396400E-04     5.89093400E-04     4.14210200E-04
    3.16000000E+03     2.18500000E+02     4.34454438E-01     1.09000610E+00     2.58366000E-04     4.68051276E+01     9.09283912E+01     6.48508210E+01     3.12033200E-04     6.06204900E-04     4.32338900E-04
    3.16000000E+03     2.21000000E+02     4.39425312E-01     1.09000610E+00     2.58366000E-04     5.00434272E+01     9.57158018E+01     6.92078158E+01     3.26117200E-04     6.23766900E-04     4.51007000E-04
    3.16000000E+03     2.23500000E+02     4.44396188E-01     1.09000610E+00     2.58366000E-04     5.34638534E+01     1.00721688E+02     7.37979244E+01     3.40657000E-04     6.41788000E-04     4.70221700E-04
    3.16000000E+03     2.26000000E+02     4.49367062E-01     1.09000610E+00     2.58366000E-04     5.70742792E+01     1.05954402E+02     7.86302802E+01     3.55661200E-04     6.60277000E-04     4.89990200E-04
    3.16000000E+03     2.28500000E+02     4.54337938E-01     1.09000610E+00     2.58366000E-04     6.08828250E+01     1.11422496E+02     8.37142418E+01     3.71138600E-04     6.79242600E-04     5.10319500E-04
    3.16000000E+03     2.31000000E+02     4.59308812E-01     1.09000610E+00     2.58366000E-04     6.48978364E+01     1.17134758E+02     8.90593574E+01     3.87097900E-04     6.98693500E-04     5.31216600E-04
    3.16000000E+03     2.33500000E+02     4.64279688E-01     1.09000610E+00     2.58366000E-04     6.91279104E+01     1.23100234E+02     9.46753990E+01     4.03547800E-04     7.18638300E-04     5.52688200E-04
    3.16000000E+03     2.36000000E+02     4.69250562E-01     1.09000610E+00     2.58366000E-04     7.35818910E+01     1.29328260E+02     1.00572348E+02     4.20497100E-04     7.39086100E-04     5.74741000E-04
    3.16000000E+03     2.38500000E+02     4.74221438E-01     1.09000610E+00     2.58366000E-04     7.82688554E+01     1.35828292E+02     1.06760364E+02     4.37954600E-04     7.60045200E-04     5.97381300E-04
    3.16000000E+03     2.41000000E+02     4.79192312E-01     1.09000610E+00     2.58366000E-04     8.31981550E+01     1.42610216E+02     1.13249856E+02     4.55928900E-04     7.81525000E-04     6.20615500E-04
    3.16000000E+03     2.43500000E+02     4.84163186E-01     1.09000610E+00     2.58366000E-04     8.83793894E+01     1.49684004E+02     1.20051414E+02     4.74429100E-04     8.03533800E-04     6.44449800E-04
    3.16000000E+03     2.46000000E+02     4.89134058E-01     1.09000610E+00     2.58366000E-04     9.38224030E+01     1.57060014E+02     1.27175818E+02     4.93463700E-04     8.26080600E-04     6.68890000E-04
    3.16000000E+03     2.48500000E+02     4.94104932E-01     1.09000610E+00     2.58366000E-04     9.95373090E+01     1.64748798E+02     1.34634050E+02     5.13041700E-04     8.49174300E-04     6.93942000E-04
    3.16000000E+03     2.52250000E+02     5.01561245E-01     1.09000610E+00     2.58366000E-04     1.08679555E+02     1.76934737E+02     1.46517161E+02     5.43517300E-04     8.84930300E-04     7.32757500E-04
    3.16000000E+03     2.57250000E+02     5.11502995E-01     1.09000610E+00     2.58366000E-04     1.21873087E+02     1.94326971E+02     1.63578413E+02     5.86043500E-04     9.34508600E-04     7.86600500E-04
    3.16000000E+03     2.62250000E+02     5.21444745E-01     1.09000610E+00     2.58366000E-04     1.36350005E+02     2.13174349E+02     1.82182811E+02     6.30901500E-04     9.86432700E-04     8.42985400E-04
    3.16000000E+03     2.67250000E+02     5.31386495E-01     1.09000610E+00     2.58366000E-04     1.52204331E+02     2.33574516E+02     2.02427485E+02     6.78161800E-04     1.04077300E-03     9.01949200E-04
    3.16000000E+03     2.72250000E+02     5.41328245E-01     1.09000610E+00     2.58366000E-04     1.69534600E+02     2.55629764E+02     2.24412374E+02     7.27894500E-04     1.09759980E-03     9.63525400E-04
    3.16000000E+03     2.77250000E+02     5.51269990E-01     1.09000610E+00     2.58366000E-04     1.88443973E+02     2.79446866E+02     2.48240166E+02     7.80169300E-04     1.15698260E-03     1.02774410E-03
    3.16000000E+03     2.82250000E+02     5.61211740E-01     1.09000610E+00     2.58366000E-04     2.09040362E+02     3.05137534E+02     2.74016202E+02     8.35056100E-04     1.21899140E-03     1.09463190E-03
    3.16000000E+03     2.87250000E+02     5.71153490E-01     1.09000610E+00     2.58366000E-04     2.31436391E+02     3.32817999E+02     3.01848169E+02     8.92623900E-04     1.28369490E-03     1.16421110E-03
    3.16000000E+03     2.92250000E+02     5.81095240E-01     1.09000610E+00     2.58366000E-04     2.55749564E+02     3.62609638E+02     3.31846064E+02     9.52941200E-04     1.35116210E-03     1.23650030E-03
    3.16000000E+03     2.97250000E+02     5.91036990E-01     1.09000610E+00     2.58366000E-04     2.82102288E+02     3.94638425E+02     3.64121949E+02     1.01607620E-03     1.42146050E-03     1.31151400E-03
    3.16000000E+03     3.02250000E+02     6.00978740E-01     1.09000610E+00     2.58366000E-04     3.10621936E+02     4.29035637E+02     3.98789762E+02     1.08209620E-03     1.49465810E-03     1.38926210E-03
    3.16000000E+03     3.07250000E+02     6.10920485E-01     1.09000610E+00     2.58366000E-04     3.41440927E+02     4.65937355E+02     4.35965113E+02     1.15106810E-03     1.57082110E-03     1.46975060E-03
    3.16000000E+03     3.12250000E+02     6.20862235E-01     1.09000610E+00     2.58366000E-04     3.74696738E+02     5.05484698E+02     4.75765022E+02     1.22305780E-03     1.65001510E-03     1.55298060E-03
    3.16000000E+03     3.17250000E+02     6.30803985E-01     1.09000610E+00     2.58366000E-04     4.10531961E+02     5.47824131E+02     5.18307689E+02     1.29813020E-03     1.73230530E-03     1.63894900E-03
    3.16000000E+03     3.22250000E+02     6.40745735E-01     1.09000610E+00     2.58366000E-04     4.49094341E+02     5.93107401E+02     5.63712224E+02     1.37634960E-03     1.81775670E-03     1.72764750E-03
    3.16000000E+03     3.27250000E+02     6.50687485E-01     1.09000610E+00     2.58366000E-04     4.90536810E+02     6.41490762E+02     6.12098383E+02     1.45777890E-03     1.90643050E-03     1.81906340E-03
    3.16000000E+03     3.32250000E+02     6.60629235E-01     1.09000610E+00     2.58366000E-04     5.35017491E+02     6.93136385E+02     6.63586237E+02     1.54248030E-03     1.99838980E-03     1.91317890E-03
    3.16000000E+03     3.37250000E+02     6.70570981E-01     1.09000610E+00     2.58366000E-04     5.82699751E+02     7.48211537E+02     7.18295936E+02     1.63051460E-03     2.09369550E-03     2.00997140E-03
    3.16000000E+03     3.42250000E+02     6.80512730E-01     1.09000610E+00     2.58366000E-04     6.33752167E+02     8.06888136E+02     7.76347309E+02     1.72194150E-03     2.19240570E-03     2.10941290E-03
    3.16000000E+03     3.47250000E+02     6.90454480E-01     1.09000610E+00     2.58366000E-04     6.88348563E+02     8.69344073E+02     8.37859570E+02     1.81681920E-03     2.29457970E-03     2.21147070E-03
    3.16000000E+03     3.52250000E+02     7.00396230E-01     1.09000610E+00     2.58366000E-04     7.46667968E+02     9.35762383E+02     9.02950946E+02     1.91520480E-03     2.40027460E-03     2.31610660E-03
    3.16000000E+03     3.57250000E+02     7.10337980E-01     1.09000610E+00     2.58366000E-04     8.08894719E+02     1.00633063E+03     9.71738445E+02     2.01715390E-03     2.50954460E-03     2.42327740E-03
    3.16000000E+03     3.62250000E+02     7.20279730E-01     1.09000610E+00     2.58366000E-04     8.75218205E+02     1.08124246E+03     1.04433718E+03     2.12272050E-03     2.62244460E-03     2.53293440E-03
    3.16000000E+03     3.67250000E+02     7.30221476E-01     1.09000610E+00     2.58366000E-04     9.45833102E+02     1.16069630E+03     1.12086032E+03     2.23195700E-03     2.73902680E-03     2.64502370E-03
    3.16000000E+03     3.72250000E+02     7.40163225E-01     1.09000610E+00     2.58366000E-04     1.02093922E+03     1.24489546E+03     1.20141852E+03     2.34491440E-03     2.85934120E-03     2.75948620E-03
    3.16000000E+03     3.77250000E+02     7.50104975E-01     1.09000610E+00     2.58366000E-04     1.10074140E+03     1.33404857E+03     1.28611951E+03     2.46164180E-03     2.98343690E-03     2.87625720E-03
    3.16000000E+03     3.82250000E+02     7.60046725E-01     1.09000610E+00     2.58366000E-04     1.18544965E+03     1.42836970E+03     1.37506782E+03     2.58218680E-03     3.11136170E-03     2.99526690E-03
    3.16000000E+03     3.87250000E+02     7.69988475E-01     1.09000610E+00     2.58366000E-04     1.27527889E+03     1.52807764E+03     1.46836413E+03     2.70659500E-03     3.24316140E-03     3.11644000E-03
    3.16000000E+03     3.92250000E+02     7.79930225E-01     1.09000610E+00     2.58366000E-04     1.37044909E+03     1.63339568E+03     1.56610510E+03     2.83491030E-03     3.37887850E-03     3.23969600E-03
    3.16000000E+03     3.97250000E+02     7.89871972E-01     1.09000610E+00     2.58366000E-04     1.47118492E+03     1.74455277E+03     1.66838270E+03     2.96717450E-03     3.51855570E-03     3.36494890E-03
    3.16000000E+03     4.02250000E+02     7.99813720E-01     1.09000610E+00     2.58366000E-04     1.57771590E+03     1.86178158E+03     1.77528376E+03     3.10342750E-03     3.66223130E-03     3.49210740E-03
    3.16000000E+03     4.07250000E+02     8.09755470E-01     1.09000610E+00     2.58366000E-04     1.69027639E+03     1.98532066E+03     1.88688993E+03     3.24370730E-03     3.80994420E-03     3.62107530E-03
    3.16000000E+03     4.12250000E+02     8.19697220E-01     1.09000610E+00     2.58366000E-04     1.80910523E+03     2.11541225E+03     2.00327673E+03     3.38804990E-03     3.96172920E-03     3.75175090E-03
    3.16000000E+03     4.17250000E+02     8.29638970E-01     1.09000610E+00     2.58366000E-04     1.93444587E+03     2.25230389E+03     2.12451331E+03     3.53648910E-03     4.11762060E-03     3.88402770E-03
    3.16000000E+03     4.22250000E+02     8.39580720E-01     1.09000610E+00     2.58366000E-04     2.06654619E+03     2.39624733E+03     2.25066209E+03     3.68905660E-03     4.27765020E-03     4.01779410E-03
    3.16000000E+03     4.27250000E+02     8.49522467E-01     1.09000610E+00     2.58366000E-04     2.20565815E+03     2.54749751E+03     2.38177793E+03     3.84578180E-03     4.44184540E-03     4.15293290E-03
    3.16000000E+03     4.32250000E+02     8.59464215E-01     1.09000610E+00     2.58366000E-04     2.35203831E+03     2.70631557E+03     2.51790835E+03     4.00669230E-03     4.61023540E-03     4.28932310E-03
    3.16000000E+03     4.37250000E+02     8.69405965E-01     1.09000610E+00     2.58366000E-04     2.50594689E+03     2.87296545E+03     2.65909222E+03     4.17181280E-03     4.78284450E-03     4.42683810E-03
    3.16000000E+03     4.42250000E+02     8.79347715E-01     1.09000610E+00     2.58366000E-04     2.66764846E+03     3.04771408E+03     2.80536031E+03     4.34116650E-03     4.95969350E-03     4.56534750E-03
    3.16000000E+03     4.47250000E+02     8.89289465E-01     1.09000610E+00     2.58366000E-04     2.83741103E+03     3.23083445E+03     2.95673389E+03     4.51477390E-03     5.14080450E-03     4.70471570E-03
    3.16000000E+03     4.52250000E+02     8.99231215E-01     1.09000610E+00     2.58366000E-04     3.01550650E+03     3.42260205E+03     3.11322477E+03     4.69265320E-03     5.32619540E-03     4.84480280E-03
    3.16000000E+03     4.57250000E+02     9.09172963E-01     1.09000610E+00     2.58366000E-04     3.20221040E+03     3.62329622E+03     3.27483520E+03     4.87482060E-03     5.51588230E-03     4.98546540E-03
    3.16000000E+03     4.62250000E+02     9.19114710E-01     1.09000610E+00     2.58366000E-04     3.39780104E+03     3.83319826E+03     3.44155626E+03     5.06128910E-03     5.70987680E-03     5.12655480E-03
    3.16000000E+03     4.67250000E+02     9.29056460E-01     1.09000610E+00     2.58366000E-04     3.60256076E+03     4.05259380E+03     3.61336919E+03     5.25207040E-03     5.90818990E-03     5.26791960E-03
    3.16000000E+03     4.72250000E+02     9.38998210E-01     1.09000610E+00     2.58366000E-04     3.81677469E+03     4.28177184E+03     3.79024380E+03     5.44717360E-03     6.11083080E-03     5.40940460E-03
    3.16000000E+03     4.77250000E+02     9.48939960E-01     1.09000610E+00     2.58366000E-04     4.04073055E+03     4.52102571E+03     3.97213800E+03     5.64660490E-03     6.31780810E-03     5.55085030E-03
    3.16000000E+03     4.82250000E+02     9.58881710E-01     1.09000610E+00     2.58366000E-04     4.27471905E+03     4.77064774E+03     4.15899806E+03     5.85036840E-03     6.52912300E-03     5.69209440E-03
    3.16000000E+03     4.87250000E+02     9.68823458E-01     1.09000610E+00     2.58366000E-04     4.51903340E+03     5.03093527E+03     4.35075805E+03     6.05846610E-03     6.74477750E-03     5.83297150E-03
    3.16000000E+03     4.92250000E+02     9.78765205E-01     1.09000610E+00     2.58366000E-04     4.77396985E+03     5.30218749E+03     4.54733998E+03     6.27089790E-03     6.96477090E-03     5.97331390E-03
    3.16000000E+03     4.97250000E+02     9.88706955E-01     1.09000610E+00     2.58366000E-04     5.03982594E+03     5.58470607E+03     4.74865214E+03     6.48766080E-03     7.18910010E-03     6.11295020E-03
    3.16000000E+03     5.12250000E+02     1.01853220E+00     1.09000610E+00     2.58366000E-04     5.91805163E+03     6.51539595E+03     5.38408557E+03     7.16816730E-03     7.89233630E-03     6.52446690E-03
    3.16000000E+03     5.37250000E+02     1.06824095E+00     1.09000610E+00     2.58366000E-04     7.60981218E+03     8.30128071E+03     6.51732163E+03     8.38078660E-03     9.14290700E-03     7.18111760E-03
    3.16000000E+03     5.62250000E+02     1.11794970E+00     1.09000610E+00     2.58366000E-04     9.64346404E+03     1.04385190E+04     7.73177391E+03     9.69837290E-03     1.04985091E-02     7.77976280E-03
    3.16000000E+03     5.87250000E+02     1.16765845E+00     1.09000610E+00     2.58366000E-04     1.20579041E+04     1.29664451E+04     8.99503333E+03     1.11174128E-02     1.19556042E-02     8.29786900E-03
    3.16000000E+03     6.12250000E+02     1.21736719E+00     1.09000610E+00     2.58366000E-04     1.48919734E+04     1.59243343E+04     1.02661315E+04     1.26333692E-02     1.35096340E-02     8.71399800E-03
    3.16000000E+03     6.37250000E+02     1.26707592E+00     1.09000610E+00     2.58366000E-04     1.81841471E+04     1.93510994E+04     1.14965277E+04     1.42409399E-02     1.51552840E-02     9.00885100E-03
    3.16000000E+03     6.62250000E+02     1.31678468E+00     1.09000610E+00     2.58366000E-04     2.19723945E+04     2.32851525E+04     1.26318018E+04     1.59343676E-02     1.68867912E-02     9.16631480E-03
    3.16000000E+03     6.87250000E+02     1.36649342E+00     1.09000610E+00     2.58366000E-04     2.62942476E+04     2.77644774E+04     1.36140612E+04     1.77077890E-02     1.86982941E-02     9.17445600E-03
    3.16000000E+03     7.12250000E+02     1.41620218E+00     1.09000610E+00     2.58366000E-04     3.11871022E+04     3.28269449E+04     1.43850158E+04     1.95556006E-02     2.05842059E-02     9.02640630E-03
    3.16000000E+03     7.37250000E+02     1.46591092E+00     1.09000610E+00     2.58366000E-04     3.66887734E+04     3.85108568E+04     1.48896335E+04     2.14728331E-02     2.25395752E-02     8.72108880E-03
    3.16000000E+03     7.62250000E+02     1.51561966E+00     1.09000610E+00     2.58366000E-04     4.28382981E+04     4.48557649E+04     1.50802179E+04     2.34555060E-02     2.45604509E-02     8.26373260E-03
    3.16000000E+03     7.87250000E+02     1.56532840E+00     1.09000610E+00     2.58366000E-04     4.96769630E+04     5.19034894E+04     1.49207101E+04     2.55009469E-02     2.66441913E-02     7.66613380E-03
    3.16000000E+03     8.12250000E+02     1.61503715E+00     1.09000610E+00     2.58366000E-04     5.72495090E+04     5.96993388E+04     1.43909496E+04     2.76080518E-02     2.87897314E-02     6.94662430E-03
    3.16000000E+03     8.37250000E+02     1.66474590E+00     1.09000610E+00     2.58366000E-04     6.56054495E+04     6.82934341E+04     1.34906163E+04     2.97774703E-02     3.09977680E-02     6.12972970E-03
    3.16000000E+03     8.62250000E+02     1.71445465E+00     1.09000610E+00     2.58366000E-04     7.48004102E+04     7.77419953E+04     1.22425282E+04     3.20116968E-02     3.32708246E-02     5.24550600E-03
    3.16000000E+03     8.87250000E+02     1.76416340E+00     1.09000610E+00     2.58366000E-04     8.48973954E+04     8.81086909E+04     1.06949845E+04     3.43150604E-02     3.56132798E-02     4.32856310E-03
    3.16000000E+03     9.12250000E+02     1.81387214E+00     1.09000610E+00     2.58366000E-04     9.59678720E+04     9.94656185E+04     8.92285454E+03     3.66936073E-02     3.80312032E-02     3.41680070E-03
    3.16000000E+03     9.37250000E+02     1.86358088E+00     1.09000610E+00     2.58366000E-04     1.08092556E+05     1.11894154E+05     7.02714440E+03     3.91548715E-02     4.05321564E-02     2.54989510E-03
    3.16000000E+03     9.62250000E+02     1.91328962E+00     1.09000610E+00     2.58366000E-04     1.21361809E+05     1.25485315E+05     5.13285055E+03     4.17075496E-02     4.31248542E-02     1.76759580E-03
    3.16000000E+03     9.87250000E+02     1.96299838E+00     1.09000610E+00     2.58366000E-04     1.35875540E+05     1.40339641E+05     3.38498312E+03     4.43610816E-02     4.58187403E-02     1.10790100E-03
    3.16000000E+03     1.01225000E+03     2.01270712E+00     1.09000610E+00     2.58366000E-04     1.51742585E+05     1.56566554E+05     1.94275178E+03     4.71251718E-02     4.86235049E-02     6.05194500E-04
    3.16000000E+03     1.03725000E+03     2.06241588E+00     1.09000610E+00     2.58366000E-04     1.69079503E+05     1.74283188E+05     9.72030392E+02     5.00092599E-02     5.15485719E-02     2.88436500E-04
    3.16000000E+03     1.06225000E+03     2.11212462E+00     1.09000610E+00     2.58366000E-04     1.88008847E+05     1.93612611E+05     6.36341236E+02     5.30219868E-02     5.46025500E-02     1.79500400E-04
    3.16000000E+03     1.08725000E+03     2.16183335E+00     1.09000610E+00     2.58366000E-04     2.08656909E+05     2.14681550E+05     1.08674491E+03     5.61706705E-02     5.77927073E-02     2.91755000E-04
    3.16000000E+03     1.11225000E+03     2.21154210E+00     1.09000610E+00     2.58366000E-04     2.31151142E+05     2.37617868E+05     2.45114458E+03     5.94608490E-02     6.11245328E-02     6.28980800E-04
    3.16000000E+03     1.13725000E+03     2.26125085E+00     1.09000610E+00     2.58366000E-04     2.55617286E+05     2.62547616E+05     4.82362555E+03     6.28958891E-02     6.46013264E-02     1.18469980E-03
    3.16000000E+03     1.16225000E+03     2.31095960E+00     1.09000610E+00     2.58366000E-04     2.82176519E+05     2.89592248E+05     8.25454029E+03     6.64767253E-02     6.82239583E-02     1.94198630E-03
    3.16000000E+03     1.18725000E+03     2.36066835E+00     1.09000610E+00     2.58366000E-04     3.10942747E+05     3.18865885E+05     1.27420922E+04     7.02017238E-02     7.19907283E-02     2.87379770E-03
    3.16000000E+03     1.21225000E+03     2.41037710E+00     1.09000610E+00     2.58366000E-04     3.42020276E+05     3.50472997E+05     1.82261532E+04     7.40666959E-02     7.58973781E-02     3.94384310E-03
    3.16000000E+03     1.23725000E+03     2.46008582E+00     1.09000610E+00     2.58366000E-04     3.75502112E+05     3.84506756E+05     2.45850199E+04     7.80650660E-02     7.99372762E-02     5.10797650E-03
    3.16000000E+03     1.26225000E+03     2.50979458E+00     1.09000610E+00     2.58366000E-04     4.11469041E+05     4.21048100E+05     3.16356505E+04     8.21881895E-02     8.41017278E-02     6.31606760E-03
    3.16000000E+03     1.28725000E+03     2.55950332E+00     1.09000610E+00     2.58366000E-04     4.49989616E+05     4.60165740E+05     3.91377849E+04     8.64257974E-02     8.83804233E-02     7.51427520E-03
    3.16000000E+03     1.31225000E+03     2.60921208E+00     1.09000610E+00     2.58366000E-04     4.91121129E+05     5.01917153E+05     4.68020907E+04     9.07665444E-02     9.27619882E-02     8.64761570E-03
    3.16000000E+03     1.33725000E+03     2.65892082E+00     1.09000610E+00     2.58366000E-04     5.34911560E+05     5.46350613E+05     5.43022421E+04     9.51986255E-02     9.72346148E-02     9.66269970E-03
    3.16000000E+03     1.36225000E+03     2.70862957E+00     1.09000610E+00     2.58366000E-04     5.81402424E+05     5.93507952E+05     6.12905399E+04     9.97104265E-02     1.01786689E-01     1.05104912E-02
    3.16000000E+03     1.38725000E+03     2.75833830E+00     1.09000610E+00     2.58366000E-04     6.30632308E+05     6.43428169E+05     6.74164041E+04     1.04291151E-01     1.06407434E-01     1.11489353E-02
    3.16000000E+03     1.41225000E+03     2.80804705E+00     1.09000610E+00     2.58366000E-04     6.82640926E+05     6.96151508E+05     7.23468272E+04     1.08931394E-01     1.11087479E-01     1.15453060E-02
    3.16000000E+03     1.43725000E+03     2.85775580E+00     1.09000610E+00     2.58366000E-04     7.37473358E+05     7.51723637E+05     7.57876854E+04     1.13623623E-01     1.15819335E-01     1.16781353E-02
    3.16000000E+03     1.46225000E+03     2.90746455E+00     1.09000610E+00     2.58366000E-04     7.95184181E+05     8.10199885E+05     7.75045889E+04     1.18362535E-01     1.20597754E-01     1.15386032E-02
    3.16000000E+03     1.48725000E+03     2.95717330E+00     1.09000610E+00     2.58366000E-04     8.55841195E+05     8.71648804E+05     7.73419889E+04     1.23145254E-01     1.25419917E-01     1.11313009E-02
    3.16000000E+03     1.51225000E+03     3.00688205E+00     1.09000610E+00     2.58366000E-04     9.19528421E+05     9.36155277E+05     7.52391446E+04     1.27971390E-01     1.30285493E-01     1.04743045E-02
    3.16000000E+03     1.53725000E+03     3.05659078E+00     1.09000610E+00     2.58366000E-04     9.86348166E+05     1.00382245E+06     7.12417776E+04     1.32842924E-01     1.35196516E-01     9.59854810E-03
    3.16000000E+03     1.56225000E+03     3.10629952E+00     1.09000610E+00     2.58366000E-04     1.05642200E+06     1.07477287E+06     6.55082840E+04     1.37763968E-01     1.40157158E-01     8.54650150E-03
    3.16000000E+03     1.58725000E+03     3.15600828E+00     1.09000610E+00     2.58366000E-04     1.12989050E+06     1.14914795E+06     5.83097208E+04     1.42740383E-01     1.45173319E-01     7.37021470E-03
    3.16000000E+03     1.61225000E+03     3.20571702E+00     1.09000610E+00     2.58366000E-04     1.20691174E+06     1.22710665E+06     5.00230906E+04     1.47779315E-01     1.50252179E-01     6.12881910E-03
    3.16000000E+03     1.63725000E+03     3.25542578E+00     1.09000610E+00     2.58366000E-04     1.28765884E+06     1.30882285E+06     4.11177402E+04     1.52888669E-01     1.55401666E-01     4.88559790E-03
    3.16000000E+03     1.66225000E+03     3.30513452E+00     1.09000610E+00     2.58366000E-04     1.37231642E+06     1.39448192E+06     3.21352347E+04     1.58076572E-01     1.60629917E-01     3.70478180E-03
    3.16000000E+03     1.68725000E+03     3.35484325E+00     1.09000610E+00     2.58366000E-04     1.46107651E+06     1.48427647E+06     2.36633558E+04     1.63350830E-01     1.65944733E-01     2.64822490E-03
    3.16000000E+03     1.71225000E+03     3.40455200E+00     1.09000610E+00     2.58366000E-04     1.55413408E+06     1.57840205E+06     1.63053881E+04     1.68718470E-01     1.71353131E-01     1.77214120E-03
    3.16000000E+03     1.73725000E+03     3.45426075E+00     1.09000610E+00     2.58366000E-04     1.65168245E+06     1.67705233E+06     1.06462075E+04     1.74185321E-01     1.76860917E-01     1.12407710E-03
    3.16000000E+03     1.76225000E+03     3.50396950E+00     1.09000610E+00     2.58366000E-04     1.75390917E+06     1.78041523E+06     7.21697342E+03     1.79755749E-01     1.82472421E-01     7.40286800E-04
    3.16000000E+03     1.78725000E+03     3.55367825E+00     1.09000610E+00     2.58366000E-04     1.86099242E+06     1.88866913E+06     6.46051095E+03     1.85432457E-01     1.88190316E-01     6.43663800E-04
    3.16000000E+03     1.81225000E+03     3.60338700E+00     1.09000610E+00     2.58366000E-04     1.97309825E+06     2.00198028E+06     8.69953092E+03     1.91216452E-01     1.94015563E-01     8.42352000E-04
    3.16000000E+03     1.83725000E+03     3.65309573E+00     1.09000610E+00     2.58366000E-04     2.09037898E+06     2.12050112E+06     1.41098320E+04     1.97107091E-01     1.99947484E-01     1.32912540E-03
    3.16000000E+03     1.86225000E+03     3.70280448E+00     1.09000610E+00     2.58366000E-04     2.21297268E+06     2.24436980E+06     2.27004573E+04     2.03102265E-01     2.05983931E-01     2.08158500E-03
    3.16000000E+03     1.88725000E+03     3.75251322E+00     1.09000610E+00     2.58366000E-04     2.34100364E+06     2.37371074E+06     3.43024818E+04     2.09198628E-01     2.12121525E-01     3.06317710E-03
    3.16000000E+03     1.91225000E+03     3.80222198E+00     1.09000610E+00     2.58366000E-04     2.47458404E+06     2.50863620E+06     4.85676298E+04     2.15391915E-01     2.18355968E-01     4.22498620E-03
    3.16000000E+03     1.93725000E+03     3.85193072E+00     1.09000610E+00     2.58366000E-04     2.61381640E+06     2.64924887E+06     6.49774640E+04     2.21677273E-01     2.24682390E-01     5.50821900E-03
    3.16000000E+03     1.96225000E+03     3.90163948E+00     1.09000610E+00     2.58366000E-04     2.75879627E+06     2.79564445E+06     8.28631728E+04     2.28049577E-01     2.31095643E-01     6.84724820E-03
    3.16000000E+03     1.98725000E+03     3.95134821E+00     1.09000610E+00     2.58366000E-04     2.90961587E+06     2.94791560E+06     1.01435399E+05     2.34503772E-01     2.37590675E-01     8.17305610E-03
    3.16000000E+03     2.01225000E+03     4.00105695E+00     1.09000610E+00     2.58366000E-04     3.06636698E+06     3.10615431E+06     1.19822868E+05     2.41035101E-01     2.44162720E-01     9.41689180E-03
    3.16000000E+03     2.03725000E+03     4.05076570E+00     1.09000610E+00     2.58366000E-04     3.22914409E+06     3.27045551E+06     1.37118019E+05     2.47639339E-01     2.50807554E-01     1.05139454E-02
    3.16000000E+03     2.06225000E+03     4.10047445E+00     1.09000610E+00     2.58366000E-04     3.39804677E+06     3.44091927E+06     1.52427179E+05     2.54312902E-01     2.57521609E-01     1.14068312E-02
    3.16000000E+03     2.08725000E+03     4.15018320E+00     1.09000610E+00     2.58366000E-04     3.57318139E+06     3.61765244E+06     1.64922613E+05     2.61052926E-01     2.64302024E-01     1.20486925E-02
    3.16000000E+03     2.11225000E+03     4.19989195E+00     1.09000610E+00     2.58366000E-04     3.75466208E+06     3.80076967E+06     1.73893252E+05     2.67857253E-01     2.71146651E-01     1.24057447E-02
    3.16000000E+03     2.13725000E+03     4.24960069E+00     1.09000610E+00     2.58366000E-04     3.94261116E+06     3.99039395E+06     1.78791104E+05     2.74724386E-01     2.78054013E-01     1.24591173E-02
    3.16000000E+03     2.16225000E+03     4.29930942E+00     1.09000610E+00     2.58366000E-04     4.13715830E+06     4.18665560E+06     1.79270164E+05     2.81653360E-01     2.85023167E-01     1.22058820E-02
    3.16000000E+03     2.18725000E+03     4.34901818E+00     1.09000610E+00     2.58366000E-04     4.33844012E+06     4.38969163E+06     1.75215166E+05     2.88643665E-01     2.92053596E-01     1.16592033E-02
    3.16000000E+03     2.21225000E+03     4.39872692E+00     1.09000610E+00     2.58366000E-04     4.54659825E+06     4.59964464E+06     1.66757870E+05     2.95695071E-01     2.99145105E-01     1.08476002E-02
    3.16000000E+03     2.23725000E+03     4.44843568E+00     1.09000610E+00     2.58366000E-04     4.76177839E+06     4.81666073E+06     1.54279354E+05     3.02807532E-01     3.06297649E-01     9.81335350E-03
    3.16000000E+03     2.26225000E+03     4.49814442E+00     1.09000610E+00     2.58366000E-04     4.98412897E+06     5.04088901E+06     1.38397544E+05     3.09981084E-01     3.13511275E-01     8.61014990E-03
    3.16000000E+03     2.28725000E+03     4.54785316E+00     1.09000610E+00     2.58366000E-04     5.21380031E+06     5.27248056E+06     1.19940130E+05     3.17215794E-01     3.20786068E-01     7.30009470E-03
    3.16000000E+03     2.31225000E+03     4.59756190E+00     1.09000610E+00     2.58366000E-04     5.45094445E+06     5.51158806E+06     9.99040658E+04     3.24511734E-01     3.28122112E-01     5.95027070E-03
    3.16000000E+03     2.33725000E+03     4.64727065E+00     1.09000610E+00     2.58366000E-04     5.69571561E+06     5.75836632E+06     7.94035311E+04     3.31869016E-01     3.35519523E-01     4.62903480E-03
    3.16000000E+03     2.36225000E+03     4.69697940E+00     1.09000610E+00     2.58366000E-04     5.94827124E+06     6.01297367E+06     5.96094377E+04     3.39287844E-01     3.42978525E-01     3.40228330E-03
    3.16000000E+03     2.38725000E+03     4.74668815E+00     1.09000610E+00     2.58366000E-04     6.20877385E+06     6.27557325E+06     4.16836555E+04     3.46768605E-01     3.50499515E-01     2.32988430E-03
    3.16000000E+03     2.41225000E+03     4.79639690E+00     1.09000610E+00     2.58366000E-04     6.47739294E+06     6.54633546E+06     2.67121261E+04     3.54311960E-01     3.58083169E-01     1.46249860E-03
    3.16000000E+03     2.43725000E+03     4.84610564E+00     1.09000610E+00     2.58366000E-04     6.75430720E+06     6.82543958E+06     1.56406549E+04     3.61918926E-01     3.65730512E-01     8.38951400E-04
    3.16000000E+03     2.46225000E+03     4.89581438E+00     1.09000610E+00     2.58366000E-04     7.03970643E+06     7.11307640E+06     9.21751638E+03     3.69590949E-01     3.73443006E-01     4.84309600E-04
    3.16000000E+03     2.48725000E+03     4.94552312E+00     1.09000610E+00     2.58366000E-04     7.33379272E+06     7.40944865E+06     7.94633102E+03     3.77329909E-01     3.81222538E-01     4.08752800E-04
    3.16000000E+03     2.52475000E+03     5.02008625E+00     1.09000610E+00     2.58366000E-04     7.79283875E+06     7.87202212E+06     1.67579039E+04     3.89078111E-01     3.93031809E-01     8.33807000E-04
    3.16000000E+03     2.57475000E+03     5.11950375E+00     1.09000610E+00     2.58366000E-04     8.43591911E+06     8.51997277E+06     4.51256283E+04     4.04988786E-01     4.09024259E-01     2.16114300E-03
    3.16000000E+03     2.62475000E+03     5.21892122E+00     1.09000610E+00     2.58366000E-04     9.11790084E+06     9.20702801E+06     8.85954181E+04     4.21213542E-01     4.25331137E-01     4.08666530E-03
    3.16000000E+03     2.67475000E+03     5.31833873E+00     1.09000610E+00     2.58366000E-04     9.84065001E+06     9.93505470E+06     1.38563448E+05     4.37767175E-01     4.41967066E-01     6.15859820E-03
    3.16000000E+03     2.72475000E+03     5.41775622E+00     1.09000610E+00     2.58366000E-04     1.06057940E+07     1.07056788E+07     1.84744953E+05     4.54650850E-01     4.58932967E-01     7.91608990E-03
    3.16000000E+03     2.77475000E+03     5.51717370E+00     1.09000610E+00     2.58366000E-04     1.14145504E+07     1.15201149E+07     2.17442564E+05     4.71847354E-01     4.76211348E-01     8.98755750E-03
    3.16000000E+03     2.82475000E+03     5.61659120E+00     1.09000610E+00     2.58366000E-04     1.22676526E+07     1.23790938E+07     2.29727638E+05     4.89321322E-01     4.93766624E-01     9.16500520E-03
    3.16000000E+03     2.87475000E+03     5.71600870E+00     1.09000610E+00     2.58366000E-04     1.31654240E+07     1.32829381E+07     2.19010548E+05     5.07025331E-01     5.11551249E-01     8.43866440E-03
    3.16000000E+03     2.92475000E+03     5.81542617E+00     1.09000610E+00     2.58366000E-04     1.41080061E+07     1.42317924E+07     1.87606869E+05     5.24910602E-01     5.29516485E-01     6.98580640E-03
    3.16000000E+03     2.97475000E+03     5.91484368E+00     1.09000610E+00     2.58366000E-04     1.50956895E+07     1.52259546E+07     1.42149932E+05     5.42939406E-01     5.47624804E-01     5.11860040E-03
    3.16000000E+03     3.02475000E+03     6.01426117E+00     1.09000610E+00     2.58366000E-04     1.61292524E+07     1.62662153E+07     9.19965731E+04     5.61095323E-01     5.65860115E-01     3.20562780E-03
    3.16000000E+03     3.07475000E+03     6.11367865E+00     1.09000610E+00     2.58366000E-04     1.72101977E+07     1.73540912E+07     4.70371920E+04     5.79387968E-01     5.84232401E-01     1.58740670E-03
    3.16000000E+03     3.12475000E+03     6.21309615E+00     1.09000610E+00     2.58366000E-04     1.83407969E+07     1.84918684E+07     1.54746098E+04     5.97850426E-01     6.02775062E-01     5.06504800E-04
    3.16000000E+03     3.17475000E+03     6.31251365E+00     1.09000610E+00     2.58366000E-04     1.95239102E+07     1.96824187E+07     2.13185859E+03     6.16529860E-01     6.21535456E-01     6.76337000E-05
    3.16000000E+03     3.22475000E+03     6.41193113E+00     1.09000610E+00     2.58366000E-04     2.07626188E+07     2.09288291E+07     7.68958395E+03     6.35473925E-01     6.40561247E-01     2.34258700E-04
    3.16000000E+03     3.27475000E+03     6.51134863E+00     1.09000610E+00     2.58366000E-04     2.20597643E+07     2.22339417E+07     2.89860928E+04     6.54716833E-01     6.59886465E-01     8.58341400E-04
    3.16000000E+03     3.32475000E+03     6.61076612E+00     1.09000610E+00     2.58366000E-04     2.34175333E+07     2.35999374E+07     6.02160581E+04     6.74269137E-01     6.79521341E-01     1.73162220E-03
    3.16000000E+03     3.37475000E+03     6.71018360E+00     1.09000610E+00     2.58366000E-04     2.48372126E+07     2.50280944E+07     9.46251926E+04     6.94114231E-01     6.99448895E-01     2.64248560E-03
    3.16000000E+03     3.42475000E+03     6.80960110E+00     1.09000610E+00     2.58366000E-04     2.63191974E+07     2.65187990E+07     1.26188682E+05     7.14212419E-01     7.19629095E-01     3.42291480E-03
    3.16000000E+03     3.47475000E+03     6.90901860E+00     1.09000610E+00     2.58366000E-04     2.78632592E+07     2.80718169E+07     1.50810189E+05     7.34511353E-01     7.40009374E-01     3.97479990E-03
    3.16000000E+03     3.52475000E+03     7.00843608E+00     1.09000610E+00     2.58366000E-04     2.94689947E+07     2.96867445E+07     1.66761442E+05     7.54959454E-01     7.60538101E-01     4.27208330E-03
    3.16000000E+03     3.57475000E+03     7.10785358E+00     1.09000610E+00     2.58366000E-04     3.11363199E+07     3.13635034E+07     1.74334780E+05     7.75518334E-01     7.81177001E-01     4.34252200E-03
    3.16000000E+03     3.62475000E+03     7.20727108E+00     1.09000610E+00     2.58366000E-04     3.28658585E+07     3.31027297E+07     1.74926022E+05     7.96170607E-01     8.01908938E-01     4.23821280E-03
    3.16000000E+03     3.67475000E+03     7.30668856E+00     1.09000610E+00     2.58366000E-04     3.46591112E+07     3.49059389E+07     1.69936947E+05     8.16921190E-01     8.22739117E-01     4.00632190E-03
    3.16000000E+03     3.72475000E+03     7.40610605E+00     1.09000610E+00     2.58366000E-04     3.65183623E+07     3.67754316E+07     1.59945232E+05     8.37792268E-01     8.43690015E-01     3.67048090E-03
    3.16000000E+03     3.77475000E+03     7.50552355E+00     1.09000610E+00     2.58366000E-04     3.84463715E+07     3.87139795E+07     1.44510077E+05     8.58814120E-01     8.64792089E-01     3.22933620E-03
    3.16000000E+03     3.82475000E+03     7.60494103E+00     1.09000610E+00     2.58366000E-04     4.04459584E+07     4.07244120E+07     1.22766985E+05     8.80014964E-01     8.86073647E-01     2.67262040E-03
    3.16000000E+03     3.87475000E+03     7.70435852E+00     1.09000610E+00     2.58366000E-04     4.25196210E+07     4.28092314E+07     9.46588869E+04     9.01413019E-01     9.07552881E-01     2.00838380E-03
    3.16000000E+03     3.92475000E+03     7.80377603E+00     1.09000610E+00     2.58366000E-04     4.46692999E+07     4.49703782E+07     6.23476087E+04     9.23012785E-01     9.29234177E-01     1.28988740E-03
    3.16000000E+03     3.97475000E+03     7.90319351E+00     1.09000610E+00     2.58366000E-04     4.68963405E+07     4.72091947E+07     3.11742683E+04     9.44805949E-01     9.51109059E-01     6.29311800E-04
    3.16000000E+03     4.02475000E+03     8.00261100E+00     1.09000610E+00     2.58366000E-04     4.92016298E+07     4.95265654E+07     9.58750801E+03     9.66775628E-01     9.73160503E-01     1.88960300E-04
    3.16000000E+03     4.07475000E+03     8.10202850E+00     1.09000610E+00     2.58366000E-04     5.15858283E+07     5.19231470E+07     7.74458553E+03     9.88901880E-01     9.95368417E-01     1.48039100E-04
    3.16000000E+03     4.12475000E+03     8.20144598E+00     1.09000610E+00     2.58366000E-04     5.40495907E+07     5.43995924E+07     3.49305013E+04     1.01116627E+00     1.01771427E+00     6.51886700E-04
    3.16000000E+03     4.17475000E+03     8.30086347E+00     1.09000610E+00     2.58366000E-04     5.65936943E+07     5.69566789E+07     9.63888870E+04     1.03355406E+00     1.04018327E+00     1.75760980E-03
    3.16000000E+03     4.22475000E+03     8.40028097E+00     1.09000610E+00     2.58366000E-04     5.92190513E+07     5.95953190E+07     1.90474917E+05     1.05605411E+00     1.06276423E+00     3.39324490E-03
    3.16000000E+03     4.27475000E+03     8.49969846E+00     1.09000610E+00     2.58366000E-04     6.19266319E+07     6.23164851E+07     3.07121856E+05     1.07865709E+00     1.08544780E+00     5.34583420E-03
    3.16000000E+03     4.32475000E+03     8.59911595E+00     1.09000610E+00     2.58366000E-04     6.47173799E+07     6.51211252E+07     4.28408221E+05     1.10135395E+00     1.10822497E+00     7.28739990E-03
    3.16000000E+03     4.37475000E+03     8.69853345E+00     1.09000610E+00     2.58366000E-04     6.75921886E+07     6.80101396E+07     5.31531395E+05     1.12413540E+00     1.13108652E+00     8.83795970E-03
    3.16000000E+03     4.42475000E+03     8.79795094E+00     1.09000610E+00     2.58366000E-04     7.05519820E+07     7.09844611E+07     5.93820913E+05     1.14699339E+00     1.15402450E+00     9.65367560E-03
    3.16000000E+03     4.47475000E+03     8.89736842E+00     1.09000610E+00     2.58366000E-04     7.35978733E+07     7.40452142E+07     5.98738311E+05     1.16992341E+00     1.17703453E+00     9.51917010E-03
    3.16000000E+03     4.52475000E+03     8.99678592E+00     1.09000610E+00     2.58366000E-04     7.67313315E+07     7.71938818E+07     5.41330580E+05     1.19292683E+00     1.20011811E+00     8.41908740E-03
    3.16000000E+03     4.57475000E+03     9.09620341E+00     1.09000610E+00     2.58366000E-04     7.99542728E+07     8.04323933E+07     4.31524756E+05     1.21601154E+00     1.22328330E+00     6.56706280E-03
    3.16000000E+03     4.62475000E+03     9.19562090E+00     1.09000610E+00     2.58366000E-04     8.32689909E+07     8.37630534E+07     2.94034021E+05     1.23919028E+00     1.24654290E+00     4.37983970E-03
    3.16000000E+03     4.67475000E+03     9.29503840E+00     1.09000610E+00     2.58366000E-04     8.66779226E+07     8.71883044E+07     1.64413587E+05     1.26247671E+00     1.26991060E+00     2.39781680E-03
    3.16000000E+03     4.72475000E+03     9.39445589E+00     1.09000610E+00     2.58366000E-04     9.01832874E+07     9.07103664E+07     8.17609472E+04     1.28588012E+00     1.29339559E+00     1.16706800E-03
    3.16000000E+03     4.77475000E+03     9.49387337E+00     1.09000610E+00     2.58366000E-04     9.37867177E+07     9.43308659E+07     7.94802764E+04     1.30940068E+00     1.31699789E+00     1.10862770E-03
    3.16000000E+03     4.82475000E+03     9.59329087E+00     1.09000610E+00     2.58366000E-04     9.74890079E+07     9.80505879E+07     1.76211727E+05     1.33302695E+00     1.34070587E+00     2.40612760E-03
    3.16000000E+03     4.87475000E+03     9.69270836E+00     1.09000610E+00     2.58366000E-04     1.01290089E+08     1.01869452E+08     3.69279256E+05     1.35673669E+00     1.36449711E+00     4.94127520E-03
    3.16000000E+03     4.92475000E+03     9.79212585E+00     1.09000610E+00     2.58366000E-04     1.05189271E+08     1.05786761E+08     6.32694623E+05     1.38050122E+00     1.38834275E+00     8.29765420E-03
    3.16000000E+03     4.97475000E+03     9.89154335E+00     1.09000610E+00     2.58366000E-04     1.09185697E+08     1.09801655E+08     9.20830727E+05     1.40429181E+00     1.41221405E+00     1.18379012E-02
    3.16000000E+03     5.00000000E+03     9.94174920E+00     1.09000610E+00     2.58366000E-04     1.11236630E+08     1.11862030E+08     1.06051970E+06     1.41630880E+00     1.42427160E+00     1.35029560E-02
