    3.16000000E+03     5.00000000E-01     9.94174900E-04     3.46822090E+00     2.14234850E+00     0.00000000E+00     4.49275200E-04     0.00000000E+00     0.00000000E+00     5.72034900E-04     0.00000000E+00
    3.16000000E+03     1.00000000E+00     1.98834980E-03     3.46822090E+00     2.14234850E+00     1.00000000E-10     3.59425200E-03     2.00000000E-10     0.00000000E+00     1.14408590E-03     1.00000000E-10
    3.16000000E+03     1.50000000E+00     2.98252480E-03     3.46822090E+00     2.14234850E+00     1.30000000E-09     1.21308870E-02     1.90000000E-09     2.00000000E-10     1.71616940E-03     3.00000000E-10
    3.16000000E+03     2.00000000E+00     3.97669970E-03     3.46822090E+00     2.14234850E+00     7.10000000E-09     2.87556480E-02     1.06000000E-08     6.00000000E-10     2.28830170E-03     8.00000000E-10
    3.16000000E+03     2.50000000E+00     4.97087460E-03     3.46822090E+00     2.14234850E+00     2.71000000E-08     5.61657700E-02     4.06000000E-08     1.40000000E-09     2.86049910E-03     2.10000000E-09
    3.16000000E+03     3.00000000E+00     5.96504950E-03     3.46822090E+00     2.14234850E+00     8.08000000E-08     9.70595200E-02     1.21200000E-07     2.90000000E-09     3.43277820E-03     4.30000000E-09
    3.16000000E+03     3.50000000E+00     6.95922440E-03     3.46822090E+00     2.14234850E+00     2.03700000E-07     1.54136440E-01     3.05600000E-07     5.30000000E-09     4.00515520E-03     7.90000000E-09
    3.16000000E+03     4.00000000E+00     7.95339930E-03     3.46822090E+00     2.14234850E+00     4.53900000E-07     2.30097610E-01     6.80900000E-07     9.00000000E-09     4.57764640E-03     1.35000000E-08
    3.16000000E+03     4.50000000E+00     8.94757430E-03     3.46822090E+00     2.14234850E+00     9.20300000E-07     3.27645960E-01     1.38040000E-06     1.45000000E-08     5.15026890E-03     2.17000000E-08
    3.16000000E+03     5.00000000E+00     9.94174920E-03     3.46822090E+00     2.14234850E+00     1.73170000E-06     4.49486470E-01     2.59740000E-06     2.20000000E-08     5.72303930E-03     3.31000000E-08
    3.16000000E+03     5.50000000E+00     1.09359240E-02     3.46822090E+00     2.14234850E+00     3.06790000E-06     5.98326420E-01     4.60150000E-06     3.23000000E-08     6.29597390E-03     4.84000000E-08
    3.16000000E+03     6.00000000E+00     1.19300990E-02     3.46822090E+00     2.14234850E+00     5.17120000E-06     7.76875710E-01     7.75590000E-06     4.57000000E-08     6.86908920E-03     6.86000000E-08
    3.16000000E+03     6.50000000E+00     1.29242740E-02     3.46822090E+00     2.14234850E+00     8.35940000E-06     9.87847180E-01     1.25374000E-05     6.30000000E-08     7.44240270E-03     9.45000000E-08
    3.16000000E+03     7.00000000E+00     1.39184490E-02     3.46822090E+00     2.14234850E+00     1.30405000E-05     1.23395680E+00     1.95577000E-05     8.47000000E-08     8.01593150E-03     1.27000000E-07
    3.16000000E+03     7.50000000E+00     1.49126240E-02     3.46822090E+00     2.14234850E+00     1.97281000E-05     1.51792370E+00     2.95869000E-05     1.11600000E-07     8.58969110E-03     1.67400000E-07
    3.16000000E+03     8.00000000E+00     1.59067990E-02     3.46822090E+00     2.14234850E+00     2.90584000E-05     1.84247110E+00     4.35788000E-05     1.44500000E-07     9.16369930E-03     2.16700000E-07
    3.16000000E+03     8.50000000E+00     1.69009740E-02     3.46822090E+00     2.14234850E+00     4.18081000E-05     2.21032580E+00     6.26978000E-05     1.84200000E-07     9.73797300E-03     2.76200000E-07
    3.16000000E+03     9.00000000E+00     1.78951490E-02     3.46822090E+00     2.14234850E+00     5.89139000E-05     2.62421920E+00     8.83482000E-05     2.31500000E-07     1.03125300E-02     3.47200000E-07
    3.16000000E+03     9.50000000E+00     1.88893230E-02     3.46822090E+00     2.14234850E+00     8.14931000E-05     3.08688690E+00     1.22204900E-04     2.87400000E-07     1.08873860E-02     4.31000000E-07
    3.16000000E+03     1.00000000E+01     1.98834980E-02     3.46822090E+00     2.14234850E+00     1.10865600E-04     3.60106910E+00     1.66245900E-04     3.52900000E-07     1.14625590E-02     5.29200000E-07
    3.16000000E+03     1.05000000E+01     2.08776730E-02     3.46822090E+00     2.14234850E+00     1.48576800E-04     4.16951170E+00     2.22787700E-04     4.29000000E-07     1.20380660E-02     6.43200000E-07
    3.16000000E+03     1.10000000E+01     2.18718480E-02     3.46822090E+00     2.14234850E+00     1.96422300E-04     4.79496560E+00     2.94520900E-04     5.16700000E-07     1.26139250E-02     7.74800000E-07
    3.16000000E+03     1.15000000E+01     2.28660230E-02     3.46822090E+00     2.14234850E+00     2.56473100E-04     5.48018670E+00     3.84549200E-04     6.17300000E-07     1.31901520E-02     9.25600000E-07
    3.16000000E+03     1.20000000E+01     2.38601980E-02     3.46822090E+00     2.14234850E+00     3.31103200E-04     6.22793820E+00     4.96429300E-04     7.31900000E-07     1.37667650E-02     1.09730000E-06
    3.16000000E+03     1.25000000E+01     2.48543730E-02     3.46822090E+00     2.14234850E+00     4.23017200E-04     7.04098780E+00     6.34213200E-04     8.61800000E-07     1.43437820E-02     1.29200000E-06
    3.16000000E+03     1.30000000E+01     2.58485480E-02     3.46822090E+00     2.14234850E+00     5.35280000E-04     7.92211180E+00     8.02492200E-04     1.00820000E-06     1.49212220E-02     1.51150000E-06
    3.16000000E+03     1.35000000E+01     2.68427230E-02     3.46822090E+00     2.14234850E+00     6.71347400E-04     8.87409050E+00     1.00644260E-03     1.17250000E-06     1.54990980E-02     1.75780000E-06
    3.16000000E+03     1.40000000E+01     2.78368980E-02     3.46822090E+00     2.14234850E+00     8.35098400E-04     9.89971380E+00     1.25187370E-03     1.35620000E-06     1.60774320E-02     2.03310000E-06
    3.16000000E+03     1.45000000E+01     2.88310730E-02     3.46822090E+00     2.14234850E+00     1.03086800E-03     1.10017780E+01     1.54527740E-03     1.56070000E-06     1.66562400E-02     2.33950000E-06
    3.16000000E+03     1.50000000E+01     2.98252480E-02     3.46822090E+00     2.14234850E+00     1.26348200E-03     1.21830850E+01     1.89387930E-03     1.78750000E-06     1.72355390E-02     2.67930000E-06
    3.16000000E+03     1.55000000E+01     3.08194220E-02     3.46822090E+00     2.14234850E+00     1.53829290E-03     1.34464480E+01     2.30569250E-03     2.03810000E-06     1.78153470E-02     3.05480000E-06
    3.16000000E+03     1.60000000E+01     3.18135970E-02     3.46822090E+00     2.14234850E+00     1.86121710E-03     1.47946870E+01     2.78957390E-03     2.31420000E-06     1.83956840E-02     3.46860000E-06
    3.16000000E+03     1.65000000E+01     3.28077720E-02     3.46822090E+00     2.14234850E+00     2.23877240E-03     1.62306300E+01     3.35527850E-03     2.61750000E-06     1.89765660E-02     3.92290000E-06
    3.16000000E+03     1.70000000E+01     3.38019470E-02     3.46822090E+00     2.14234850E+00     2.67811910E-03     1.77571160E+01     4.01352190E-03     2.94970000E-06     1.95580120E-02     4.42060000E-06
    3.16000000E+03     1.75000000E+01     3.47961220E-02     3.46822090E+00     2.14234850E+00     3.18709920E-03     1.93769890E+01     4.77603790E-03     3.31260000E-06     2.01400390E-02     4.96410000E-06
    3.16000000E+03     1.80000000E+01     3.57902970E-02     3.46822090E+00     2.14234850E+00     3.77428020E-03     2.10931050E+01     5.65564410E-03     3.70800000E-06     2.07226650E-02     5.55630000E-06
    3.16000000E+03     1.85000000E+01     3.67844720E-02     3.46822090E+00     2.14234850E+00     4.44899820E-03     2.29083310E+01     6.66630600E-03     4.13780000E-06     2.13059110E-02     6.20000000E-06
    3.16000000E+03     1.90000000E+01     3.77786470E-02     3.46822090E+00     2.14234850E+00     5.22140150E-03     2.48255410E+01     7.82320120E-03     4.60390000E-06     2.18897920E-02     6.89810000E-06
    3.16000000E+03     1.95000000E+01     3.87728220E-02     3.46822090E+00     2.14234850E+00     6.10249800E-03     2.68476220E+01     9.14279070E-03     5.10840000E-06     2.24743280E-02     7.65350000E-06
    3.16000000E+03     2.00000000E+01     3.97669970E-02     3.46822090E+00     2.14234850E+00     7.10420270E-03     2.89774690E+01     1.06428890E-02     5.65330000E-06     2.30595370E-02     8.46930000E-06
    3.16000000E+03     2.05000000E+01     4.07611720E-02     3.46822090E+00     2.14234850E+00     8.23938440E-03     3.12179890E+01     1.23427330E-02     6.24080000E-06     2.36454360E-02     9.34880000E-06
    3.16000000E+03     2.10000000E+01     4.17553470E-02     3.46822090E+00     2.14234850E+00     9.52191970E-03     3.35721030E+01     1.42630620E-02     6.87280000E-06     2.42320450E-02     1.02950000E-05
    3.16000000E+03     2.15000000E+01     4.27495210E-02     3.46822090E+00     2.14234850E+00     1.09667420E-02     3.60427420E+01     1.64261920E-02     7.55180000E-06     2.48193850E-02     1.13112000E-05
    3.16000000E+03     2.20000000E+01     4.37436960E-02     3.46822090E+00     2.14234850E+00     1.25898880E-02     3.86328440E+01     1.88560830E-02     8.27990000E-06     2.54074710E-02     1.24010000E-05
    3.16000000E+03     2.25000000E+01     4.47378710E-02     3.46822090E+00     2.14234850E+00     1.44085640E-02     4.13453650E+01     2.15784370E-02     9.05950000E-06     2.59963220E-02     1.35677000E-05
    3.16000000E+03     2.30000000E+01     4.57320460E-02     3.46822090E+00     2.14234850E+00     1.64411920E-02     4.41832720E+01     2.46207670E-02     9.89300000E-06     2.65859580E-02     1.48148000E-05
    3.16000000E+03     2.35000000E+01     4.67262210E-02     3.46822090E+00     2.14234850E+00     1.87074700E-02     4.71495450E+01     2.80124860E-02     1.07827000E-05     2.71763980E-02     1.61460000E-05
    3.16000000E+03     2.40000000E+01     4.77203960E-02     3.46822090E+00     2.14234850E+00     2.12284280E-02     5.02471780E+01     3.17849910E-02     1.17313000E-05     2.77676610E-02     1.75651000E-05
    3.16000000E+03     2.45000000E+01     4.87145710E-02     3.46822090E+00     2.14234850E+00     2.40264830E-02     5.34791710E+01     3.59717400E-02     1.27411000E-05     2.83597640E-02     1.90757000E-05
    3.16000000E+03     2.50000000E+01     4.97087460E-02     3.46822090E+00     2.14234850E+00     2.71255160E-02     5.68485520E+01     4.06083710E-02     1.38149000E-05     2.89527290E-02     2.06817000E-05
    3.16000000E+03     2.55000000E+01     5.07029210E-02     3.46822090E+00     2.14234850E+00     3.05509140E-02     6.03583530E+01     4.57327580E-02     1.49553000E-05     2.95465740E-02     2.23871000E-05
    3.16000000E+03     2.60000000E+01     5.16970960E-02     3.46822090E+00     2.14234850E+00     3.43296340E-02     6.40116160E+01     5.13851150E-02     1.61649000E-05     3.01413160E-02     2.41958000E-05
    3.16000000E+03     2.65000000E+01     5.26912710E-02     3.46822090E+00     2.14234850E+00     3.84902960E-02     6.78114150E+01     5.76081210E-02     1.74466000E-05     3.07369790E-02     2.61121000E-05
    3.16000000E+03     2.70000000E+01     5.36854460E-02     3.46822090E+00     2.14234850E+00     4.30632020E-02     7.17608160E+01     6.44469550E-02     1.88031000E-05     3.13335760E-02     2.81401000E-05
    3.16000000E+03     2.75000000E+01     5.46796200E-02     3.46822090E+00     2.14234850E+00     4.80804610E-02     7.58629310E+01     7.19494820E-02     2.02373000E-05     3.19311340E-02     3.02839000E-05
    3.16000000E+03     2.80000000E+01     5.56737950E-02     3.46822090E+00     2.14234850E+00     5.35759810E-02     8.01208470E+01     8.01662320E-02     2.17523000E-05     3.25296650E-02     3.25481000E-05
    3.16000000E+03     2.85000000E+01     5.66679700E-02     3.46822090E+00     2.14234850E+00     5.95856290E-02     8.45377070E+01     8.91506460E-02     2.33508000E-05     3.31291930E-02     3.49369000E-05
    3.16000000E+03     2.90000000E+01     5.76621450E-02     3.46822090E+00     2.14234850E+00     6.61472290E-02     8.91166480E+01     9.89590650E-02     2.50360000E-05     3.37297380E-02     3.74550000E-05
    3.16000000E+03     2.95000000E+01     5.86563200E-02     3.46822090E+00     2.14234850E+00     7.33006760E-02     9.38608320E+01     1.09650900E-01     2.68111000E-05     3.43313180E-02     4.01068000E-05
    3.16000000E+03     3.00000000E+01     5.96504950E-02     3.46822090E+00     2.14234850E+00     8.10879840E-02     9.87734320E+01     1.21288700E-01     2.86790000E-05     3.49339540E-02     4.28971000E-05
    3.16000000E+03     3.05000000E+01     6.06446700E-02     3.46822090E+00     2.14234850E+00     8.95533660E-02     1.03857630E+02     1.33938280E-01     3.06431000E-05     3.55376630E-02     4.58306000E-05
    3.16000000E+03     3.10000000E+01     6.16388450E-02     3.46822090E+00     2.14234850E+00     9.87433640E-02     1.09116670E+02     1.47668900E-01     3.27065000E-05     3.61424700E-02     4.89120000E-05
    3.16000000E+03     3.15000000E+01     6.26330200E-02     3.46822090E+00     2.14234850E+00     1.08706820E-01     1.14553750E+02     1.62553210E-01     3.48727000E-05     3.67483910E-02     5.21464000E-05
    3.16000000E+03     3.20000000E+01     6.36271950E-02     3.46822090E+00     2.14234850E+00     1.19495050E-01     1.20172130E+02     1.78667530E-01     3.71450000E-05     3.73554450E-02     5.55387000E-05
    3.16000000E+03     3.25000000E+01     6.46213700E-02     3.46822090E+00     2.14234850E+00     1.31161900E-01     1.25975080E+02     1.96091930E-01     3.95267000E-05     3.79636560E-02     5.90940000E-05
    3.16000000E+03     3.30000000E+01     6.56155450E-02     3.46822090E+00     2.14234850E+00     1.43763790E-01     1.31965880E+02     2.14910290E-01     4.20215000E-05     3.85730430E-02     6.28173000E-05
    3.16000000E+03     3.35000000E+01     6.66097200E-02     3.46822090E+00     2.14234850E+00     1.57359860E-01     1.38147850E+02     2.35210470E-01     4.46328000E-05     3.91836260E-02     6.67140000E-05
    3.16000000E+03     3.40000000E+01     6.76038940E-02     3.46822090E+00     2.14234850E+00     1.72011990E-01     1.44524300E+02     2.57084420E-01     4.73643000E-05     3.97954250E-02     7.07894000E-05
    3.16000000E+03     3.45000000E+01     6.85980690E-02     3.46822090E+00     2.14234850E+00     1.87784960E-01     1.51098580E+02     2.80628330E-01     5.02195000E-05     4.04084610E-02     7.50487000E-05
    3.16000000E+03     3.50000000E+01     6.95922440E-02     3.46822090E+00     2.14234850E+00     2.04746440E-01     1.57874060E+02     3.05942690E-01     5.32023000E-05     4.10227530E-02     7.94976000E-05
    3.16000000E+03     3.55000000E+01     7.05864190E-02     3.46822090E+00     2.14234850E+00     2.22967190E-01     1.64854130E+02     3.33132520E-01     5.63163000E-05     4.16383240E-02     8.41415000E-05
    3.16000000E+03     3.60000000E+01     7.15805940E-02     3.46822090E+00     2.14234850E+00     2.42521060E-01     1.72042200E+02     3.62307430E-01     5.95655000E-05     4.22551930E-02     8.89861000E-05
    3.16000000E+03     3.65000000E+01     7.25747690E-02     3.46822090E+00     2.14234850E+00     2.63485130E-01     1.79441690E+02     3.93581740E-01     6.29536000E-05     4.28733800E-02     9.40371000E-05
    3.16000000E+03     3.70000000E+01     7.35689440E-02     3.46822090E+00     2.14234850E+00     2.85939820E-01     1.87056060E+02     4.27074720E-01     6.64846000E-05     4.34929090E-02     9.93003000E-05
    3.16000000E+03     3.75000000E+01     7.45631190E-02     3.46822090E+00     2.14234850E+00     3.09968940E-01     1.94888810E+02     4.62910620E-01     7.01626000E-05     4.41138010E-02     1.04781500E-04
    3.16000000E+03     3.80000000E+01     7.55572940E-02     3.46822090E+00     2.14234850E+00     3.35659730E-01     2.02943400E+02     5.01218740E-01     7.39916000E-05     4.47360720E-02     1.10486800E-04
    3.16000000E+03     3.85000000E+01     7.65514690E-02     3.46822090E+00     2.14234850E+00     3.63103200E-01     2.11223380E+02     5.42133920E-01     7.79756000E-05     4.53597490E-02     1.16422000E-04
    3.16000000E+03     3.90000000E+01     7.75456440E-02     3.46822090E+00     2.14234850E+00     3.92393870E-01     2.19732280E+02     5.85796140E-01     8.21189000E-05     4.59848490E-02     1.22593500E-04
    3.16000000E+03     3.95000000E+01     7.85398190E-02     3.46822090E+00     2.14234850E+00     4.23630160E-01     2.28473680E+02     6.32351140E-01     8.64257000E-05     4.66113950E-02     1.29007300E-04
    3.16000000E+03     4.00000000E+01     7.95339930E-02     3.46822090E+00     2.14234850E+00     4.56914420E-01     2.37451170E+02     6.81950380E-01     9.09002000E-05     4.72394070E-02     1.35669700E-04
    3.16000000E+03     4.05000000E+01     8.05281680E-02     3.46822090E+00     2.14234850E+00     4.92352990E-01     2.46668380E+02     7.34751250E-01     9.55469000E-05     4.78689110E-02     1.42587200E-04
    3.16000000E+03     4.10000000E+01     8.15223430E-02     3.46822090E+00     2.14234850E+00     5.30056260E-01     2.56128940E+02     7.90917000E-01     1.00370100E-04     4.84999240E-02     1.49766000E-04
    3.16000000E+03     4.15000000E+01     8.25165180E-02     3.46822090E+00     2.14234850E+00     5.70138830E-01     2.65836520E+02     8.50617110E-01     1.05374300E-04     4.91324660E-02     1.57212800E-04
    3.16000000E+03     4.20000000E+01     8.35106930E-02     3.46822090E+00     2.14234850E+00     6.12719810E-01     2.75794830E+02     9.14027610E-01     1.10563900E-04     4.97665640E-02     1.64934200E-04
    3.16000000E+03     4.25000000E+01     8.45048680E-02     3.46822090E+00     2.14234850E+00     6.57922590E-01     2.86007600E+02     9.81330850E-01     1.15943700E-04     5.04022390E-02     1.72936900E-04
    3.16000000E+03     4.30000000E+01     8.54990430E-02     3.46822090E+00     2.14234850E+00     7.05875030E-01     2.96478550E+02     1.05271570E+00     1.21518100E-04     5.10395090E-02     1.81227600E-04
    3.16000000E+03     4.35000000E+01     8.64932180E-02     3.46822090E+00     2.14234850E+00     7.56709790E-01     3.07211470E+02     1.12837790E+00     1.27291900E-04     5.16783970E-02     1.89813100E-04
    3.16000000E+03     4.40000000E+01     8.74873930E-02     3.46822090E+00     2.14234850E+00     8.10564390E-01     3.18210190E+02     1.20852070E+00     1.33270000E-04     5.23189290E-02     1.98700400E-04
    3.16000000E+03     4.45000000E+01     8.84815680E-02     3.46822090E+00     2.14234850E+00     8.67580850E-01     3.29478480E+02     1.29335340E+00     1.39456900E-04     5.29611190E-02     2.07896600E-04
    3.16000000E+03     4.50000000E+01     8.94757430E-02     3.46822090E+00     2.14234850E+00     9.27906880E-01     3.41020290E+02     1.38309400E+00     1.45857700E-04     5.36050010E-02     2.17408600E-04
    3.16000000E+03     4.55000000E+01     9.04699180E-02     3.46822090E+00     2.14234850E+00     9.91694490E-01     3.52839430E+02     1.47796660E+00     1.52477300E-04     5.42505860E-02     2.27243800E-04
    3.16000000E+03     4.60000000E+01     9.14640920E-02     3.46822090E+00     2.14234850E+00     1.05910160E+00     3.64939870E+02     1.57820400E+00     1.59320700E-04     5.48979040E-02     2.37409200E-04
    3.16000000E+03     4.65000000E+01     9.24582670E-02     3.46822090E+00     2.14234850E+00     1.13029110E+00     3.77325510E+02     1.68404590E+00     1.66392800E-04     5.55469700E-02     2.47912300E-04
    3.16000000E+03     4.70000000E+01     9.34524420E-02     3.46822090E+00     2.14234850E+00     1.20543160E+00     3.90000390E+02     1.79574110E+00     1.73698900E-04     5.61978160E-02     2.58760600E-04
    3.16000000E+03     4.75000000E+01     9.44466170E-02     3.46822090E+00     2.14234850E+00     1.28469730E+00     4.02968480E+02     1.91354570E+00     1.81244000E-04     5.68504580E-02     2.69961400E-04
    3.16000000E+03     4.80000000E+01     9.54407920E-02     3.46822090E+00     2.14234850E+00     1.36826820E+00     4.16233850E+02     2.03772460E+00     1.89033500E-04     5.75049240E-02     2.81522500E-04
    3.16000000E+03     4.85000000E+01     9.64349670E-02     3.46822090E+00     2.14234850E+00     1.45632940E+00     4.29800500E+02     2.16855020E+00     1.97072600E-04     5.81612260E-02     2.93451400E-04
    3.16000000E+03     4.90000000E+01     9.74291420E-02     3.46822090E+00     2.14234850E+00     1.54907360E+00     4.43672640E+02     2.30630580E+00     2.05366700E-04     5.88194010E-02     3.05755900E-04
    3.16000000E+03     4.95000000E+01     9.84233170E-02     3.46822090E+00     2.14234850E+00     1.64669800E+00     4.57854320E+02     2.45128120E+00     2.13921100E-04     5.94794630E-02     3.18443800E-04
    3.16000000E+03     5.10000000E+01     1.01405842E-01     3.46822090E+00     2.14234850E+00     1.97666478E+00     5.02625142E+02     2.94105322E+00     2.41484400E-04     6.14731984E-02     3.59303600E-04
    3.16000000E+03     5.35000000E+01     1.06376718E-01     3.46822090E+00     2.14234850E+00     2.63622630E+00     5.83308140E+02     3.91927352E+00     2.92711500E-04     6.48328688E-02     4.35176400E-04
    3.16000000E+03     5.60000000E+01     1.11347592E-01     3.46822090E+00     2.14234850E+00     3.47034604E+00     6.72701970E+02     5.15505426E+00     3.51739300E-04     6.82450624E-02     5.22497200E-04
    3.16000000E+03     5.85000000E+01     1.16318468E-01     3.46822090E+00     2.14234850E+00     4.51438420E+00     7.71376632E+02     6.70009968E+00     4.19336800E-04     7.17127992E-02     6.22369600E-04
    3.16000000E+03     6.10000000E+01     1.21289340E-01     3.46822090E+00     2.14234850E+00     5.80888986E+00     8.79926608E+02     8.61356754E+00     4.96312700E-04     7.52391636E-02     7.35949400E-04
    3.16000000E+03     6.35000000E+01     1.26260212E-01     3.46822090E+00     2.14234850E+00     7.40010182E+00     9.98972192E+02     1.09627590E+01     5.83515800E-04     7.88272940E-02     8.64445100E-04
    3.16000000E+03     6.60000000E+01     1.31231088E-01     3.46822090E+00     2.14234850E+00     9.34048134E+00     1.12916130E+03     1.38238476E+01     6.81835700E-04     8.24804014E-02     1.00911820E-03
    3.16000000E+03     6.85000000E+01     1.36201962E-01     3.46822090E+00     2.14234850E+00     1.16892694E+01     1.27117086E+03     1.72826372E+01     7.92203300E-04     8.62017594E-02     1.17128320E-03
    3.16000000E+03     7.10000000E+01     1.41172838E-01     3.46822090E+00     2.14234850E+00     1.45130720E+01     1.42570848E+03     2.14353538E+01     9.15591800E-04     8.99947078E-02     1.35230850E-03
    3.16000000E+03     7.35000000E+01     1.46143712E-01     3.46822090E+00     2.14234850E+00     1.78864834E+01     1.59351436E+03     2.63894790E+01     1.05301700E-03     9.38626646E-02     1.55361650E-03
    3.16000000E+03     7.60000000E+01     1.51114588E-01     3.46822090E+00     2.14234850E+00     2.18927214E+01     1.77536266E+03     3.22645994E+01     1.20553840E-03     9.78091012E-02     1.77668380E-03
    3.16000000E+03     7.85000000E+01     1.56085462E-01     3.46822090E+00     2.14234850E+00     2.66243196E+01     1.97206370E+03     3.91933236E+01     1.37425990E-03     1.01837576E-01     2.02304240E-03
    3.16000000E+03     8.10000000E+01     1.61056338E-01     3.46822090E+00     2.14234850E+00     3.21838252E+01     2.18446536E+03     4.73221972E+01     1.56033030E-03     1.05951714E-01     2.29427950E-03
    3.16000000E+03     8.35000000E+01     1.66027212E-01     3.46822090E+00     2.14234850E+00     3.86845524E+01     2.41345542E+03     5.68126930E+01     1.76494470E-03     1.10155212E-01     2.59203830E-03
    3.16000000E+03     8.60000000E+01     1.70998088E-01     3.46822090E+00     2.14234850E+00     4.62513524E+01     2.65996322E+03     6.78422044E+01     1.98934480E-03     1.14451854E-01     2.91801870E-03
    3.16000000E+03     8.85000000E+01     1.75968962E-01     3.46822090E+00     2.14234850E+00     5.50214304E+01     2.92496180E+03     8.06051080E+01     2.23482000E-03     1.18845480E-01     3.27397780E-03
    3.16000000E+03     9.10000000E+01     1.80939836E-01     3.46822090E+00     2.14234850E+00     6.51451924E+01     3.20946982E+03     9.53138430E+01     2.50270880E-03     1.23340030E-01     3.66173070E-03
    3.16000000E+03     9.35000000E+01     1.85910708E-01     3.46822090E+00     2.14234850E+00     7.67871348E+01     3.51455392E+03     1.12200050E+02     2.79439900E-03     1.27939514E-01     4.08315120E-03
    3.16000000E+03     9.60000000E+01     1.90881582E-01     3.46822090E+00     2.14234850E+00     9.01267478E+01     3.84133030E+03     1.31515716E+02     3.11132870E-03     1.32648016E-01     4.54017180E-03
    3.16000000E+03     9.85000000E+01     1.95852458E-01     3.46822090E+00     2.14234850E+00     1.05359507E+02     4.19096778E+03     1.53534426E+02     3.45498810E-03     1.37469704E-01     5.03478600E-03
    3.16000000E+03     1.01000000E+02     2.00823332E-01     3.46822090E+00     2.14234850E+00     1.22697880E+02     4.56468978E+03     1.78552630E+02     3.82692040E-03     1.42408850E-01     5.56904900E-03
    3.16000000E+03     1.03500000E+02     2.05794208E-01     3.46822090E+00     2.14234850E+00     1.42372320E+02     4.96377604E+03     2.06890886E+02     4.22872190E-03     1.47469776E-01     6.14507680E-03
    3.16000000E+03     1.06000000E+02     2.10765082E-01     3.46822090E+00     2.14234850E+00     1.64632408E+02     5.38956570E+03     2.38895272E+02     4.66204400E-03     1.52656906E-01     6.76504930E-03
    3.16000000E+03     1.08500000E+02     2.15735958E-01     3.46822090E+00     2.14234850E+00     1.89747966E+02     5.84345946E+03     2.74938764E+02     5.12859420E-03     1.57974746E-01     7.43121010E-03
    3.16000000E+03     1.11000000E+02     2.20706832E-01     3.46822090E+00     2.14234850E+00     2.18010216E+02     6.32692214E+03     3.15422704E+02     5.63013700E-03     1.63427880E-01     8.14586860E-03
    3.16000000E+03     1.13500000E+02     2.25677708E-01     3.46822090E+00     2.14234850E+00     2.49733044E+02     6.84148534E+03     3.60778306E+02     6.16849600E-03     1.69020992E-01     8.91140110E-03
    3.16000000E+03     1.16000000E+02     2.30648582E-01     3.46822090E+00     2.14234850E+00     2.85254250E+02     7.38874976E+03     4.11468224E+02     6.74555370E-03     1.74758842E-01     9.73025170E-03
    3.16000000E+03     1.18500000E+02     2.35619458E-01     3.46822090E+00     2.14234850E+00     3.24936798E+02     7.97038734E+03     4.67988084E+02     7.36325290E-03     1.80646264E-01     1.06049318E-02
    3.16000000E+03     1.21000000E+02     2.40590332E-01     3.46822090E+00     2.14234850E+00     3.69170376E+02     8.58814592E+03     5.30868394E+02     8.02360090E-03     1.86688210E-01     1.15380282E-02
    3.16000000E+03     1.23500000E+02     2.45561202E-01     3.46822090E+00     2.14234850E+00     4.18372586E+02     9.24384910E+03     6.00675992E+02     8.72866580E-03     1.92889684E-01     1.25321952E-02
    3.16000000E+03     1.26000000E+02     2.50532078E-01     3.46822090E+00     2.14234850E+00     4.72990586E+02     9.93940110E+03     6.78016066E+02     9.48058220E-03     1.99255786E-01     1.35901640E-02
    3.16000000E+03     1.28500000E+02     2.55502952E-01     3.46822090E+00     2.14234850E+00     5.33502558E+02     1.06767890E+04     7.63533950E+02     1.02815501E-02     2.05791708E-01     1.47147408E-02
    3.16000000E+03     1.31000000E+02     2.60473828E-01     3.46822090E+00     2.14234850E+00     6.00419300E+02     1.14580854E+04     8.57917078E+02     1.11338374E-02     2.12502716E-01     1.59088098E-02
    3.16000000E+03     1.33500000E+02     2.65444702E-01     3.46822090E+00     2.14234850E+00     6.74285894E+02     1.22854506E+04     9.61897046E+02     1.20397810E-02     2.19394166E-01     1.71753354E-02
    3.16000000E+03     1.36000000E+02     2.70415578E-01     3.46822090E+00     2.14234850E+00     7.55683338E+02     1.31611368E+04     1.07625158E+03     1.30017880E-02     2.26471478E-01     1.85173624E-02
    3.16000000E+03     1.38500000E+02     2.75386452E-01     3.46822090E+00     2.14234850E+00     8.45230420E+02     1.40874902E+04     1.20180694E+03     1.40223372E-02     2.33740170E-01     1.99380214E-02
    3.16000000E+03     1.41000000E+02     2.80357328E-01     3.46822090E+00     2.14234850E+00     9.43585432E+02     1.50669544E+04     1.33943992E+03     1.51039804E-02     2.41205832E-01     2.14405274E-02
    3.16000000E+03     1.43500000E+02     2.85328202E-01     3.46822090E+00     2.14234850E+00     1.05144814E+03     1.61020718E+04     1.49008046E+03     1.62493452E-02     2.48874118E-01     2.30281864E-02
    3.16000000E+03     1.46000000E+02     2.90299078E-01     3.46822090E+00     2.14234850E+00     1.16956162E+03     1.71954888E+04     1.65471386E+03     1.74611338E-02     2.56750766E-01     2.47043944E-02
    3.16000000E+03     1.48500000E+02     2.95269952E-01     3.46822090E+00     2.14234850E+00     1.29871448E+03     1.83499558E+04     1.83438352E+03     1.87421274E-02     2.64841578E-01     2.64726418E-02
    3.16000000E+03     1.51000000E+02     3.00240828E-01     3.46822090E+00     2.14234850E+00     1.43974260E+03     1.95683320E+04     2.03019326E+03     2.00951838E-02     2.73152412E-01     2.83365144E-02
    3.16000000E+03     1.53500000E+02     3.05211698E-01     3.46822090E+00     2.14234850E+00     1.59353168E+03     2.08535898E+04     2.24331068E+03     2.15232450E-02     2.81689206E-01     3.02997012E-02
    3.16000000E+03     1.56000000E+02     3.10182572E-01     3.46822090E+00     2.14234850E+00     1.76101912E+03     2.22088120E+04     2.47496928E+03     2.30293306E-02     2.90457944E-01     3.23659908E-02
    3.16000000E+03     1.58500000E+02     3.15153448E-01     3.46822090E+00     2.14234850E+00     1.94319646E+03     2.36372012E+04     2.72647190E+03     2.46165470E-02     2.99464666E-01     3.45392796E-02
    3.16000000E+03     1.61000000E+02     3.20124322E-01     3.46822090E+00     2.14234850E+00     2.14111162E+03     2.51420770E+04     2.99919374E+03     2.62880830E-02     3.08715460E-01     3.68235722E-02
    3.16000000E+03     1.63500000E+02     3.25095198E-01     3.46822090E+00     2.14234850E+00     2.35587148E+03     2.67268820E+04     3.29458550E+03     2.80472150E-02     3.18216452E-01     3.92229880E-02
    3.16000000E+03     1.66000000E+02     3.30066072E-01     3.46822090E+00     2.14234850E+00     2.58864420E+03     2.83951822E+04     3.61417662E+03     2.98973048E-02     3.27973814E-01     4.17417602E-02
    3.16000000E+03     1.68500000E+02     3.35036948E-01     3.46822090E+00     2.14234850E+00     2.84066178E+03     3.01506704E+04     3.95957900E+03     3.18418042E-02     3.37993742E-01     4.43842436E-02
    3.16000000E+03     1.71000000E+02     3.40007822E-01     3.46822090E+00     2.14234850E+00     3.11322264E+03     3.19971672E+04     4.33249022E+03     3.38842528E-02     3.48282452E-01     4.71549144E-02
    3.16000000E+03     1.73500000E+02     3.44978698E-01     3.46822090E+00     2.14234850E+00     3.40769422E+03     3.39386238E+04     4.73469744E+03     3.60282806E-02     3.58846166E-01     5.00583750E-02
    3.16000000E+03     1.76000000E+02     3.49949572E-01     3.46822090E+00     2.14234850E+00     3.72551632E+03     3.59791262E+04     5.16808192E+03     3.82776134E-02     3.69691144E-01     5.30993652E-02
    3.16000000E+03     1.78500000E+02     3.54920448E-01     3.46822090E+00     2.14234850E+00     4.06820282E+03     3.81228910E+04     5.63462170E+03     4.06360644E-02     3.80823608E-01     5.62827518E-02
    3.16000000E+03     1.81000000E+02     3.59891322E-01     3.46822090E+00     2.14234850E+00     4.43734562E+03     4.03742738E+04     6.13639722E+03     4.31075446E-02     3.92249812E-01     5.96135474E-02
    3.16000000E+03     1.83500000E+02     3.64862194E-01     3.46822090E+00     2.14234850E+00     4.83461656E+03     4.27377652E+04     6.67559420E+03     4.56960544E-02     4.03975942E-01     6.30969012E-02
    3.16000000E+03     1.86000000E+02     3.69833068E-01     3.46822090E+00     2.14234850E+00     5.26177096E+03     4.52179930E+04     7.25450904E+03     4.84056906E-02     4.16008182E-01     6.67381086E-02
    3.16000000E+03     1.88500000E+02     3.74803942E-01     3.46822090E+00     2.14234850E+00     5.72065094E+03     4.78197262E+04     7.87555374E+03     5.12406472E-02     4.28352674E-01     7.05426230E-02
    3.16000000E+03     1.91000000E+02     3.79774818E-01     3.46822090E+00     2.14234850E+00     6.21318768E+03     5.05478728E+04     8.54125954E+03     5.42052122E-02     4.41015514E-01     7.45160456E-02
    3.16000000E+03     1.93500000E+02     3.84745692E-01     3.46822090E+00     2.14234850E+00     6.74140488E+03     5.34074782E+04     9.25428250E+03     5.73037670E-02     4.54002710E-01     7.86641354E-02
    3.16000000E+03     1.96000000E+02     3.89716568E-01     3.46822090E+00     2.14234850E+00     7.30742194E+03     5.64037300E+04     1.00174084E+04     6.05407902E-02     4.67320218E-01     8.29928146E-02
    3.16000000E+03     1.98500000E+02     3.94687442E-01     3.46822090E+00     2.14234850E+00     7.91345678E+03     5.95419504E+04     1.08335576E+04     6.39208500E-02     4.80973874E-01     8.75081634E-02
    3.16000000E+03     2.01000000E+02     3.99658318E-01     3.46822090E+00     2.14234850E+00     8.56182954E+03     6.28276056E+04     1.17057908E+04     6.74486150E-02     4.94969452E-01     9.22164370E-02
    3.16000000E+03     2.03500000E+02     4.04629192E-01     3.46822090E+00     2.14234850E+00     9.25496488E+03     6.62662926E+04     1.26373138E+04     7.11288390E-02     5.09312562E-01     9.71240504E-02
    3.16000000E+03     2.06000000E+02     4.09600068E-01     3.46822090E+00     2.14234850E+00     9.99539620E+03     6.98637494E+04     1.36314836E+04     7.49663736E-02     5.24008714E-01     1.02237598E-01
    3.16000000E+03     2.08500000E+02     4.14570942E-01     3.46822090E+00     2.14234850E+00     1.07857680E+04     7.36258446E+04     1.46918140E+04     7.89661572E-02     5.39063272E-01     1.07563846E-01
    3.16000000E+03     2.11000000E+02     4.19541818E-01     3.46822090E+00     2.14234850E+00     1.16288398E+04     7.75585802E+04     1.58219808E+04     8.31332210E-02     5.54481440E-01     1.13109738E-01
    3.16000000E+03     2.13500000E+02     4.24512690E-01     3.46822090E+00     2.14234850E+00     1.25274870E+04     8.16680826E+04     1.70258262E+04     8.74726690E-02     5.70268208E-01     1.18882380E-01
    3.16000000E+03     2.16000000E+02     4.29483562E-01     3.46822090E+00     2.14234850E+00     1.34847080E+04     8.59606094E+04     1.83073684E+04     9.19897052E-02     5.86428438E-01     1.24889068E-01
    3.16000000E+03     2.18500000E+02     4.34454438E-01     3.46822090E+00     2.14234850E+00     1.45036216E+04     9.04425298E+04     1.96708006E+04     9.66895920E-02     6.02966702E-01     1.31137256E-01
    3.16000000E+03     2.21000000E+02     4.39425312E-01     3.46822090E+00     2.14234850E+00     1.55874740E+04     9.51203400E+04     2.11205040E+04     1.01577684E-01     6.19887410E-01     1.37634582E-01
    3.16000000E+03     2.23500000E+02     4.44396188E-01     3.46822090E+00     2.14234850E+00     1.67396430E+04     1.00000645E+05     2.26610492E+04     1.06659404E-01     6.37194724E-01     1.44388854E-01
    3.16000000E+03     2.26000000E+02     4.49367062E-01     3.46822090E+00     2.14234850E+00     1.79636328E+04     1.05090154E+05     2.42972000E+04     1.11940228E-01     6.54892496E-01     1.51408024E-01
    3.16000000E+03     2.28500000E+02     4.54337938E-01     3.46822090E+00     2.14234850E+00     1.92630872E+04     1.10395688E+05     2.60339250E+04     1.17425726E-01     6.72984406E-01     1.58700246E-01
    3.16000000E+03     2.31000000E+02     4.59308812E-01     3.46822090E+00     2.14234850E+00     2.06417812E+04     1.15924150E+05     2.78763930E+04     1.23121478E-01     6.91473716E-01     1.66273776E-01
    3.16000000E+03     2.33500000E+02     4.64279688E-01     3.46822090E+00     2.14234850E+00     2.21036310E+04     1.21682536E+05     2.98299864E+04     1.29033140E-01     7.10363480E-01     1.74137054E-01
    3.16000000E+03     2.36000000E+02     4.69250562E-01     3.46822090E+00     2.14234850E+00     2.36526940E+04     1.27677938E+05     3.19003034E+04     1.35166420E-01     7.29656424E-01     1.82298654E-01
    3.16000000E+03     2.38500000E+02     4.74221438E-01     3.46822090E+00     2.14234850E+00     2.52931640E+04     1.33917500E+05     3.40931542E+04     1.41527020E-01     7.49354832E-01     1.90767232E-01
    3.16000000E+03     2.41000000E+02     4.79192312E-01     3.46822090E+00     2.14234850E+00     2.70293840E+04     1.40408446E+05     3.64145792E+04     1.48120706E-01     7.69460790E-01     1.99551628E-01
    3.16000000E+03     2.43500000E+02     4.84163186E-01     3.46822090E+00     2.14234850E+00     2.88658404E+04     1.47158064E+05     3.88708416E+04     1.54953260E-01     7.89975962E-01     2.08660748E-01
    3.16000000E+03     2.46000000E+02     4.89134058E-01     3.46822090E+00     2.14234850E+00     3.08071574E+04     1.54173670E+05     4.14684246E+04     1.62030418E-01     8.10901546E-01     2.18103546E-01
    3.16000000E+03     2.48500000E+02     4.94104932E-01     3.46822090E+00     2.14234850E+00     3.28581076E+04     1.61462634E+05     4.42140420E+04     1.69357952E-01     8.32238406E-01     2.27889064E-01
    3.16000000E+03     2.52250000E+02     5.01561245E-01     3.46822090E+00     2.14234850E+00     3.61661697E+04     1.72961304E+05     4.86460242E+04     1.80864362E-01     8.65067265E-01     2.43275550E-01
    3.16000000E+03     2.57250000E+02     5.11502995E-01     3.46822090E+00     2.14234850E+00     4.09887131E+04     1.89272025E+05     5.51144764E+04     1.97093178E-01     9.10210655E-01     2.65016732E-01
    3.16000000E+03     2.62250000E+02     5.21444745E-01     3.46822090E+00     2.14234850E+00     4.63430040E+04     2.06809665E+05     6.23075849E+04     2.14425415E-01     9.56993484E-01     2.88292261E-01
    3.16000000E+03     2.67250000E+02     5.31386495E-01     3.46822090E+00     2.14234850E+00     5.22739757E+04     2.25633305E+05     7.02898514E+04     2.32904532E-01     1.00540195E+00     3.13173310E-01
    3.16000000E+03     2.72250000E+02     5.41328245E-01     3.46822090E+00     2.14234850E+00     5.88286148E+04     2.45801329E+05     7.91290552E+04     2.52572027E-01     1.05541469E+00     3.39728555E-01
    3.16000000E+03     2.77250000E+02     5.51269990E-01     3.46822090E+00     2.14234850E+00     6.60558137E+04     2.67371081E+05     8.88959715E+04     2.73466868E-01     1.10700265E+00     3.68023008E-01
    3.16000000E+03     2.82250000E+02     5.61211740E-01     3.46822090E+00     2.14234850E+00     7.40061633E+04     2.90398487E+05     9.96639739E+04     2.95624871E-01     1.16012921E+00     3.98116615E-01
    3.16000000E+03     2.87250000E+02     5.71153490E-01     3.46822090E+00     2.14234850E+00     8.27316418E+04     3.14937531E+05     1.11508447E+05     3.19077801E-01     1.21474962E+00     4.30062503E-01
    3.16000000E+03     2.92250000E+02     5.81095240E-01     3.46822090E+00     2.14234850E+00     9.22853087E+04     3.41039917E+05     1.24506156E+05     3.43852710E-01     1.27081124E+00     4.63905421E-01
    3.16000000E+03     2.97250000E+02     5.91036990E-01     3.46822090E+00     2.14234850E+00     1.02720899E+05     3.68754583E+05     1.38734444E+05     3.69971070E-01     1.32825343E+00     4.99679933E-01
    3.16000000E+03     3.02250000E+02     6.00978740E-01     3.46822090E+00     2.14234850E+00     1.14092338E+05     3.98127221E+05     1.54270266E+05     3.97447892E-01     1.38700751E+00     5.37408512E-01
    3.16000000E+03     3.07250000E+02     6.10920485E-01     3.46822090E+00     2.14234850E+00     1.26453245E+05     4.29199832E+05     1.71189149E+05     4.26290902E-01     1.44699679E+00     5.77099774E-01
    3.16000000E+03     3.12250000E+02     6.20862235E-01     3.46822090E+00     2.14234850E+00     1.39856282E+05     4.62010124E+05     1.89563947E+05     4.56499575E-01     1.50813630E+00     6.18746496E-01
    3.16000000E+03     3.17250000E+02     6.30803985E-01     3.46822090E+00     2.14234850E+00     1.54352504E+05     4.96591023E+05     2.09463529E+05     4.88064302E-01     1.57033291E+00     6.62323930E-01
    3.16000000E+03     3.22250000E+02     6.40745735E-01     3.46822090E+00     2.14234850E+00     1.69990629E+05     5.32970052E+05     2.30951354E+05     5.20965547E-01     1.63348502E+00     7.07788144E-01
    3.16000000E+03     3.27250000E+02     6.50687485E-01     3.46822090E+00     2.14234850E+00     1.86816260E+05     5.71168691E+05     2.54083973E+05     5.55173076E-01     1.69748252E+00     7.55074621E-01
    3.16000000E+03     3.32250000E+02     6.60629235E-01     3.46822090E+00     2.14234850E+00     2.04871035E+05     6.11201745E+05     2.78909478E+05     5.90645226E-01     1.76220651E+00     8.04096989E-01
    3.16000000E+03     3.37250000E+02     6.70570981E-01     3.46822090E+00     2.14234850E+00     2.24191799E+05     6.53076651E+05     3.05465941E+05     6.27328377E-01     1.82752934E+00     8.54746256E-01
    3.16000000E+03     3.42250000E+02     6.80512730E-01     3.46822090E+00     2.14234850E+00     2.44809723E+05     6.96792725E+05     3.33779882E+05     6.65156471E-01     1.89331417E+00     9.06890220E-01
    3.16000000E+03     3.47250000E+02     6.90454480E-01     3.46822090E+00     2.14234850E+00     2.66749440E+05     7.42340497E+05     3.63864807E+05     7.04050737E-01     1.95941516E+00     9.60373378E-01
    3.16000000E+03     3.52250000E+02     7.00396230E-01     3.46822090E+00     2.14234850E+00     2.90028209E+05     7.89700990E+05     3.95719827E+05     7.43919604E-01     2.02567743E+00     1.01501726E+00
    3.16000000E+03     3.57250000E+02     7.10337980E-01     3.46822090E+00     2.14234850E+00     3.14655198E+05     8.38845138E+05     4.29328577E+05     7.84658991E-01     2.09193738E+00     1.07062146E+00
    3.16000000E+03     3.62250000E+02     7.20279730E-01     3.46822090E+00     2.14234850E+00     3.40630663E+05     8.89733083E+05     4.64658048E+05     8.26152390E-01     2.15802275E+00     1.12696454E+00
    3.16000000E+03     3.67250000E+02     7.30221476E-01     3.46822090E+00     2.14234850E+00     3.67945492E+05     9.42313844E+05     5.01658042E+05     8.68271860E-01     2.22375380E+00     1.18380634E+00
    3.16000000E+03     3.72250000E+02     7.40163225E-01     3.46822090E+00     2.14234850E+00     3.96580691E+05     9.96524958E+05     5.40260650E+05     9.10878763E-01     2.28894390E+00     1.24088997E+00
    3.16000000E+03     3.77250000E+02     7.50104975E-01     3.46822090E+00     2.14234850E+00     4.26507079E+05     1.05229229E+06     5.80380118E+05     9.53824967E-01     2.35340071E+00     1.29794468E+00
    3.16000000E+03     3.82250000E+02     7.60046725E-01     3.46822090E+00     2.14234850E+00     4.57685216E+05     1.10953025E+06     6.21913141E+05     9.96954402E-01     2.41692798E+00     1.35468911E+00
    3.16000000E+03     3.87250000E+02     7.69988475E-01     3.46822090E+00     2.14234850E+00     4.90065439E+05     1.16814189E+06     6.64739368E+05     1.04010461E+00     2.47932715E+00     1.41083468E+00
    3.16000000E+03     3.92250000E+02     7.79930225E-01     3.46822090E+00     2.14234850E+00     5.23588222E+05     1.22801964E+06     7.08722457E+05     1.08310884E+00     2.54039945E+00     1.46608954E+00
    3.16000000E+03     3.97250000E+02     7.89871972E-01     3.46822090E+00     2.14234850E+00     5.58184593E+05     1.28904606E+06     7.53711247E+05     1.12579792E+00     2.59994815E+00     1.52016226E+00
    3.16000000E+03     4.02250000E+02     7.99813720E-01     3.46822090E+00     2.14234850E+00     5.93776897E+05     1.35109476E+06     7.99541439E+05     1.16800262E+00     2.65778110E+00     1.57276604E+00
    3.16000000E+03     4.07250000E+02     8.09755470E-01     3.46822090E+00     2.14234850E+00     6.30279799E+05     1.41403210E+06     8.46037632E+05     1.20955597E+00     2.71371347E+00     1.62362291E+00
    3.16000000E+03     4.12250000E+02     8.19697220E-01     3.46822090E+00     2.14234850E+00     6.67601238E+05     1.47771835E+06     8.93015278E+05     1.25029543E+00     2.76756998E+00     1.67246713E+00
    3.16000000E+03     4.17250000E+02     8.29638970E-01     3.46822090E+00     2.14234850E+00     7.05643744E+05     1.54200958E+06     9.40283094E+05     1.29006519E+00     2.81918765E+00     1.71904896E+00
    3.16000000E+03     4.22250000E+02     8.39580720E-01     3.46822090E+00     2.14234850E+00     7.44305841E+05     1.60675947E+06     9.87645565E+05     1.32871827E+00     2.86841806E+00     1.76313800E+00
    3.16000000E+03     4.27250000E+02     8.49522467E-01     3.46822090E+00     2.14234850E+00     7.83483387E+05     1.67182117E+06     1.03490529E+06     1.36611832E+00     2.91512931E+00     1.80452582E+00
    3.16000000E+03     4.32250000E+02     8.59464215E-01     3.46822090E+00     2.14234850E+00     8.23071232E+05     1.73704950E+06     1.08186565E+06     1.40214160E+00     2.95920834E+00     1.84302828E+00
    3.16000000E+03     4.37250000E+02     8.69405965E-01     3.46822090E+00     2.14234850E+00     8.62964468E+05     1.80230245E+06     1.12833283E+06     1.43667802E+00     3.00056165E+00     1.87848718E+00
    3.16000000E+03     4.42250000E+02     8.79347715E-01     3.46822090E+00     2.14234850E+00     9.03060225E+05     1.86744360E+06     1.17411855E+06     1.46963284E+00     3.03911719E+00     1.91077170E+00
    3.16000000E+03     4.47250000E+02     8.89289465E-01     3.46822090E+00     2.14234850E+00     9.43258604E+05     1.93234326E+06     1.21904145E+06     1.50092663E+00     3.07482415E+00     1.93977838E+00
    3.16000000E+03     4.52250000E+02     8.99231215E-01     3.46822090E+00     2.14234850E+00     9.83464203E+05     1.99688024E+06     1.26292912E+06     1.53049632E+00     3.10765362E+00     1.96543146E+00
    3.16000000E+03     4.57250000E+02     9.09172963E-01     3.46822090E+00     2.14234850E+00     1.02358718E+06     2.06094336E+06     1.30561963E+06     1.55829513E+00     3.13759829E+00     1.98768233E+00
    3.16000000E+03     4.62250000E+02     9.19114710E-01     3.46822090E+00     2.14234850E+00     1.06354399E+06     2.12443191E+06     1.34696237E+06     1.58429212E+00     3.16467135E+00     2.00650820E+00
    3.16000000E+03     4.67250000E+02     9.29056460E-01     3.46822090E+00     2.14234850E+00     1.10325843E+06     2.18725719E+06     1.38681908E+06     1.60847218E+00     3.18890627E+00     2.02191089E+00
    3.16000000E+03     4.72250000E+02     9.38998210E-01     3.46822090E+00     2.14234850E+00     1.14266204E+06     2.24934267E+06     1.42506430E+06     1.63083484E+00     3.21035488E+00     2.03391491E+00
    3.16000000E+03     4.77250000E+02     9.48939960E-01     3.46822090E+00     2.14234850E+00     1.18169427E+06     2.31062409E+06     1.46158527E+06     1.65139322E+00     3.22908562E+00     2.04256505E+00
    3.16000000E+03     4.82250000E+02     9.58881710E-01     3.46822090E+00     2.14234850E+00     1.22030313E+06     2.37104993E+06     1.49628234E+06     1.67017335E+00     3.24518232E+00     2.04792474E+00
    3.16000000E+03     4.87250000E+02     9.68823458E-01     3.46822090E+00     2.14234850E+00     1.25844479E+06     2.43058098E+06     1.52906834E+06     1.68721243E+00     3.25874189E+00     2.05007305E+00
    3.16000000E+03     4.92250000E+02     9.78765205E-01     3.46822090E+00     2.14234850E+00     1.29608393E+06     2.48919025E+06     1.55986827E+06     1.70255789E+00     3.26987270E+00     2.04910295E+00
    3.16000000E+03     4.97250000E+02     9.88706955E-01     3.46822090E+00     2.14234850E+00     1.33319284E+06     2.54686190E+06     1.58861831E+06     1.71626547E+00     3.27869193E+00     2.04511813E+00
    3.16000000E+03     5.12250000E+02     1.01853220E+00     3.46822090E+00     2.14234850E+00     1.44060684E+06     2.71335339E+06     1.65987909E+06     1.74686428E+00     3.29076362E+00     2.01370237E+00
    3.16000000E+03     5.37250000E+02     1.06824095E+00     3.46822090E+00     2.14234850E+00     1.60946318E+06     2.97510338E+06     1.73800734E+06     1.77449089E+00     3.28056764E+00     1.91728493E+00
    3.16000000E+03     5.62250000E+02     1.11794970E+00     3.46822090E+00     2.14234850E+00     1.76610637E+06     3.21981354E+06     1.76007039E+06     1.77806032E+00     3.24188990E+00     1.77315310E+00
    3.16000000E+03     5.87250000E+02     1.16765845E+00     3.46822090E+00     2.14234850E+00     1.91397395E+06     3.45463986E+06     1.72703757E+06     1.76645979E+00     3.18857294E+00     1.59517851E+00
    3.16000000E+03     6.12250000E+02     1.21736719E+00     3.46822090E+00     2.14234850E+00     2.05717608E+06     3.68728072E+06     1.64131872E+06     1.74679002E+00     3.13106616E+00     1.39497360E+00
    3.16000000E+03     6.37250000E+02     1.26707592E+00     3.46822090E+00     2.14234850E+00     2.19987023E+06     3.92504377E+06     1.50693663E+06     1.72428510E+00     3.07656873E+00     1.18246388E+00
    3.16000000E+03     6.62250000E+02     1.31678468E+00     3.46822090E+00     2.14234850E+00     2.34601193E+06     4.17441440E+06     1.33032117E+06     1.70261917E+00     3.02962063E+00     9.66757249E-01
    3.16000000E+03     6.87250000E+02     1.36649342E+00     3.46822090E+00     2.14234850E+00     2.49926535E+06     4.44083392E+06     1.12122234E+06     1.68426462E+00     2.99271219E+00     7.56789879E-01
    3.16000000E+03     7.12250000E+02     1.41620218E+00     3.46822090E+00     2.14234850E+00     2.66292267E+06     4.72851113E+06     8.93336266E+05     1.67076564E+00     2.96676103E+00     5.61555948E-01
    3.16000000E+03     7.37250000E+02     1.46591092E+00     3.46822090E+00     2.14234850E+00     2.83976316E+06     5.04021142E+06     6.64336034E+05     1.66290853E+00     2.95145575E+00     3.89903161E-01
    3.16000000E+03     7.62250000E+02     1.51561966E+00     3.46822090E+00     2.14234850E+00     3.03184882E+06     5.37705025E+06     4.55102230E+05     1.66082116E+00     2.94551951E+00     2.49967051E-01
    3.16000000E+03     7.87250000E+02     1.56532840E+00     3.46822090E+00     2.14234850E+00     3.24030176E+06     5.73836740E+06     2.88093598E+05     1.66404851E+00     2.94695320E+00     1.48379670E-01
    3.16000000E+03     8.12250000E+02     1.61503715E+00     3.46822090E+00     2.14234850E+00     3.46513537E+06     6.12177123E+06     1.85000456E+05     1.67164518E+00     2.95329949E+00     8.94393043E-02
    3.16000000E+03     8.37250000E+02     1.66474590E+00     3.46822090E+00     2.14234850E+00     3.70521226E+06     6.52341350E+06     1.64050801E+05     1.68230825E+00     2.96193767E+00     7.44546535E-02
    3.16000000E+03     8.62250000E+02     1.71445465E+00     3.46822090E+00     2.14234850E+00     3.95837447E+06     6.93849643E+06     2.37497587E+05     1.69455097E+00     2.97038855E+00     1.01449290E-01
    3.16000000E+03     8.87250000E+02     1.76416340E+00     3.46822090E+00     2.14234850E+00     4.22174258E+06     7.36193904E+06     4.09821060E+05     1.70689514E+00     2.97658633E+00     1.65324442E-01
    3.16000000E+03     9.12250000E+02     1.81387214E+00     3.46822090E+00     2.14234850E+00     4.49212898E+06     7.78907617E+06     6.76999295E+05     1.71804934E+00     2.97907160E+00     2.58451615E-01
    3.16000000E+03     9.37250000E+02     1.86358088E+00     3.46822090E+00     2.14234850E+00     4.76647816E+06     8.21625298E+06     1.02690140E+06     1.72704040E+00     2.97707711E+00     3.71552047E-01
    3.16000000E+03     9.62250000E+02     1.91328962E+00     3.46822090E+00     2.14234850E+00     5.04224811E+06     8.64121415E+06     1.44057479E+06     1.73328069E+00     2.97050419E+00     4.94664856E-01
    3.16000000E+03     9.87250000E+02     1.96299838E+00     3.46822090E+00     2.14234850E+00     5.31767322E+06     9.06324952E+06     1.89404432E+06     1.73657021E+00     2.95981325E+00     6.18024285E-01
    3.16000000E+03     1.01225000E+03     2.01270712E+00     3.46822090E+00     2.14234850E+00     5.59188976E+06     9.48311858E+06     2.36025536E+06     1.73704842E+00     2.94586544E+00     7.32737722E-01
    3.16000000E+03     1.03725000E+03     2.06241588E+00     3.46822090E+00     2.14234850E+00     5.86493479E+06     9.90280932E+06     2.81092267E+06     1.73511549E+00     2.92975057E+00     8.31238847E-01
    3.16000000E+03     1.06225000E+03     2.11212462E+00     3.46822090E+00     2.14234850E+00     6.13764991E+06     1.03251996E+07     3.21821626E+06     1.73134304E+00     2.91262885E+00     9.07553668E-01
    3.16000000E+03     1.08725000E+03     2.16183335E+00     3.46822090E+00     2.14234850E+00     6.41151875E+06     1.07536716E+07     3.55633290E+06     1.72638722E+00     2.89559953E+00     9.57442038E-01
    3.16000000E+03     1.11225000E+03     2.21154210E+00     3.46822090E+00     2.14234850E+00     6.68846783E+06     1.11917224E+07     3.80305249E+06     1.72091286E+00     2.87960248E+00     9.78473264E-01
    3.16000000E+03     1.13725000E+03     2.26125085E+00     3.46822090E+00     2.14234850E+00     6.97064349E+06     1.16425909E+07     3.94133550E+06     1.71553033E+00     2.86535023E+00     9.70066919E-01
    3.16000000E+03     1.16225000E+03     2.31095960E+00     3.46822090E+00     2.14234850E+00     7.26018270E+06     1.21089255E+07     3.96092482E+06     1.71074696E+00     2.85328934E+00     9.33499238E-01
    3.16000000E+03     1.18725000E+03     2.36066835E+00     3.46822090E+00     2.14234850E+00     7.55898883E+06     1.25925137E+07     3.85979366E+06     1.70693239E+00     2.84358831E+00     8.71848670E-01
    3.16000000E+03     1.21225000E+03     2.41037710E+00     3.46822090E+00     2.14234850E+00     7.86853058E+06     1.30941013E+07     3.64517911E+06     1.70429882E+00     2.83615132E+00     7.89841520E-01
    3.16000000E+03     1.23725000E+03     2.46008582E+00     3.46822090E+00     2.14234850E+00     8.18968735E+06     1.36133276E+07     3.33390785E+06     1.70289721E+00     2.83065620E+00     6.93565494E-01
    3.16000000E+03     1.26225000E+03     2.50979458E+00     3.46822090E+00     2.14234850E+00     8.52266208E+06     1.41487958E+07     2.95177066E+06     1.70262981E+00     2.82661344E+00     5.90041264E-01
    3.16000000E+03     1.28725000E+03     2.55950332E+00     3.46822090E+00     2.14234850E+00     8.86697859E+06     1.46982756E+07     2.53185092E+06     1.70327783E+00     2.82343969E+00     4.86676496E-01
    3.16000000E+03     1.31225000E+03     2.60921208E+00     3.46822090E+00     2.14234850E+00     9.22156596E+06     1.52590135E+07     2.11191914E+06     1.70454046E+00     2.82053647E+00     3.90660521E-01
    3.16000000E+03     1.33725000E+03     2.65892082E+00     3.46822090E+00     2.14234850E+00     9.58491899E+06     1.58281051E+07     1.73119858E+06     1.70608027E+00     2.81736324E+00     3.08377267E-01
    3.16000000E+03     1.36225000E+03     2.70862957E+00     3.46822090E+00     2.14234850E+00     9.95530857E+06     1.64028706E+07     1.42693245E+06     1.70756782E+00     2.81349529E+00     2.44914227E-01
    3.16000000E+03     1.38725000E+03     2.75833830E+00     3.46822090E+00     2.14234850E+00     1.03310057E+07     1.69811735E+07     1.23119233E+06     1.70871963E+00     2.80865949E+00     2.03724242E-01
    3.16000000E+03     1.41225000E+03     2.80804705E+00     3.46822090E+00     2.14234850E+00     1.07104881E+07     1.75616456E+07     1.16827515E+06     1.70932506E+00     2.80274618E+00     1.86464546E-01
    3.16000000E+03     1.43725000E+03     2.85775580E+00     3.46822090E+00     2.14234850E+00     1.10926023E+07     1.81437940E+07     1.25288686E+06     1.70926062E+00     2.79579924E+00     1.93005139E-01
    3.16000000E+03     1.46225000E+03     2.90746455E+00     3.46822090E+00     2.14234850E+00     1.14766654E+07     1.87279917E+07     1.48915356E+06     1.70849144E+00     2.78798937E+00     2.21574500E-01
    3.16000000E+03     1.48725000E+03     2.95717330E+00     3.46822090E+00     2.14234850E+00     1.18625055E+07     1.93153716E+07     1.87040492E+06     1.70706319E+00     2.77957743E+00     2.69002491E-01
    3.16000000E+03     1.51225000E+03     3.00688205E+00     3.46822090E+00     2.14234850E+00     1.22504420E+07     1.99076443E+07     2.37962372E+06     1.70508624E+00     2.77087345E+00     3.31021730E-01
    3.16000000E+03     1.53725000E+03     3.05659078E+00     3.46822090E+00     2.14234850E+00     1.26412184E+07     2.05068723E+07     2.99047327E+06     1.70271600E+00     2.76219682E+00     4.02599608E-01
    3.16000000E+03     1.56225000E+03     3.10629952E+00     3.46822090E+00     2.14234850E+00     1.30358958E+07     2.11152222E+07     3.66884452E+06     1.70013129E+00     2.75384093E+00     4.78283296E-01
    3.16000000E+03     1.58725000E+03     3.15600828E+00     3.46822090E+00     2.14234850E+00     1.34357249E+07     2.17347230E+07     4.37490102E+06     1.69751376E+00     2.74604514E+00     5.52548680E-01
    3.16000000E+03     1.61225000E+03     3.20571702E+00     3.46822090E+00     2.14234850E+00     1.38420011E+07     2.23670479E+07     5.06559359E+06     1.69502887E+00     2.73897488E+00     6.20145425E-01
    3.16000000E+03     1.63725000E+03     3.25542578E+00     3.46822090E+00     2.14234850E+00     1.42559237E+07     2.30133418E+07     5.69758572E+06     1.69281066E+00     2.73271122E+00     6.76428615E-01
    3.16000000E+03     1.66225000E+03     3.30513452E+00     3.46822090E+00     2.14234850E+00     1.46784666E+07     2.36741104E+07     6.23044852E+06     1.69095095E+00     2.72724995E+00     7.17660232E-01
    3.16000000E+03     1.68725000E+03     3.35484325E+00     3.46822090E+00     2.14234850E+00     1.51102777E+07     2.43491816E+07     6.62990126E+06     1.68949355E+00     2.72250953E+00     7.41258603E-01
    3.16000000E+03     1.71225000E+03     3.40455200E+00     3.46822090E+00     2.14234850E+00     1.55516159E+07     2.50377486E+07     6.87079142E+06     1.68843412E+00     2.71834676E+00     7.45970478E-01
    3.16000000E+03     1.73725000E+03     3.45426075E+00     3.46822090E+00     2.14234850E+00     1.60023359E+07     2.57384856E+07     6.93947955E+06     1.68772510E+00     2.71457827E+00     7.31943672E-01
    3.16000000E+03     1.76225000E+03     3.50396950E+00     3.46822090E+00     2.14234850E+00     1.64619211E+07     2.64497246E+07     6.83532727E+06     1.68728527E+00     2.71100483E+00     7.00687560E-01
    3.16000000E+03     1.78725000E+03     3.55367825E+00     3.46822090E+00     2.14234850E+00     1.69295592E+07     2.71696670E+07     6.57108167E+06     1.68701216E+00     2.70743535E+00     6.54921947E-01
    3.16000000E+03     1.81225000E+03     3.60338700E+00     3.46822090E+00     2.14234850E+00     1.74042515E+07     2.78966040E+07     6.17209082E+06     1.68679575E+00     2.70370792E+00     5.98329686E-01
    3.16000000E+03     1.83725000E+03     3.65309573E+00     3.46822090E+00     2.14234850E+00     1.78849371E+07     2.86291139E+07     5.67443996E+06     1.68653170E+00     2.69970512E+00     5.35240868E-01
    3.16000000E+03     1.86225000E+03     3.70280448E+00     3.46822090E+00     2.14234850E+00     1.83706188E+07     2.93662130E+07     5.12221696E+06     1.68613248E+00     2.69536263E+00     4.70282343E-01
    3.16000000E+03     1.88725000E+03     3.75251322E+00     3.46822090E+00     2.14234850E+00     1.88604729E+07     3.01074460E+07     4.56419884E+06     1.68553541E+00     2.69067068E+00     4.08027368E-01
    3.16000000E+03     1.91225000E+03     3.80222198E+00     3.46822090E+00     2.14234850E+00     1.93539309E+07     3.08529084E+07     4.05025725E+06     1.68470674E+00     2.68566915E+00     3.52673815E-01
    3.16000000E+03     1.93725000E+03     3.85193072E+00     3.46822090E+00     2.14234850E+00     1.98507275E+07     3.16032036E+07     3.62776794E+06     1.68364231E+00     2.68043766E+00     3.07772469E-01
    3.16000000E+03     1.96225000E+03     3.90163948E+00     3.46822090E+00     2.14234850E+00     2.03509133E+07     3.23593479E+07     3.33825186E+06     1.68236499E+00     2.67508252E+00     2.76017518E-01
    3.16000000E+03     1.98725000E+03     3.95134821E+00     3.46822090E+00     2.14234850E+00     2.08548304E+07     3.31226350E+07     3.21442446E+06     1.68091928E+00     2.66972220E+00     2.59104462E-01
    3.16000000E+03     2.01225000E+03     4.00105695E+00     3.46822090E+00     2.14234850E+00     2.13630621E+07     3.38944785E+07     3.27780691E+06     1.67936467E+00     2.66447319E+00     2.57657180E-01
    3.16000000E+03     2.03725000E+03     4.05076570E+00     3.46822090E+00     2.14234850E+00     2.18763567E+07     3.46762490E+07     3.53701997E+06     1.67776780E+00     2.65943735E+00     2.71222540E-01
    3.16000000E+03     2.06225000E+03     4.10047445E+00     3.46822090E+00     2.14234850E+00     2.23955389E+07     3.54691236E+07     3.98687951E+06     1.67619483E+00     2.65469203E+00     2.98330508E-01
    3.16000000E+03     2.08725000E+03     4.15018320E+00     3.46822090E+00     2.14234850E+00     2.29214170E+07     3.62739613E+07     4.60840099E+06     1.67470451E+00     2.65028364E+00     3.36616712E-01
    3.16000000E+03     2.11225000E+03     4.19989195E+00     3.46822090E+00     2.14234850E+00     2.34546942E+07     3.70912181E+07     5.36977843E+06     1.67334250E+00     2.64622497E+00     3.83001505E-01
    3.16000000E+03     2.13725000E+03     4.24960069E+00     3.46822090E+00     2.14234850E+00     2.39958940E+07     3.79209081E+07     6.22835547E+06     1.67213761E+00     2.64249630E+00     4.33916857E-01
    3.16000000E+03     2.16225000E+03     4.29930942E+00     3.46822090E+00     2.14234850E+00     2.45453090E+07     3.87626178E+07     7.13351269E+06     1.67110004E+00     2.63905002E+00     4.85567237E-01
    3.16000000E+03     2.18725000E+03     4.34901818E+00     3.46822090E+00     2.14234850E+00     2.51029761E+07     3.96155677E+07     8.03029258E+06     1.67022181E+00     2.63581795E+00     5.34205921E-01
    3.16000000E+03     2.21225000E+03     4.39872692E+00     3.46822090E+00     2.14234850E+00     2.56686816E+07     4.04787152E+07     8.86349172E+06     1.66947910E+00     2.63272050E+00     5.76405372E-01
    3.16000000E+03     2.23725000E+03     4.44843568E+00     3.46822090E+00     2.14234850E+00     2.62419960E+07     4.13508838E+07     9.58187595E+06     1.66883624E+00     2.62967632E+00     6.09299230E-01
    3.16000000E+03     2.26225000E+03     4.49814442E+00     3.46822090E+00     2.14234850E+00     2.68223315E+07     4.22309054E+07     1.01421421E+07     1.66825065E+00     2.62661148E+00     6.30775493E-01
    3.16000000E+03     2.28725000E+03     4.54785316E+00     3.46822090E+00     2.14234850E+00     2.74090144E+07     4.31177523E+07     1.05122800E+07     1.66767806E+00     2.62346696E+00     6.39606050E-01
    3.16000000E+03     2.31225000E+03     4.59756190E+00     3.46822090E+00     2.14234850E+00     2.80013658E+07     4.40106500E+07     1.06740570E+07     1.66707762E+00     2.62020389E+00     6.35504585E-01
    3.16000000E+03     2.33725000E+03     4.64727065E+00     3.46822090E+00     2.14234850E+00     2.85987777E+07     4.49091529E+07     1.06244311E+07     1.66641604E+00     2.61680600E+00     6.19111687E-01
    3.16000000E+03     2.36225000E+03     4.69697940E+00     3.46822090E+00     2.14234850E+00     2.92007760E+07     4.58131794E+07     1.03758296E+07     1.66567054E+00     2.61327931E+00     5.91913885E-01
    3.16000000E+03     2.38725000E+03     4.74668815E+00     3.46822090E+00     2.14234850E+00     2.98070669E+07     4.67230035E+07     9.95530293E+06     1.66483037E+00     2.60964938E+00     5.56106995E-01
    3.16000000E+03     2.41225000E+03     4.79639690E+00     3.46822090E+00     2.14234850E+00     3.04175609E+07     4.76392080E+07     9.40265496E+06     1.66389696E+00     2.60595672E+00     5.14417553E-01
    3.16000000E+03     2.43725000E+03     4.84610564E+00     3.46822090E+00     2.14234850E+00     3.10323723E+07     4.85626054E+07     8.76770363E+06     1.66288263E+00     2.60225100E+00     4.69897338E-01
    3.16000000E+03     2.46225000E+03     4.89581438E+00     3.46822090E+00     2.14234850E+00     3.16517960E+07     4.94941364E+07     8.10684913E+06     1.66180835E+00     2.59858466E+00     4.25704720E-01
    3.16000000E+03     2.48725000E+03     4.94552312E+00     3.46822090E+00     2.14234850E+00     3.22762709E+07     5.04347614E+07     7.47917284E+06     1.66070091E+00     2.59500702E+00     3.84887124E-01
    3.16000000E+03     2.52475000E+03     5.02008625E+00     3.46822090E+00     2.14234850E+00     3.32244133E+07     5.18659739E+07     6.74527623E+06     1.65904574E+00     2.58991398E+00     3.36994598E-01
    3.16000000E+03     2.57475000E+03     5.11950375E+00     3.46822090E+00     2.14234850E+00     3.45102891E+07     5.38107138E+07     6.34308580E+06     1.65697738E+00     2.58367745E+00     3.04592054E-01
    3.16000000E+03     2.62475000E+03     5.21892122E+00     3.46822090E+00     2.14234850E+00     3.58249131E+07     5.57997792E+07     6.81646742E+06     1.65518903E+00     2.57808021E+00     3.14836318E-01
    3.16000000E+03     2.67475000E+03     5.31833873E+00     3.46822090E+00     2.14234850E+00     3.71693020E+07     5.78299574E+07     8.15219999E+06     1.65369951E+00     2.57292185E+00     3.62504640E-01
    3.16000000E+03     2.72475000E+03     5.41775622E+00     3.46822090E+00     2.14234850E+00     3.85419652E+07     5.98953829E+07     1.00904211E+07     1.65241621E+00     2.56791444E+00     4.32379062E-01
    3.16000000E+03     2.77475000E+03     5.51717370E+00     3.46822090E+00     2.14234850E+00     3.99397219E+07     6.19902453E+07     1.21947553E+07     1.65118855E+00     2.56281140E+00     5.03957123E-01
    3.16000000E+03     2.82475000E+03     5.61659120E+00     3.46822090E+00     2.14234850E+00     4.13591707E+07     6.41112687E+07     1.39757867E+07     1.64987727E+00     2.55750108E+00     5.57397360E-01
    3.16000000E+03     2.87475000E+03     5.71600870E+00     3.46822090E+00     2.14234850E+00     4.27981314E+07     6.62589049E+07     1.50303411E+07     1.64840906E+00     2.55203116E+00     5.78896516E-01
    3.16000000E+03     2.92475000E+03     5.81542617E+00     3.46822090E+00     2.14234850E+00     4.42564501E+07     6.84368421E+07     1.51562205E+07     1.64679623E+00     2.54656418E+00     5.64057445E-01
    3.16000000E+03     2.97475000E+03     5.91484368E+00     3.46822090E+00     2.14234850E+00     4.57358996E+07     7.06501923E+07     1.44115194E+07     1.64511935E+00     2.54129303E+00     5.18540428E-01
    3.16000000E+03     3.02475000E+03     6.01426117E+00     3.46822090E+00     2.14234850E+00     4.72392917E+07     7.29032187E+07     1.31029207E+07     1.64348515E+00     2.53635593E+00     4.56038208E-01
    3.16000000E+03     3.07475000E+03     6.11367865E+00     3.46822090E+00     2.14234850E+00     4.87692303E+07     7.51975798E+07     1.17046092E+07     1.64197995E+00     2.53178507E+00     3.94225325E-01
    3.16000000E+03     3.12475000E+03     6.21309615E+00     3.46822090E+00     2.14234850E+00     5.03270313E+07     7.75317868E+07     1.07274304E+07     1.64063701E+00     2.52750488E+00     3.49792331E-01
    3.16000000E+03     3.17475000E+03     6.31251365E+00     3.46822090E+00     2.14234850E+00     5.19122585E+07     7.99020360E+07     1.05736704E+07     1.63942973E+00     2.52337488E+00     3.33923741E-01
    3.16000000E+03     3.22475000E+03     6.41193113E+00     3.46822090E+00     2.14234850E+00     5.35230244E+07     8.23039738E+07     1.14200072E+07     1.63828982E+00     2.51925405E+00     3.49477241E-01
    3.16000000E+03     3.27475000E+03     6.51134863E+00     3.46822090E+00     2.14234850E+00     5.51568825E+07     8.47345792E+07     1.31642008E+07     1.63714024E+00     2.51505750E+00     3.90604601E-01
    3.16000000E+03     3.32475000E+03     6.61076612E+00     3.46822090E+00     2.14234850E+00     5.68118844E+07     8.71933407E+07     1.54514783E+07     1.63592719E+00     2.51078266E+00     4.44792346E-01
    3.16000000E+03     3.37475000E+03     6.71018360E+00     3.46822090E+00     2.14234850E+00     5.84873505E+07     8.96822877E+07     1.77722984E+07     1.63463869E+00     2.50649856E+00     4.96596511E-01
    3.16000000E+03     3.42475000E+03     6.80960110E+00     3.46822090E+00     2.14234850E+00     6.01840542E+07     9.22049498E+07     1.96034826E+07     1.63330376E+00     2.50230720E+00     5.31950097E-01
    3.16000000E+03     3.47475000E+03     6.90901860E+00     3.46822090E+00     2.14234850E+00     6.19037959E+07     9.47647630E+07     2.05541568E+07     1.63197541E+00     2.49829663E+00     5.41879753E-01
    3.16000000E+03     3.52475000E+03     7.00843608E+00     3.46822090E+00     2.14234850E+00     6.36485827E+07     9.73636215E+07     2.04770117E+07     1.63070613E+00     2.49450529E+00     5.24699398E-01
    3.16000000E+03     3.57475000E+03     7.10785358E+00     3.46822090E+00     2.14234850E+00     6.54197760E+07     1.00001168E+08     1.95135104E+07     1.62952655E+00     2.49091085E+00     4.86164046E-01
    3.16000000E+03     3.62475000E+03     7.20727108E+00     3.46822090E+00     2.14234850E+00     6.72175659E+07     1.02675076E+08     1.80583304E+07     1.62843542E+00     2.48744521E+00     4.37599830E-01
    3.16000000E+03     3.67475000E+03     7.30668856E+00     3.46822090E+00     2.14234850E+00     6.90409657E+07     1.05382155E+08     1.66510502E+07     1.62740367E+00     2.48402663E+00     3.92579437E-01
    3.16000000E+03     3.72475000E+03     7.40610605E+00     3.46822090E+00     2.14234850E+00     7.08882960E+07     1.08119734E+08     1.58251997E+07     1.62638921E+00     2.48059382E+00     3.63118914E-01
    3.16000000E+03     3.77475000E+03     7.50552355E+00     3.46822090E+00     2.14234850E+00     7.27579303E+07     1.10886759E+08     1.59580469E+07     1.62535539E+00     2.47712782E+00     3.56477358E-01
    3.16000000E+03     3.82475000E+03     7.60494103E+00     3.46822090E+00     2.14234850E+00     7.46489572E+07     1.13684112E+08     1.71639611E+07     1.62428489E+00     2.47365382E+00     3.73409875E-01
    3.16000000E+03     3.87475000E+03     7.70435852E+00     3.46822090E+00     2.14234850E+00     7.65615087E+07     1.16514111E+08     1.92608248E+07     1.62318431E+00     2.47022507E+00     4.08261270E-01
    3.16000000E+03     3.92475000E+03     7.80377603E+00     3.46822090E+00     2.14234850E+00     7.84966308E+07     1.19379446E+08     2.18184233E+07     1.62207857E+00     2.46689704E+00     4.50771663E-01
    3.16000000E+03     3.97475000E+03     7.90319351E+00     3.46822090E+00     2.14234850E+00     8.04557890E+07     1.22282012E+08     2.42758354E+07     1.62099862E+00     2.46370375E+00     4.89033168E-01
    3.16000000E+03     4.02475000E+03     8.00261100E+00     3.46822090E+00     2.14234850E+00     8.24402336E+07     1.25222166E+08     2.60965227E+07     1.61996817E+00     2.46064534E+00     5.12772402E-01
    3.16000000E+03     4.07475000E+03     8.10202850E+00     3.46822090E+00     2.14234850E+00     8.44504915E+07     1.28198657E+08     2.69186449E+07     1.61899471E+00     2.45769089E+00     5.16070297E-01
    3.16000000E+03     4.12475000E+03     8.20144598E+00     3.46822090E+00     2.14234850E+00     8.64861917E+07     1.31209241E+08     2.66581303E+07     1.61806812E+00     2.45479362E+00     4.98798842E-01
    3.16000000E+03     4.17475000E+03     8.30086347E+00     3.46822090E+00     2.14234850E+00     8.85462708E+07     1.34251674E+08     2.55344162E+07     1.61716649E+00     2.45191103E+00     4.66422012E-01
    3.16000000E+03     4.22475000E+03     8.40028097E+00     3.46822090E+00     2.14234850E+00     9.06294578E+07     1.37324654E+08     2.40109060E+07     1.61626616E+00     2.44902118E+00     4.28279072E-01
    3.16000000E+03     4.27475000E+03     8.49969846E+00     3.46822090E+00     2.14234850E+00     9.27348034E+07     1.40428287E+08     2.26669711E+07     1.61535122E+00     2.44612880E+00     3.94890847E-01
    3.16000000E+03     4.32475000E+03     8.59911595E+00     3.46822090E+00     2.14234850E+00     9.48620540E+07     1.43563965E+08     2.20374732E+07     1.61441905E+00     2.44326000E+00     3.75067766E-01
    3.16000000E+03     4.37475000E+03     8.69853345E+00     3.46822090E+00     2.14234850E+00     9.70117048E+07     1.46733692E+08     2.24642678E+07     1.61347977E+00     2.44044877E+00     3.73605496E-01
    3.16000000E+03     4.42475000E+03     8.79795094E+00     3.46822090E+00     2.14234850E+00     9.91847478E+07     1.49939208E+08     2.40003243E+07     1.61255070E+00     2.43772174E+00     3.90152348E-01
    3.16000000E+03     4.47475000E+03     8.89736842E+00     3.46822090E+00     2.14234850E+00     1.01382232E+08     1.53181274E+08     2.63930358E+07     1.61164852E+00     2.43508755E+00     4.19501294E-01
    3.16000000E+03     4.52475000E+03     8.99678592E+00     3.46822090E+00     2.14234850E+00     1.03604821E+08     1.56459404E+08     2.91521757E+07     1.61078250E+00     2.43253455E+00     4.53178784E-01
    3.16000000E+03     4.57475000E+03     9.09620341E+00     3.46822090E+00     2.14234850E+00     1.05852545E+08     1.59772133E+08     3.16846577E+07     1.60995139E+00     2.43003708E+00     4.81860717E-01
    3.16000000E+03     4.62475000E+03     9.19562090E+00     3.46822090E+00     2.14234850E+00     1.08124819E+08     1.63117679E+08     3.34589978E+07     1.60914487E+00     2.42756681E+00     4.97931437E-01
    3.16000000E+03     4.67475000E+03     9.29503840E+00     3.46822090E+00     2.14234850E+00     1.10420724E+08     1.66494700E+08     3.41533718E+07     1.60834854E+00     2.42510414E+00     4.97481180E-01
    3.16000000E+03     4.72475000E+03     9.39445589E+00     3.46822090E+00     2.14234850E+00     1.12739397E+08     1.69902817E+08     3.37456513E+07     1.60754998E+00     2.42264483E+00     4.81218930E-01
    3.16000000E+03     4.77475000E+03     9.49387337E+00     3.46822090E+00     2.14234850E+00     1.15080382E+08     1.73342715E+08     3.25204070E+07     1.60674349E+00     2.42019984E+00     4.54099825E-01
    3.16000000E+03     4.82475000E+03     9.59329087E+00     3.46822090E+00     2.14234850E+00     1.17443793E+08     1.76815790E+08     3.09911928E+07     1.60593162E+00     2.41778893E+00     4.23824928E-01
    3.16000000E+03     4.87475000E+03     9.69270836E+00     3.46822090E+00     2.14234850E+00     1.19830226E+08     1.80323523E+08     2.97596070E+07     1.60512316E+00     2.41543142E+00     3.98663541E-01
    3.16000000E+03     4.92475000E+03     9.79212585E+00     3.46822090E+00     2.14234850E+00     1.22240487E+08     1.83866854E+08     2.93495664E+07     1.60432901E+00     2.41313791E+00     3.85204689E-01
    3.16000000E+03     4.97475000E+03     9.89154335E+00     3.46822090E+00     2.14234850E+00     1.24675243E+08     1.87445818E+08     3.00621742E+07     1.60355739E+00     2.41090646E+00     3.86640603E-01
    3.16000000E+03     5.00000000E+03     9.94174920E+00     3.46822090E+00     2.14234850E+00     1.25913180E+08     1.89265070E+08     3.08166900E+07     1.60317630E+00     2.40979770E+00     3.92370270E-01
