    3.16000000E+03     5.00000000E-01     9.94174900E-04     1.43097690E+00     1.14010680E-03     0.00000000E+00     1.86610000E-06     0.00000000E+00     0.00000000E+00     2.37590000E-06     0.00000000E+00
    3.16000000E+03     1.00000000E+00     1.98834980E-03     1.43097690E+00     1.14010680E-03     0.00000000E+00     1.49285000E-05     0.00000000E+00     0.00000000E+00     4.75190000E-06     0.00000000E+00
    3.16000000E+03     1.50000000E+00     2.98252480E-03     1.43097690E+00     1.14010680E-03     1.00000000E-10     5.03840000E-05     1.00000000E-10     0.00000000E+00     7.12790000E-06     0.00000000E+00
    3.16000000E+03     2.00000000E+00     3.97669970E-03     1.43097690E+00     1.14010680E-03     6.00000000E-10     1.19429600E-04     8.00000000E-10     0.00000000E+00     9.50390000E-06     1.00000000E-10
    3.16000000E+03     2.50000000E+00     4.97087460E-03     1.43097690E+00     1.14010680E-03     2.10000000E-09     2.33262900E-04     3.20000000E-09     1.00000000E-10     1.18800000E-05     2.00000000E-10
    3.16000000E+03     3.00000000E+00     5.96504950E-03     1.43097690E+00     1.14010680E-03     6.40000000E-09     4.03083200E-04     9.60000000E-09     2.00000000E-10     1.42562000E-05     3.00000000E-10
    3.16000000E+03     3.50000000E+00     6.95922440E-03     1.43097690E+00     1.14010680E-03     1.61000000E-08     6.40091200E-04     2.42000000E-08     4.00000000E-10     1.66324000E-05     6.00000000E-10
    3.16000000E+03     4.00000000E+00     7.95339930E-03     1.43097690E+00     1.14010680E-03     3.59000000E-08     9.55490100E-04     5.39000000E-08     7.00000000E-10     1.90089000E-05     1.10000000E-09
    3.16000000E+03     4.50000000E+00     8.94757430E-03     1.43097690E+00     1.14010680E-03     7.28000000E-08     1.36048650E-03     1.09300000E-07     1.10000000E-09     2.13855000E-05     1.70000000E-09
    3.16000000E+03     5.00000000E+00     9.94174920E-03     1.43097690E+00     1.14010680E-03     1.37100000E-07     1.86629080E-03     2.05600000E-07     1.70000000E-09     2.37624000E-05     2.60000000E-09
    3.16000000E+03     5.50000000E+00     1.09359240E-02     1.43097690E+00     1.14010680E-03     2.42800000E-07     2.48411860E-03     3.64200000E-07     2.60000000E-09     2.61395000E-05     3.80000000E-09
    3.16000000E+03     6.00000000E+00     1.19300990E-02     1.43097690E+00     1.14010680E-03     4.09300000E-07     3.22519110E-03     6.13900000E-07     3.60000000E-09     2.85169000E-05     5.40000000E-09
    3.16000000E+03     6.50000000E+00     1.29242740E-02     1.43097690E+00     1.14010680E-03     6.61600000E-07     4.10073730E-03     9.92400000E-07     5.00000000E-09     3.08948000E-05     7.50000000E-09
    3.16000000E+03     7.00000000E+00     1.39184490E-02     1.43097690E+00     1.14010680E-03     1.03210000E-06     5.12199460E-03     1.54810000E-06     6.70000000E-09     3.32731000E-05     1.01000000E-08
    3.16000000E+03     7.50000000E+00     1.49126240E-02     1.43097690E+00     1.14010680E-03     1.56140000E-06     6.30020890E-03     2.34190000E-06     8.80000000E-09     3.56519000E-05     1.33000000E-08
    3.16000000E+03     8.00000000E+00     1.59067990E-02     1.43097690E+00     1.14010680E-03     2.29980000E-06     7.64663890E-03     3.44930000E-06     1.14000000E-08     3.80313000E-05     1.72000000E-08
    3.16000000E+03     8.50000000E+00     1.69009740E-02     1.43097690E+00     1.14010680E-03     3.30870000E-06     9.17255510E-03     4.96250000E-06     1.46000000E-08     4.04113000E-05     2.19000000E-08
    3.16000000E+03     9.00000000E+00     1.78951490E-02     1.43097690E+00     1.14010680E-03     4.66230000E-06     1.08892430E-02     6.99250000E-06     1.83000000E-08     4.27920000E-05     2.75000000E-08
    3.16000000E+03     9.50000000E+00     1.88893230E-02     1.43097690E+00     1.14010680E-03     6.44900000E-06     1.28080040E-02     9.67190000E-06     2.27000000E-08     4.51736000E-05     3.41000000E-08
    3.16000000E+03     1.00000000E+01     1.98834980E-02     1.43097690E+00     1.14010680E-03     8.77300000E-06     1.49401560E-02     1.31571000E-05     2.79000000E-08     4.75560000E-05     4.19000000E-08
    3.16000000E+03     1.05000000E+01     2.08776730E-02     1.43097690E+00     1.14010680E-03     1.17567000E-05     1.72970400E-02     1.76315000E-05     3.39000000E-08     4.99394000E-05     5.09000000E-08
    3.16000000E+03     1.10000000E+01     2.18718480E-02     1.43097690E+00     1.14010680E-03     1.55420000E-05     1.98900160E-02     2.33078000E-05     4.09000000E-08     5.23239000E-05     6.13000000E-08
    3.16000000E+03     1.15000000E+01     2.28660230E-02     1.43097690E+00     1.14010680E-03     2.02926000E-05     2.27304680E-02     3.04316000E-05     4.88000000E-08     5.47095000E-05     7.32000000E-08
    3.16000000E+03     1.20000000E+01     2.38601980E-02     1.43097690E+00     1.14010680E-03     2.61962000E-05     2.58298090E-02     3.92840000E-05     5.79000000E-08     5.70964000E-05     8.68000000E-08
    3.16000000E+03     1.25000000E+01     2.48543730E-02     1.43097690E+00     1.14010680E-03     3.34665000E-05     2.91994780E-02     5.01856000E-05     6.82000000E-08     5.94847000E-05     1.02200000E-07
    3.16000000E+03     1.30000000E+01     2.58485480E-02     1.43097690E+00     1.14010680E-03     4.23459000E-05     3.28509480E-02     6.34993000E-05     7.98000000E-08     6.18744000E-05     1.19600000E-07
    3.16000000E+03     1.35000000E+01     2.68427230E-02     1.43097690E+00     1.14010680E-03     5.31073000E-05     3.67957200E-02     7.96345000E-05     9.28000000E-08     6.42658000E-05     1.39100000E-07
    3.16000000E+03     1.40000000E+01     2.78368980E-02     1.43097690E+00     1.14010680E-03     6.60572000E-05     4.10453370E-02     9.90505000E-05     1.07300000E-07     6.66589000E-05     1.60900000E-07
    3.16000000E+03     1.45000000E+01     2.88310730E-02     1.43097690E+00     1.14010680E-03     8.15380000E-05     4.56113790E-02     1.22260300E-04     1.23400000E-07     6.90538000E-05     1.85100000E-07
    3.16000000E+03     1.50000000E+01     2.98252480E-02     1.43097690E+00     1.14010680E-03     9.99310000E-05     5.05054640E-02     1.49835100E-04     1.41400000E-07     7.14506000E-05     2.12000000E-07
    3.16000000E+03     1.55000000E+01     3.08194220E-02     1.43097690E+00     1.14010680E-03     1.21658700E-04     5.57392560E-02     1.82408300E-04     1.61200000E-07     7.38496000E-05     2.41700000E-07
    3.16000000E+03     1.60000000E+01     3.18135970E-02     1.43097690E+00     1.14010680E-03     1.47188300E-04     6.13244790E-02     2.20679600E-04     1.83000000E-07     7.62507000E-05     2.74400000E-07
    3.16000000E+03     1.65000000E+01     3.28077720E-02     1.43097690E+00     1.14010680E-03     1.77034200E-04     6.72728870E-02     2.65419900E-04     2.07000000E-07     7.86543000E-05     3.10300000E-07
    3.16000000E+03     1.70000000E+01     3.38019470E-02     1.43097690E+00     1.14010680E-03     2.11761800E-04     7.35963070E-02     3.17475800E-04     2.33200000E-07     8.10603000E-05     3.49700000E-07
    3.16000000E+03     1.75000000E+01     3.47961220E-02     1.43097690E+00     1.14010680E-03     2.51989700E-04     8.03066060E-02     3.77774100E-04     2.61900000E-07     8.34690000E-05     3.92700000E-07
    3.16000000E+03     1.80000000E+01     3.57902970E-02     1.43097690E+00     1.14010680E-03     2.98393900E-04     8.74157240E-02     4.47327100E-04     2.93200000E-07     8.58805000E-05     4.39500000E-07
    3.16000000E+03     1.85000000E+01     3.67844720E-02     1.43097690E+00     1.14010680E-03     3.51710800E-04     9.49356660E-02     5.27237900E-04     3.27100000E-07     8.82950000E-05     4.90400000E-07
    3.16000000E+03     1.90000000E+01     3.77786470E-02     1.43097690E+00     1.14010680E-03     4.12740800E-04     1.02878490E-01     6.18704800E-04     3.63900000E-07     9.07126000E-05     5.45500000E-07
    3.16000000E+03     1.95000000E+01     3.87728220E-02     1.43097690E+00     1.14010680E-03     4.82351800E-04     1.11256350E-01     7.23027500E-04     4.03800000E-07     9.31335000E-05     6.05300000E-07
    3.16000000E+03     2.00000000E+01     3.97669970E-02     1.43097690E+00     1.14010680E-03     5.61483100E-04     1.20081450E-01     8.41612100E-04     4.46800000E-07     9.55578000E-05     6.69700000E-07
    3.16000000E+03     2.05000000E+01     4.07611720E-02     1.43097690E+00     1.14010680E-03     6.51148900E-04     1.29366080E-01     9.75977100E-04     4.93200000E-07     9.79857000E-05     7.39200000E-07
    3.16000000E+03     2.10000000E+01     4.17553470E-02     1.43097690E+00     1.14010680E-03     7.52442600E-04     1.39122630E-01     1.12775900E-03     5.43100000E-07     1.00417500E-04     8.14000000E-07
    3.16000000E+03     2.15000000E+01     4.27495210E-02     1.43097690E+00     1.14010680E-03     8.66540700E-04     1.49363580E-01     1.29871870E-03     5.96700000E-07     1.02853200E-04     8.94300000E-07
    3.16000000E+03     2.20000000E+01     4.37436960E-02     1.43097690E+00     1.14010680E-03     9.94706100E-04     1.60101450E-01     1.49074630E-03     6.54200000E-07     1.05293100E-04     9.80400000E-07
    3.16000000E+03     2.25000000E+01     4.47378710E-02     1.43097690E+00     1.14010680E-03     1.13829370E-03     1.71348910E-01     1.70586900E-03     7.15700000E-07     1.07737400E-04     1.07260000E-06
    3.16000000E+03     2.30000000E+01     4.57320460E-02     1.43097690E+00     1.14010680E-03     1.29875360E-03     1.83118720E-01     1.94625680E-03     7.81500000E-07     1.10186200E-04     1.17110000E-06
    3.16000000E+03     2.35000000E+01     4.67262210E-02     1.43097690E+00     1.14010680E-03     1.47763600E-03     1.95423730E-01     2.21422870E-03     8.51700000E-07     1.12639800E-04     1.27630000E-06
    3.16000000E+03     2.40000000E+01     4.77203960E-02     1.43097690E+00     1.14010680E-03     1.67659560E-03     2.08276920E-01     2.51226000E-03     9.26500000E-07     1.15098300E-04     1.38830000E-06
    3.16000000E+03     2.45000000E+01     4.87145710E-02     1.43097690E+00     1.14010680E-03     1.89739560E-03     2.21691340E-01     2.84298790E-03     1.00620000E-06     1.17561900E-04     1.50760000E-06
    3.16000000E+03     2.50000000E+01     4.97087460E-02     1.43097690E+00     1.14010680E-03     2.14191400E-03     2.35680230E-01     3.20922080E-03     1.09090000E-06     1.20030900E-04     1.63440000E-06
    3.16000000E+03     2.55000000E+01     5.07029210E-02     1.43097690E+00     1.14010680E-03     2.41214650E-03     2.50256890E-01     3.61394300E-03     1.18080000E-06     1.22505600E-04     1.76910000E-06
    3.16000000E+03     2.60000000E+01     5.16970960E-02     1.43097690E+00     1.14010680E-03     2.71021190E-03     2.65434770E-01     4.06032230E-03     1.27620000E-06     1.24986000E-04     1.91190000E-06
    3.16000000E+03     2.65000000E+01     5.26912710E-02     1.43097690E+00     1.14010680E-03     3.03835860E-03     2.81227470E-01     4.55172030E-03     1.37720000E-06     1.27472400E-04     2.06320000E-06
    3.16000000E+03     2.70000000E+01     5.36854460E-02     1.43097690E+00     1.14010680E-03     3.39896690E-03     2.97648690E-01     5.09169450E-03     1.48410000E-06     1.29965000E-04     2.22320000E-06
    3.16000000E+03     2.75000000E+01     5.46796200E-02     1.43097690E+00     1.14010680E-03     3.79455820E-03     3.14712370E-01     5.68401330E-03     1.59720000E-06     1.32464200E-04     2.39240000E-06
    3.16000000E+03     2.80000000E+01     5.56737950E-02     1.43097690E+00     1.14010680E-03     4.22779400E-03     3.32432430E-01     6.33265400E-03     1.71650000E-06     1.34970100E-04     2.57110000E-06
    3.16000000E+03     2.85000000E+01     5.66679700E-02     1.43097690E+00     1.14010680E-03     4.70148920E-03     3.50823110E-01     7.04182240E-03     1.84250000E-06     1.37482900E-04     2.75960000E-06
    3.16000000E+03     2.90000000E+01     5.76621450E-02     1.43097690E+00     1.14010680E-03     5.21861100E-03     3.69898730E-01     7.81595120E-03     1.97520000E-06     1.40002900E-04     2.95830000E-06
    3.16000000E+03     2.95000000E+01     5.86563200E-02     1.43097690E+00     1.14010680E-03     5.78228820E-03     3.89673820E-01     8.65971370E-03     2.11500000E-06     1.42530300E-04     3.16740000E-06
    3.16000000E+03     3.00000000E+01     5.96504950E-02     1.43097690E+00     1.14010680E-03     6.39581470E-03     4.10163010E-01     9.57802940E-03     2.26210000E-06     1.45065500E-04     3.38750000E-06
    3.16000000E+03     3.05000000E+01     6.06446700E-02     1.43097690E+00     1.14010680E-03     7.06265550E-03     4.31381150E-01     1.05760720E-02     2.41670000E-06     1.47608600E-04     3.61890000E-06
    3.16000000E+03     3.10000000E+01     6.16388450E-02     1.43097690E+00     1.14010680E-03     7.78645720E-03     4.53343330E-01     1.16592870E-02     2.57910000E-06     1.50159900E-04     3.86190000E-06
    3.16000000E+03     3.15000000E+01     6.26330200E-02     1.43097690E+00     1.14010680E-03     8.57104510E-03     4.76064740E-01     1.28333840E-02     2.74960000E-06     1.52719700E-04     4.11690000E-06
    3.16000000E+03     3.20000000E+01     6.36271950E-02     1.43097690E+00     1.14010680E-03     9.42043640E-03     4.99560780E-01     1.41043590E-02     2.92830000E-06     1.55288200E-04     4.38430000E-06
    3.16000000E+03     3.25000000E+01     6.46213700E-02     1.43097690E+00     1.14010680E-03     1.03388460E-02     5.23847130E-01     1.54785010E-02     3.11570000E-06     1.57865800E-04     4.66460000E-06
    3.16000000E+03     3.30000000E+01     6.56155450E-02     1.43097690E+00     1.14010680E-03     1.13306880E-02     5.48939600E-01     1.69623980E-02     3.31190000E-06     1.60452600E-04     4.95800000E-06
    3.16000000E+03     3.35000000E+01     6.66097200E-02     1.43097690E+00     1.14010680E-03     1.24005870E-02     5.74854230E-01     1.85629470E-02     3.51720000E-06     1.63049000E-04     5.26510000E-06
    3.16000000E+03     3.40000000E+01     6.76038940E-02     1.43097690E+00     1.14010680E-03     1.35533820E-02     6.01607320E-01     2.02873680E-02     3.73200000E-06     1.65655300E-04     5.58620000E-06
    3.16000000E+03     3.45000000E+01     6.85980690E-02     1.43097690E+00     1.14010680E-03     1.47941340E-02     6.29215350E-01     2.21432060E-02     3.95640000E-06     1.68271800E-04     5.92180000E-06
    3.16000000E+03     3.50000000E+01     6.95922440E-02     1.43097690E+00     1.14010680E-03     1.61281300E-02     6.57695050E-01     2.41383460E-02     4.19080000E-06     1.70898600E-04     6.27220000E-06
    3.16000000E+03     3.55000000E+01     7.05864190E-02     1.43097690E+00     1.14010680E-03     1.75608950E-02     6.87063430E-01     2.62810250E-02     4.43550000E-06     1.73536300E-04     6.63800000E-06
    3.16000000E+03     3.60000000E+01     7.15805940E-02     1.43097690E+00     1.14010680E-03     1.90981960E-02     7.17337670E-01     2.85798360E-02     4.69070000E-06     1.76184900E-04     7.01950000E-06
    3.16000000E+03     3.65000000E+01     7.25747690E-02     1.43097690E+00     1.14010680E-03     2.07460440E-02     7.48535290E-01     3.10437410E-02     4.95680000E-06     1.78844900E-04     7.41720000E-06
    3.16000000E+03     3.70000000E+01     7.35689440E-02     1.43097690E+00     1.14010680E-03     2.25107140E-02     7.80674040E-01     3.36820860E-02     5.23400000E-06     1.81516600E-04     7.83150000E-06
    3.16000000E+03     3.75000000E+01     7.45631190E-02     1.43097690E+00     1.14010680E-03     2.43987400E-02     8.13771970E-01     3.65046060E-02     5.52270000E-06     1.84200300E-04     8.26300000E-06
    3.16000000E+03     3.80000000E+01     7.55572940E-02     1.43097690E+00     1.14010680E-03     2.64169200E-02     8.47847290E-01     3.95214260E-02     5.82320000E-06     1.86896200E-04     8.71200000E-06
    3.16000000E+03     3.85000000E+01     7.65514690E-02     1.43097690E+00     1.14010680E-03     2.85723430E-02     8.82918700E-01     4.27431050E-02     6.13580000E-06     1.89604800E-04     9.17900000E-06
    3.16000000E+03     3.90000000E+01     7.75456440E-02     1.43097690E+00     1.14010680E-03     3.08723700E-02     9.19004970E-01     4.61805980E-02     6.46090000E-06     1.92326300E-04     9.66450000E-06
    3.16000000E+03     3.95000000E+01     7.85398190E-02     1.43097690E+00     1.14010680E-03     3.33246620E-02     9.56125310E-01     4.98453110E-02     6.79860000E-06     1.95061100E-04     1.01690000E-05
    3.16000000E+03     4.00000000E+01     7.95339930E-02     1.43097690E+00     1.14010680E-03     3.59371790E-02     9.94299220E-01     5.37490920E-02     7.14950000E-06     1.97809500E-04     1.06930000E-05
    3.16000000E+03     4.05000000E+01     8.05281680E-02     1.43097690E+00     1.14010680E-03     3.87181930E-02     1.03354660E+00     5.79042460E-02     7.51370000E-06     2.00571900E-04     1.12370000E-05
    3.16000000E+03     4.10000000E+01     8.15223430E-02     1.43097690E+00     1.14010680E-03     4.16762830E-02     1.07388740E+00     6.23235390E-02     7.89170000E-06     2.03348600E-04     1.18014000E-05
    3.16000000E+03     4.15000000E+01     8.25165180E-02     1.43097690E+00     1.14010680E-03     4.48203540E-02     1.11534210E+00     6.70202140E-02     8.28380000E-06     2.06139900E-04     1.23868000E-05
    3.16000000E+03     4.20000000E+01     8.35106930E-02     1.43097690E+00     1.14010680E-03     4.81596550E-02     1.15793160E+00     7.20080240E-02     8.69030000E-06     2.08946200E-04     1.29937000E-05
    3.16000000E+03     4.25000000E+01     8.45048680E-02     1.43097690E+00     1.14010680E-03     5.17037650E-02     1.20167710E+00     7.73012110E-02     9.11160000E-06     2.11767900E-04     1.36226000E-05
    3.16000000E+03     4.30000000E+01     8.54990430E-02     1.43097690E+00     1.14010680E-03     5.54626010E-02     1.24660000E+00     8.29145180E-02     9.54800000E-06     2.14605200E-04     1.42739000E-05
    3.16000000E+03     4.35000000E+01     8.64932180E-02     1.43097690E+00     1.14010680E-03     5.94464540E-02     1.29272210E+00     8.88632350E-02     9.99990000E-06     2.17458700E-04     1.49484000E-05
    3.16000000E+03     4.40000000E+01     8.74873930E-02     1.43097690E+00     1.14010680E-03     6.36659830E-02     1.34006590E+00     9.51631980E-02     1.04677000E-05     2.20328600E-04     1.56464000E-05
    3.16000000E+03     4.45000000E+01     8.84815680E-02     1.43097690E+00     1.14010680E-03     6.81321900E-02     1.38865360E+00     1.01830750E-01     1.09517000E-05     2.23215300E-04     1.63685000E-05
    3.16000000E+03     4.50000000E+01     8.94757430E-02     1.43097690E+00     1.14010680E-03     7.28565120E-02     1.43850880E+00     1.08882880E-01     1.14523000E-05     2.26119300E-04     1.71153000E-05
    3.16000000E+03     4.55000000E+01     9.04699180E-02     1.43097690E+00     1.14010680E-03     7.78507160E-02     1.48965440E+00     1.16337060E-01     1.19699000E-05     2.29040800E-04     1.78873000E-05
    3.16000000E+03     4.60000000E+01     9.14640920E-02     1.43097690E+00     1.14010680E-03     8.31270200E-02     1.54211460E+00     1.24211410E-01     1.25048000E-05     2.31980300E-04     1.86851000E-05
    3.16000000E+03     4.65000000E+01     9.24582670E-02     1.43097690E+00     1.14010680E-03     8.86980090E-02     1.59591330E+00     1.32524630E-01     1.30574000E-05     2.34938100E-04     1.95093000E-05
    3.16000000E+03     4.70000000E+01     9.34524420E-02     1.43097690E+00     1.14010680E-03     9.45767320E-02     1.65107550E+00     1.41296070E-01     1.36282000E-05     2.37914700E-04     2.03603000E-05
    3.16000000E+03     4.75000000E+01     9.44466170E-02     1.43097690E+00     1.14010680E-03     1.00776630E-01     1.70762620E+00     1.50545660E-01     1.42175000E-05     2.40910500E-04     2.12389000E-05
    3.16000000E+03     4.80000000E+01     9.54407920E-02     1.43097690E+00     1.14010680E-03     1.07311590E-01     1.76559110E+00     1.60294020E-01     1.48257000E-05     2.43925800E-04     2.21455000E-05
    3.16000000E+03     4.85000000E+01     9.64349670E-02     1.43097690E+00     1.14010680E-03     1.14195920E-01     1.82499570E+00     1.70562320E-01     1.54532000E-05     2.46961100E-04     2.30807000E-05
    3.16000000E+03     4.90000000E+01     9.74291420E-02     1.43097690E+00     1.14010680E-03     1.21444450E-01     1.88586720E+00     1.81372600E-01     1.61004000E-05     2.50016700E-04     2.40453000E-05
    3.16000000E+03     4.95000000E+01     9.84233170E-02     1.43097690E+00     1.14010680E-03     1.29072410E-01     1.94823200E+00     1.92747370E-01     1.67677000E-05     2.53093200E-04     2.50396000E-05
    3.16000000E+03     5.10000000E+01     1.01405842E-01     1.43097690E+00     1.14010680E-03     1.54837948E-01     2.14617110E+00     2.31157588E-01     1.89163000E-05     2.62473900E-04     2.82403000E-05
    3.16000000E+03     5.35000000E+01     1.06376718E-01     1.43097690E+00     1.14010680E-03     2.06286264E-01     2.50607630E+00     3.07818340E-01     2.29050000E-05     2.78529000E-04     3.41788000E-05
    3.16000000E+03     5.60000000E+01     1.11347592E-01     1.43097690E+00     1.14010680E-03     2.71257720E-01     2.91000322E+00     4.04566396E-01     2.74937000E-05     2.95202300E-04     4.10056000E-05
    3.16000000E+03     5.85000000E+01     1.16318468E-01     1.43097690E+00     1.14010680E-03     3.52458516E-01     3.36213780E+00     5.25399104E-01     3.27398000E-05     3.12552000E-04     4.88044000E-05
    3.16000000E+03     6.10000000E+01     1.21289340E-01     1.43097690E+00     1.14010680E-03     4.52982360E-01     3.86706102E+00     6.74879612E-01     3.87032000E-05     3.30639000E-04     5.76625000E-05
    3.16000000E+03     6.35000000E+01     1.26260212E-01     1.43097690E+00     1.14010680E-03     5.76345626E-01     4.42978400E+00     8.58186744E-01     4.54466000E-05     3.49526600E-04     6.76709000E-05
    3.16000000E+03     6.60000000E+01     1.31231088E-01     1.43097690E+00     1.14010680E-03     7.26524462E-01     5.05578574E+00     1.08116729E+00     5.30352000E-05     3.69281100E-04     7.89239000E-05
    3.16000000E+03     6.85000000E+01     1.36201962E-01     1.43097690E+00     1.14010680E-03     9.07993094E-01     5.75105206E+00     1.35038976E+00     6.15369000E-05     3.89971000E-04     9.15195000E-05
    3.16000000E+03     7.10000000E+01     1.41172838E-01     1.43097690E+00     1.14010680E-03     1.12576378E+00     6.52211494E+00     1.67320008E+00     7.10221000E-05     4.11667700E-04     1.05559000E-04
    3.16000000E+03     7.35000000E+01     1.46143712E-01     1.43097690E+00     1.14010680E-03     1.38542872E+00     7.37609618E+00     2.05777954E+00     8.15639000E-05     4.34445100E-04     1.21147500E-04
    3.16000000E+03     7.60000000E+01     1.51114588E-01     1.43097690E+00     1.14010680E-03     1.69320222E+00     8.32074782E+00     2.51320330E+00     9.32381000E-05     4.58379700E-04     1.38393000E-04
    3.16000000E+03     7.85000000E+01     1.56085462E-01     1.43097690E+00     1.14010680E-03     2.05596650E+00     9.36450076E+00     3.04950256E+00     1.06123100E-04     4.83550800E-04     1.57407100E-04
    3.16000000E+03     8.10000000E+01     1.61056338E-01     1.43097690E+00     1.14010680E-03     2.48131668E+00     1.05165068E+01     3.67772620E+00     1.20299700E-04     5.10040000E-04     1.78304900E-04
    3.16000000E+03     8.35000000E+01     1.66027212E-01     1.43097690E+00     1.14010680E-03     2.97760940E+00     1.17866926E+01     4.41000618E+00     1.35851600E-04     5.37931900E-04     2.01204500E-04
    3.16000000E+03     8.60000000E+01     1.70998088E-01     1.43097690E+00     1.14010680E-03     3.55401146E+00     1.31858022E+01     5.25962280E+00     1.52864900E-04     5.67313400E-04     2.26227400E-04
    3.16000000E+03     8.85000000E+01     1.75968962E-01     1.43097690E+00     1.14010680E-03     4.22055066E+00     1.47254544E+01     6.24107268E+00     1.71428600E-04     5.98274200E-04     2.53498300E-04
    3.16000000E+03     9.10000000E+01     1.80939836E-01     1.43097690E+00     1.14010680E-03     4.98816850E+00     1.64181902E+01     7.37013770E+00     1.91634000E-04     6.30906600E-04     2.83144800E-04
    3.16000000E+03     9.35000000E+01     1.85910708E-01     1.43097690E+00     1.14010680E-03     5.86877370E+00     1.82775320E+01     8.66395592E+00     2.13575200E-04     6.65305300E-04     3.15298000E-04
    3.16000000E+03     9.60000000E+01     1.90881582E-01     1.43097690E+00     1.14010680E-03     6.87529650E+00     2.03180314E+01     1.01410914E+01     2.37348800E-04     7.01567900E-04     3.50091800E-04
    3.16000000E+03     9.85000000E+01     1.95852458E-01     1.43097690E+00     1.14010680E-03     8.02174752E+00     2.25553374E+01     1.18216110E+01     2.63054200E-04     7.39794400E-04     3.87663200E-04
    3.16000000E+03     1.01000000E+02     2.00823332E-01     1.43097690E+00     1.14010680E-03     9.32327618E+00     2.50062472E+01     1.37271576E+01     2.90793300E-04     7.80087700E-04     4.28152100E-04
    3.16000000E+03     1.03500000E+02     2.05794208E-01     1.43097690E+00     1.14010680E-03     1.07962276E+01     2.76887670E+01     1.58810234E+01     3.20670500E-04     8.22552900E-04     4.71701300E-04
    3.16000000E+03     1.06000000E+02     2.10765082E-01     1.43097690E+00     1.14010680E-03     1.24582074E+01     3.06221756E+01     1.83082308E+01     3.52793100E-04     8.67298000E-04     5.18456700E-04
    3.16000000E+03     1.08500000E+02     2.15735958E-01     1.43097690E+00     1.14010680E-03     1.43281418E+01     3.38270886E+01     2.10356064E+01     3.87270600E-04     9.14433500E-04     5.68566500E-04
    3.16000000E+03     1.11000000E+02     2.20706832E-01     1.43097690E+00     1.14010680E-03     1.64263454E+01     3.73255178E+01     2.40918650E+01     4.24215500E-04     9.64072500E-04     6.22182200E-04
    3.16000000E+03     1.13500000E+02     2.25677708E-01     1.43097690E+00     1.14010680E-03     1.87745852E+01     4.11409466E+01     2.75076872E+01     4.63742700E-04     1.01633080E-03     6.79457600E-04
    3.16000000E+03     1.16000000E+02     2.30648582E-01     1.43097690E+00     1.14010680E-03     2.13961472E+01     4.52983902E+01     3.13158000E+01     5.05969700E-04     1.07132670E-03     7.40549400E-04
    3.16000000E+03     1.18500000E+02     2.35619458E-01     1.43097690E+00     1.14010680E-03     2.43159036E+01     4.98244602E+01     3.55510554E+01     5.51016600E-04     1.12918100E-03     8.05616500E-04
    3.16000000E+03     1.21000000E+02     2.40590332E-01     1.43097690E+00     1.14010680E-03     2.75603936E+01     5.47474564E+01     4.02505268E+01     5.99006200E-04     1.19001720E-03     8.74820800E-04
    3.16000000E+03     1.23500000E+02     2.45561202E-01     1.43097690E+00     1.14010680E-03     3.11578792E+01     6.00974110E+01     4.54535738E+01     6.50063800E-04     1.25396160E-03     9.48326100E-04
    3.16000000E+03     1.26000000E+02     2.50532078E-01     1.43097690E+00     1.14010680E-03     3.51384318E+01     6.59061838E+01     5.12019394E+01     7.04317300E-04     1.32114250E-03     1.02629910E-03
    3.16000000E+03     1.28500000E+02     2.55502952E-01     1.43097690E+00     1.14010680E-03     3.95339998E+01     7.22075248E+01     5.75398308E+01     7.61897000E-04     1.39169150E-03     1.10890850E-03
    3.16000000E+03     1.31000000E+02     2.60473828E-01     1.43097690E+00     1.14010680E-03     4.43784886E+01     7.90371588E+01     6.45140050E+01     8.22936200E-04     1.46574220E-03     1.19632530E-03
    3.16000000E+03     1.33500000E+02     2.65444702E-01     1.43097690E+00     1.14010680E-03     4.97078376E+01     8.64328558E+01     7.21738560E+01     8.87570400E-04     1.54343090E-03     1.28872260E-03
    3.16000000E+03     1.36000000E+02     2.70415578E-01     1.43097690E+00     1.14010680E-03     5.55600948E+01     9.44345090E+01     8.05714942E+01     9.55937800E-04     1.62489660E-03     1.38627590E-03
    3.16000000E+03     1.38500000E+02     2.75386452E-01     1.43097690E+00     1.14010680E-03     6.19755056E+01     1.03084237E+02     8.97618442E+01     1.02817920E-03     1.71028090E-03     1.48916240E-03
    3.16000000E+03     1.41000000E+02     2.80357328E-01     1.43097690E+00     1.14010680E-03     6.89965882E+01     1.12426452E+02     9.98027212E+01     1.10443770E-03     1.79972780E-03     1.59756150E-03
    3.16000000E+03     1.43500000E+02     2.85328202E-01     1.43097690E+00     1.14010680E-03     7.66682198E+01     1.22507916E+02     1.10754926E+02     1.18485940E-03     1.89338380E-03     1.71165440E-03
    3.16000000E+03     1.46000000E+02     2.90299078E-01     1.43097690E+00     1.14010680E-03     8.50377190E+01     1.33377864E+02     1.22682320E+02     1.26959250E-03     1.99139810E-03     1.83162400E-03
    3.16000000E+03     1.48500000E+02     2.95269952E-01     1.43097690E+00     1.14010680E-03     9.41549364E+01     1.45088084E+02     1.35651928E+02     1.35878800E-03     2.09392220E-03     1.95765510E-03
    3.16000000E+03     1.51000000E+02     3.00240828E-01     1.43097690E+00     1.14010680E-03     1.04072332E+02     1.57692992E+02     1.49734004E+02     1.45259930E-03     2.20111040E-03     2.08993400E-03
    3.16000000E+03     1.53500000E+02     3.05211698E-01     1.43097690E+00     1.14010680E-03     1.14845086E+02     1.71249730E+02     1.65002148E+02     1.55118240E-03     2.31311930E-03     2.22864880E-03
    3.16000000E+03     1.56000000E+02     3.10182572E-01     1.43097690E+00     1.14010680E-03     1.26531154E+02     1.85818226E+02     1.81533352E+02     1.65469560E-03     2.43010780E-03     2.37398880E-03
    3.16000000E+03     1.58500000E+02     3.15153448E-01     1.43097690E+00     1.14010680E-03     1.39191394E+02     2.01461394E+02     1.99408126E+02     1.76330000E-03     2.55223820E-03     2.52614500E-03
    3.16000000E+03     1.61000000E+02     3.20124322E-01     1.43097690E+00     1.14010680E-03     1.52889640E+02     2.18245042E+02     2.18710558E+02     1.87715900E-03     2.67967410E-03     2.68530950E-03
    3.16000000E+03     1.63500000E+02     3.25095198E-01     1.43097690E+00     1.14010680E-03     1.67692796E+02     2.36238110E+02     2.39528402E+02     1.99643850E-03     2.81258190E-03     2.85167580E-03
    3.16000000E+03     1.66000000E+02     3.30066072E-01     1.43097690E+00     1.14010680E-03     1.83670944E+02     2.55512774E+02     2.61953164E+02     2.12130690E-03     2.95113120E-03     3.02543840E-03
    3.16000000E+03     1.68500000E+02     3.35036948E-01     1.43097690E+00     1.14010680E-03     2.00897416E+02     2.76144448E+02     2.86080194E+02     2.25193510E-03     3.09549360E-03     3.20679290E-03
    3.16000000E+03     1.71000000E+02     3.40007822E-01     1.43097690E+00     1.14010680E-03     2.19448920E+02     2.98211912E+02     3.12008748E+02     2.38849620E-03     3.24584250E-03     3.39593590E-03
    3.16000000E+03     1.73500000E+02     3.44978698E-01     1.43097690E+00     1.14010680E-03     2.39405600E+02     3.21797432E+02     3.39842068E+02     2.53116580E-03     3.40235430E-03     3.59306460E-03
    3.16000000E+03     1.76000000E+02     3.49949572E-01     1.43097690E+00     1.14010680E-03     2.60851212E+02     3.46986912E+02     3.69687516E+02     2.68012220E-03     3.56520810E-03     3.79837750E-03
    3.16000000E+03     1.78500000E+02     3.54920448E-01     1.43097690E+00     1.14010680E-03     2.83873114E+02     3.73869844E+02     4.01656564E+02     2.83554570E-03     3.73458450E-03     4.01207330E-03
    3.16000000E+03     1.81000000E+02     3.59891322E-01     1.43097690E+00     1.14010680E-03     3.08562484E+02     4.02539612E+02     4.35864966E+02     2.99761940E-03     3.91066770E-03     4.23435180E-03
    3.16000000E+03     1.83500000E+02     3.64862194E-01     1.43097690E+00     1.14010680E-03     3.35014326E+02     4.33093390E+02     4.72432734E+02     3.16652830E-03     4.09364300E-03     4.46541250E-03
    3.16000000E+03     1.86000000E+02     3.69833068E-01     1.43097690E+00     1.14010680E-03     3.63327618E+02     4.65632416E+02     5.11484274E+02     3.34245990E-03     4.28369890E-03     4.70545570E-03
    3.16000000E+03     1.88500000E+02     3.74803942E-01     1.43097690E+00     1.14010680E-03     3.93605446E+02     5.00261920E+02     5.53148498E+02     3.52560430E-03     4.48102540E-03     4.95468230E-03
    3.16000000E+03     1.91000000E+02     3.79774818E-01     1.43097690E+00     1.14010680E-03     4.25955066E+02     5.37091526E+02     5.97558796E+02     3.71615360E-03     4.68581610E-03     5.21329290E-03
    3.16000000E+03     1.93500000E+02     3.84745692E-01     1.43097690E+00     1.14010680E-03     4.60488010E+02     5.76234960E+02     6.44853168E+02     3.91430240E-03     4.89826560E-03     5.48148840E-03
    3.16000000E+03     1.96000000E+02     3.89716568E-01     1.43097690E+00     1.14010680E-03     4.97320222E+02     6.17810520E+02     6.95174282E+02     4.12024740E-03     5.11857160E-03     5.75946950E-03
    3.16000000E+03     1.98500000E+02     3.94687442E-01     1.43097690E+00     1.14010680E-03     5.36572132E+02     6.61940874E+02     7.48669500E+02     4.33418740E-03     5.34693290E-03     6.04743660E-03
    3.16000000E+03     2.01000000E+02     3.99658318E-01     1.43097690E+00     1.14010680E-03     5.78368820E+02     7.08753520E+02     8.05491022E+02     4.55632370E-03     5.58355220E-03     6.34559020E-03
    3.16000000E+03     2.03500000E+02     4.04629192E-01     1.43097690E+00     1.14010680E-03     6.22840044E+02     7.58380522E+02     8.65795828E+02     4.78685980E-03     5.82863280E-03     6.65413000E-03
    3.16000000E+03     2.06000000E+02     4.09600068E-01     1.43097690E+00     1.14010680E-03     6.70120446E+02     8.10958952E+02     9.29745874E+02     5.02600100E-03     6.08238130E-03     6.97325550E-03
    3.16000000E+03     2.08500000E+02     4.14570942E-01     1.43097690E+00     1.14010680E-03     7.20349582E+02     8.66630722E+02     9.97508008E+02     5.27395520E-03     6.34500560E-03     7.30316550E-03
    3.16000000E+03     2.11000000E+02     4.19541818E-01     1.43097690E+00     1.14010680E-03     7.73672144E+02     9.25542890E+02     1.06925426E+03     5.53093240E-03     6.61671600E-03     7.64405840E-03
    3.16000000E+03     2.13500000E+02     4.24512690E-01     1.43097690E+00     1.14010680E-03     8.30237854E+02     9.87847784E+02     1.14516140E+03     5.79714420E-03     6.89772560E-03     7.99613080E-03
    3.16000000E+03     2.16000000E+02     4.29483562E-01     1.43097690E+00     1.14010680E-03     8.90201904E+02     1.05370292E+03     1.22541162E+03     6.07280500E-03     7.18824880E-03     8.35957960E-03
    3.16000000E+03     2.18500000E+02     4.34454438E-01     1.43097690E+00     1.14010680E-03     9.53724680E+02     1.12327120E+03     1.31019202E+03     6.35813020E-03     7.48850130E-03     8.73459890E-03
    3.16000000E+03     2.21000000E+02     4.39425312E-01     1.43097690E+00     1.14010680E-03     1.02097223E+03     1.19672122E+03     1.39969500E+03     6.65333800E-03     7.79870220E-03     9.12138300E-03
    3.16000000E+03     2.23500000E+02     4.44396188E-01     1.43097690E+00     1.14010680E-03     1.09211626E+03     1.27422710E+03     1.49411826E+03     6.95864860E-03     8.11907180E-03     9.52012480E-03
    3.16000000E+03     2.26000000E+02     4.49367062E-01     1.43097690E+00     1.14010680E-03     1.16733398E+03     1.35596874E+03     1.59366448E+03     7.27428330E-03     8.44983230E-03     9.93101420E-03
    3.16000000E+03     2.28500000E+02     4.54337938E-01     1.43097690E+00     1.14010680E-03     1.24680886E+03     1.44213208E+03     1.69854200E+03     7.60046670E-03     8.79120880E-03     1.03542418E-02
    3.16000000E+03     2.31000000E+02     4.59308812E-01     1.43097690E+00     1.14010680E-03     1.33072990E+03     1.53290870E+03     1.80896402E+03     7.93742350E-03     9.14342600E-03     1.07899940E-02
    3.16000000E+03     2.33500000E+02     4.64279688E-01     1.43097690E+00     1.14010680E-03     1.41929244E+03     1.62849658E+03     1.92514940E+03     8.28538150E-03     9.50671220E-03     1.12384572E-02
    3.16000000E+03     2.36000000E+02     4.69250562E-01     1.43097690E+00     1.14010680E-03     1.51269814E+03     1.72910014E+03     2.04732232E+03     8.64457030E-03     9.88129880E-03     1.16998150E-02
    3.16000000E+03     2.38500000E+02     4.74221438E-01     1.43097690E+00     1.14010680E-03     1.61115456E+03     1.83492930E+03     2.17571184E+03     9.01521970E-03     1.02674136E-02     1.21742478E-02
    3.16000000E+03     2.41000000E+02     4.79192312E-01     1.43097690E+00     1.14010680E-03     1.71487612E+03     1.94620154E+03     2.31055314E+03     9.39756340E-03     1.06652934E-02     1.26619356E-02
    3.16000000E+03     2.43500000E+02     4.84163186E-01     1.43097690E+00     1.14010680E-03     1.82408376E+03     2.06314002E+03     2.45208632E+03     9.79183610E-03     1.10751706E-02     1.31630568E-02
    3.16000000E+03     2.46000000E+02     4.89134058E-01     1.43097690E+00     1.14010680E-03     1.93900470E+03     2.18597504E+03     2.60055660E+03     1.01982722E-02     1.14972826E-02     1.36777826E-02
    3.16000000E+03     2.48500000E+02     4.94104932E-01     1.43097690E+00     1.14010680E-03     2.05987310E+03     2.31494342E+03     2.75621470E+03     1.06171094E-02     1.19318660E-02     1.42062846E-02
    3.16000000E+03     2.52250000E+02     5.01561245E-01     1.43097690E+00     1.14010680E-03     2.25367722E+03     2.52127599E+03     3.00472075E+03     1.12707655E-02     1.26092831E-02     1.50270112E-02
    3.16000000E+03     2.57250000E+02     5.11502995E-01     1.43097690E+00     1.14010680E-03     2.53418060E+03     2.81912891E+03     3.36241660E+03     1.21858481E-02     1.35562859E-02     1.61687526E-02
    3.16000000E+03     2.62250000E+02     5.21444745E-01     1.43097690E+00     1.14010680E-03     2.84304886E+03     3.14614051E+03     3.75364807E+03     1.31548811E-02     1.45575287E-02     1.73685263E-02
    3.16000000E+03     2.67250000E+02     5.31386495E-01     1.43097690E+00     1.14010680E-03     3.18250046E+03     3.50455178E+03     4.18067352E+03     1.41798301E-02     1.56149782E-02     1.86275456E-02
    3.16000000E+03     2.72250000E+02     5.41328245E-01     1.43097690E+00     1.14010680E-03     3.55487483E+03     3.89672572E+03     4.64583153E+03     1.52626751E-02     1.67306189E-02     1.99469574E-02
    3.16000000E+03     2.77250000E+02     5.51269990E-01     1.43097690E+00     1.14010680E-03     3.96263660E+03     4.32514990E+03     5.15154018E+03     1.64054136E-02     1.79064482E-02     2.13278412E-02
    3.16000000E+03     2.82250000E+02     5.61211740E-01     1.43097690E+00     1.14010680E-03     4.40837965E+03     4.79244249E+03     5.70029535E+03     1.76100607E-02     1.91444852E-02     2.27712105E-02
    3.16000000E+03     2.87250000E+02     5.71153490E-01     1.43097690E+00     1.14010680E-03     4.89482786E+03     5.30135077E+03     6.29466478E+03     1.88786375E-02     2.04467504E-02     2.42779908E-02
    3.16000000E+03     2.92250000E+02     5.81095240E-01     1.43097690E+00     1.14010680E-03     5.42484017E+03     5.85475899E+03     6.93728719E+03     2.02131762E-02     2.18152810E-02     2.58490282E-02
    3.16000000E+03     2.97250000E+02     5.91036990E-01     1.43097690E+00     1.14010680E-03     6.00141288E+03     6.45568697E+03     7.63086745E+03     2.16157158E-02     2.32521135E-02     2.74850785E-02
    3.16000000E+03     3.02250000E+02     6.00978740E-01     1.43097690E+00     1.14010680E-03     6.62768197E+03     7.10729661E+03     8.37817173E+03     2.30882981E-02     2.47592944E-02     2.91868011E-02
    3.16000000E+03     3.07250000E+02     6.10920485E-01     1.43097690E+00     1.14010680E-03     7.30692675E+03     7.81289178E+03     9.18202364E+03     2.46329681E-02     2.63388673E-02     3.09547571E-02
    3.16000000E+03     3.12250000E+02     6.20862235E-01     1.43097690E+00     1.14010680E-03     8.04257080E+03     8.57592083E+03     1.00452968E+04     2.62517661E-02     2.79928717E-02     3.27893980E-02
    3.16000000E+03     3.17250000E+02     6.30803985E-01     1.43097690E+00     1.14010680E-03     8.83818501E+03     9.39998087E+03     1.09709101E+04     2.79467293E-02     2.97233462E-02     3.46910641E-02
    3.16000000E+03     3.22250000E+02     6.40745735E-01     1.43097690E+00     1.14010680E-03     9.69748914E+03     1.02888191E+04     1.19618204E+04     2.97198850E-02     3.15323237E-02     3.66599763E-02
    3.16000000E+03     3.27250000E+02     6.50687485E-01     1.43097690E+00     1.14010680E-03     1.06243536E+04     1.12463289E+04     1.30210139E+04     3.15732501E-02     3.34218117E-02     3.86962320E-02
    3.16000000E+03     3.32250000E+02     6.60629235E-01     1.43097690E+00     1.14010680E-03     1.16228012E+04     1.22765606E+04     1.41514996E+04     3.35088248E-02     3.53938153E-02     4.07997969E-02
    3.16000000E+03     3.37250000E+02     6.70570981E-01     1.43097690E+00     1.14010680E-03     1.26970066E+04     1.33837172E+04     1.53563005E+04     3.55285922E-02     3.74503197E-02     4.29705025E-02
    3.16000000E+03     3.42250000E+02     6.80512730E-01     1.43097690E+00     1.14010680E-03     1.38512995E+04     1.45721518E+04     1.66384427E+04     3.76345115E-02     3.95932748E-02     4.52080371E-02
    3.16000000E+03     3.47250000E+02     6.90454480E-01     1.43097690E+00     1.14010680E-03     1.50901633E+04     1.58463756E+04     1.80009463E+04     3.98285159E-02     4.18246173E-02     4.75119401E-02
    3.16000000E+03     3.52250000E+02     7.00396230E-01     1.43097690E+00     1.14010680E-03     1.64182348E+04     1.72110543E+04     1.94468132E+04     4.21125068E-02     4.41462507E-02     4.98815968E-02
    3.16000000E+03     3.57250000E+02     7.10337980E-01     1.43097690E+00     1.14010680E-03     1.78403077E+04     1.86710045E+04     2.09790195E+04     4.44883558E-02     4.65600367E-02     5.23162400E-02
    3.16000000E+03     3.62250000E+02     7.20279730E-01     1.43097690E+00     1.14010680E-03     1.93613244E+04     2.02312001E+04     2.26004964E+04     4.69578875E-02     4.90678060E-02     5.48149251E-02
    3.16000000E+03     3.67250000E+02     7.30221476E-01     1.43097690E+00     1.14010680E-03     2.09863826E+04     2.18967641E+04     2.43141233E+04     4.95228893E-02     5.16713411E-02     5.73765458E-02
    3.16000000E+03     3.72250000E+02     7.40163225E-01     1.43097690E+00     1.14010680E-03     2.27207304E+04     2.36729705E+04     2.61227124E+04     5.21851005E-02     5.43723763E-02     5.99998187E-02
    3.16000000E+03     3.77250000E+02     7.50104975E-01     1.43097690E+00     1.14010680E-03     2.45697626E+04     2.55652415E+04     2.80289911E+04     5.49462047E-02     5.71725913E-02     6.26832762E-02
    3.16000000E+03     3.82250000E+02     7.60046725E-01     1.43097690E+00     1.14010680E-03     2.65390230E+04     2.75791498E+04     3.00355939E+04     5.78078351E-02     6.00736215E-02     6.54252706E-02
    3.16000000E+03     3.87250000E+02     7.69988475E-01     1.43097690E+00     1.14010680E-03     2.86341957E+04     2.97204079E+04     3.21450388E+04     6.07715585E-02     6.30770315E-02     6.82239585E-02
    3.16000000E+03     3.92250000E+02     7.79930225E-01     1.43097690E+00     1.14010680E-03     3.08611069E+04     3.19948665E+04     3.43597168E+04     6.38388794E-02     6.61843164E-02     7.10773052E-02
    3.16000000E+03     3.97250000E+02     7.89871972E-01     1.43097690E+00     1.14010680E-03     3.32257170E+04     3.44085160E+04     3.66818707E+04     6.70112286E-02     6.93969092E-02     7.39830734E-02
    3.16000000E+03     4.02250000E+02     7.99813720E-01     1.43097690E+00     1.14010680E-03     3.57341158E+04     3.69674701E+04     3.91135777E+04     7.02899587E-02     7.27161522E-02     7.69388194E-02
    3.16000000E+03     4.07250000E+02     8.09755470E-01     1.43097690E+00     1.14010680E-03     3.83925252E+04     3.96779802E+04     4.16567389E+04     7.36763536E-02     7.61433293E-02     7.99419060E-02
    3.16000000E+03     4.12250000E+02     8.19697220E-01     1.43097690E+00     1.14010680E-03     4.12072839E+04     4.25464108E+04     4.43130502E+04     7.71716040E-02     7.96796238E-02     8.29894761E-02
    3.16000000E+03     4.17250000E+02     8.29638970E-01     1.43097690E+00     1.14010680E-03     4.41848472E+04     4.55792463E+04     4.70839887E+04     8.07768149E-02     8.33261412E-02     8.60784655E-02
    3.16000000E+03     4.22250000E+02     8.39580720E-01     1.43097690E+00     1.14010680E-03     4.73317800E+04     4.87830796E+04     4.99707941E+04     8.44930007E-02     8.70838918E-02     8.92055986E-02
    3.16000000E+03     4.27250000E+02     8.49522467E-01     1.43097690E+00     1.14010680E-03     5.06547441E+04     5.21645935E+04     5.29744407E+04     8.83210680E-02     9.09537677E-02     9.23673734E-02
    3.16000000E+03     4.32250000E+02     8.59464215E-01     1.43097690E+00     1.14010680E-03     5.41605037E+04     5.57305863E+04     5.60956318E+04     9.22618376E-02     9.49365973E-02     9.55600891E-02
    3.16000000E+03     4.37250000E+02     8.69405965E-01     1.43097690E+00     1.14010680E-03     5.78558996E+04     5.94879252E+04     5.93347624E+04     9.63160072E-02     9.90330719E-02     9.87798110E-02
    3.16000000E+03     4.42250000E+02     8.79347715E-01     1.43097690E+00     1.14010680E-03     6.17478637E+04     6.34435602E+04     6.26919180E+04     1.00484188E-01     1.03243783E-01     1.02022409E-01
    3.16000000E+03     4.47250000E+02     8.89289465E-01     1.43097690E+00     1.14010680E-03     6.58433860E+04     6.76045165E+04     6.61668344E+04     1.04766856E-01     1.07569217E-01     1.05283526E-01
    3.16000000E+03     4.52250000E+02     8.99231215E-01     1.43097690E+00     1.14010680E-03     7.01495215E+04     7.19778746E+04     6.97588880E+04     1.09164384E-01     1.12009740E-01     1.08558588E-01
    3.16000000E+03     4.57250000E+02     9.09172963E-01     1.43097690E+00     1.14010680E-03     7.46733804E+04     7.65707735E+04     7.34670809E+04     1.13677028E-01     1.16565605E-01     1.11842832E-01
    3.16000000E+03     4.62250000E+02     9.19114710E-01     1.43097690E+00     1.14010680E-03     7.94221001E+04     8.13903699E+04     7.72899970E+04     1.18304906E-01     1.21236916E-01     1.15131254E-01
    3.16000000E+03     4.67250000E+02     9.29056460E-01     1.43097690E+00     1.14010680E-03     8.44028665E+04     8.64438777E+04     8.12258188E+04     1.23048032E-01     1.26023680E-01     1.18418680E-01
    3.16000000E+03     4.72250000E+02     9.38998210E-01     1.43097690E+00     1.14010680E-03     8.96228839E+04     9.17385274E+04     8.52722855E+04     1.27906295E-01     1.30925786E-01     1.21699740E-01
    3.16000000E+03     4.77250000E+02     9.48939960E-01     1.43097690E+00     1.14010680E-03     9.50893549E+04     9.72815611E+04     8.94266642E+04     1.32879441E-01     1.35942989E-01     1.24968843E-01
    3.16000000E+03     4.82250000E+02     9.58881710E-01     1.43097690E+00     1.14010680E-03     1.00809493E+05     1.03080203E+05     9.36857567E+04     1.37967093E-01     1.41074892E-01     1.28220241E-01
    3.16000000E+03     4.87250000E+02     9.68823458E-01     1.43097690E+00     1.14010680E-03     1.06790501E+05     1.09141691E+05     9.80458721E+04     1.43168757E-01     1.46321004E-01     1.31447999E-01
    3.16000000E+03     4.92250000E+02     9.78765205E-01     1.43097690E+00     1.14010680E-03     1.13039569E+05     1.15473237E+05     1.02502821E+05     1.48483820E-01     1.51680700E-01     1.34646041E-01
    3.16000000E+03     4.97250000E+02     9.88706955E-01     1.43097690E+00     1.14010680E-03     1.19563846E+05     1.22082017E+05     1.07051875E+05     1.53911517E-01     1.57153213E-01     1.37808106E-01
    3.16000000E+03     5.12250000E+02     1.01853220E+00     1.43097690E+00     1.14010680E-03     1.41162121E+05     1.43948373E+05     1.21264000E+05     1.70969379E-01     1.74346782E-01     1.46951483E-01
    3.16000000E+03     5.37250000E+02     1.06824095E+00     1.43097690E+00     1.14010680E-03     1.82843682E+05     1.86116476E+05     1.46037086E+05     2.01358283E-01     2.04965078E-01     1.60920742E-01
    3.16000000E+03     5.62250000E+02     1.11794970E+00     1.43097690E+00     1.14010680E-03     2.32938850E+05     2.36755419E+05     1.71383250E+05     2.34257682E-01     2.38098247E-01     1.72464838E-01
    3.16000000E+03     5.87250000E+02     1.16765845E+00     1.43097690E+00     1.14010680E-03     2.92227422E+05     2.96649369E+05     1.95882779E+05     2.69429751E-01     2.73508903E-01     1.80728377E-01
    3.16000000E+03     6.12250000E+02     1.21736719E+00     1.43097690E+00     1.14010680E-03     3.61443095E+05     3.66537323E+05     2.17828425E+05     3.06623162E-01     3.10946721E-01     1.84933461E-01
    3.16000000E+03     6.37250000E+02     1.26707592E+00     1.43097690E+00     1.14010680E-03     4.41313844E+05     4.47153921E+05     2.35333579E+05     3.45617130E-01     3.50192586E-01     1.84460850E-01
    3.16000000E+03     6.62250000E+02     1.31678468E+00     1.43097690E+00     1.14010680E-03     5.32639054E+05     5.39306950E+05     2.46499512E+05     3.86273149E-01     3.91110331E-01     1.78934644E-01
    3.16000000E+03     6.87250000E+02     1.36649342E+00     1.43097690E+00     1.14010680E-03     6.36404388E+05     6.43992534E+05     2.49640438E+05     4.28588804E-01     4.33700481E-01     1.68303383E-01
    3.16000000E+03     7.12250000E+02     1.41620218E+00     1.43097690E+00     1.14010680E-03     7.53927750E+05     7.62541259E+05     2.43558763E+05     4.72745844E-01     4.78148159E-01     1.52910131E-01
    3.16000000E+03     7.37250000E+02     1.46591092E+00     1.43097690E+00     1.14010680E-03     8.87020461E+05     8.96779024E+05     2.27856472E+05     5.19143304E-01     5.24855815E-01     1.33544566E-01
    3.16000000E+03     7.62250000E+02     1.51561966E+00     1.43097690E+00     1.14010680E-03     1.03813505E+06     1.04917419E+06     2.03259938E+05     5.68404619E-01     5.74449898E-01     1.11469581E-01
    3.16000000E+03     7.87250000E+02     1.56532840E+00     1.43097690E+00     1.14010680E-03     1.21045752E+06     1.22292841E+06     1.71923678E+05     6.21347062E-01     6.27749611E-01     8.84136844E-02
    3.16000000E+03     8.12250000E+02     1.61503715E+00     1.43097690E+00     1.14010680E-03     1.40788718E+06     1.42195435E+06     1.37660206E+05     6.78901822E-01     6.85686261E-01     6.65171610E-02
    3.16000000E+03     8.37250000E+02     1.66474590E+00     1.43097690E+00     1.14010680E-03     1.63483924E+06     1.65067550E+06     1.06019834E+05     7.41976627E-01     7.49165086E-01     4.82167849E-02
    3.16000000E+03     8.62250000E+02     1.71445465E+00     1.43097690E+00     1.14010680E-03     1.89581226E+06     1.91358989E+06     8.41215319E+04     8.11262011E-01     8.18870699E-01     3.60532240E-02
    3.16000000E+03     8.87250000E+02     1.76416340E+00     1.43097690E+00     1.14010680E-03     2.19470338E+06     2.21458275E+06     8.01330577E+04     8.87000583E-01     8.95036284E-01     3.23938384E-02
    3.16000000E+03     9.12250000E+02     1.81387214E+00     1.43097690E+00     1.14010680E-03     2.53394035E+06     2.55605616E+06     1.02342016E+05     9.68765696E-01     9.77222402E-01     3.90864987E-02
    3.16000000E+03     9.37250000E+02     1.86358088E+00     1.43097690E+00     1.14010680E-03     2.91362102E+06     2.93806993E+06     1.57872295E+05     1.05532192E+00     1.06417898E+00     5.70976370E-02
    3.16000000E+03     9.62250000E+02     1.91328962E+00     1.43097690E+00     1.14010680E-03     3.33096280E+06     3.35779557E+06     2.51269442E+05     1.14464810E+00     1.15387053E+00     8.62266644E-02
    3.16000000E+03     9.87250000E+02     1.96299838E+00     1.43097690E+00     1.14010680E-03     3.78037467E+06     3.80959666E+06     3.83330083E+05     1.23417216E+00     1.24371387E+00     1.25002219E-01
    3.16000000E+03     1.01225000E+03     2.01270712E+00     1.43097690E+00     1.14010680E-03     4.25430966E+06     4.28589167E+06     5.50568218E+05     1.32119424E+00     1.33100377E+00     1.70827713E-01
    3.16000000E+03     1.03725000E+03     2.06241588E+00     1.43097690E+00     1.14010680E-03     4.74476111E+06     4.77865984E+06     7.45522558E+05     1.40338928E+00     1.41341723E+00     2.20356388E-01
    3.16000000E+03     1.06225000E+03     2.11212462E+00     1.43097690E+00     1.14010680E-03     5.24499199E+06     5.28117578E+06     9.57782098E+05     1.47923806E+00     1.48944425E+00     2.69983468E-01
    3.16000000E+03     1.08725000E+03     2.16183335E+00     1.43097690E+00     1.14010680E-03     5.75099785E+06     5.78947298E+06     1.17532941E+06     1.54826313E+00     1.55862239E+00     3.16302081E-01
    3.16000000E+03     1.11225000E+03     2.21154210E+00     1.43097690E+00     1.14010680E-03     6.26236492E+06     6.30319746E+06     1.38574814E+06     1.61103429E+00     1.62153965E+00     3.56406903E-01
    3.16000000E+03     1.13725000E+03     2.26125085E+00     1.43097690E+00     1.14010680E-03     6.78245902E+06     6.82578968E+06     1.57702015E+06     1.66899259E+00     1.67965587E+00     3.88014768E-01
    3.16000000E+03     1.16225000E+03     2.31095960E+00     1.43097690E+00     1.14010680E-03     7.31810965E+06     7.36416083E+06     1.73791841E+06     1.72418533E+00     1.73503574E+00     4.09452054E-01
    3.16000000E+03     1.18725000E+03     2.36066835E+00     1.43097690E+00     1.14010680E-03     7.87901335E+06     7.92808878E+06     1.85822443E+06     1.77899248E+00     1.79007347E+00     4.19597050E-01
    3.16000000E+03     1.21225000E+03     2.41037710E+00     1.43097690E+00     1.14010680E-03     8.47700372E+06     8.52948071E+06     1.92909032E+06     1.83588307E+00     1.84724829E+00     4.17859760E-01
    3.16000000E+03     1.23725000E+03     2.46008582E+00     1.43097690E+00     1.14010680E-03     9.12518473E+06     9.18149918E+06     1.94383319E+06     1.89719781E+00     1.90890611E+00     4.04249537E-01
    3.16000000E+03     1.26225000E+03     2.50979458E+00     1.43097690E+00     1.14010680E-03     9.83678907E+06     9.89741077E+06     1.89931626E+06     1.96492701E+00     1.97703641E+00     3.79537791E-01
    3.16000000E+03     1.28725000E+03     2.55950332E+00     1.43097690E+00     1.14010680E-03     1.06235719E+07     1.06889696E+07     1.79785191E+06     2.04045194E+00     2.05301282E+00     3.45476782E-01
    3.16000000E+03     1.31225000E+03     2.60921208E+00     1.43097690E+00     1.14010680E-03     1.14936534E+07     1.15642498E+07     1.64924522E+06     2.12424661E+00     2.13729429E+00     3.04986906E-01
    3.16000000E+03     1.33725000E+03     2.65892082E+00     1.43097690E+00     1.14010680E-03     1.24490266E+07     1.25251485E+07     1.47223321E+06     2.21559261E+00     2.22914053E+00     2.62184946E-01
    3.16000000E+03     1.36225000E+03     2.70862957E+00     1.43097690E+00     1.14010680E-03     1.34834087E+07     1.35652415E+07     1.29433745E+06     2.31242350E+00     2.32645830E+00     2.22122673E-01
    3.16000000E+03     1.38725000E+03     2.75833830E+00     1.43097690E+00     1.14010680E-03     1.45814804E+07     1.46690412E+07     1.14933817E+06     2.41144338E+00     2.42592442E+00     1.90176462E-01
    3.16000000E+03     1.41225000E+03     2.80804705E+00     1.43097690E+00     1.14010680E-03     1.57204603E+07     1.58136058E+07     1.07240352E+06     2.50860577E+00     2.52347017E+00     1.71181999E-01
    3.16000000E+03     1.43725000E+03     2.85775580E+00     1.43097690E+00     1.14010680E-03     1.68741436E+07     1.69726136E+07     1.09411332E+06     2.59988453E+00     2.61505700E+00     1.68573834E-01
    3.16000000E+03     1.46225000E+03     2.90746455E+00     1.43097690E+00     1.14010680E-03     1.80183077E+07     1.81217994E+07     1.23541209E+06     2.68209884E+00     2.69750470E+00     1.83842191E-01
    3.16000000E+03     1.48725000E+03     2.95717330E+00     1.43097690E+00     1.14010680E-03     1.91356461E+07     1.92438959E+07     1.50517374E+06     2.75350581E+00     2.76908295E+00     2.16485844E-01
    3.16000000E+03     1.51225000E+03     3.00688205E+00     1.43097690E+00     1.14010680E-03     2.02186764E+07     2.03315334E+07     1.90069306E+06     2.81398804E+00     2.82969576E+00     2.64397905E-01
    3.16000000E+03     1.53725000E+03     3.05659078E+00     1.43097690E+00     1.14010680E-03     2.12702181E+07     2.13876934E+07     2.41001957E+06     2.86486582E+00     2.88068885E+00     3.24441583E-01
    3.16000000E+03     1.56225000E+03     3.10629952E+00     1.43097690E+00     1.14010680E-03     2.23020907E+07     2.24243834E+07     3.01451824E+06     2.90850004E+00     2.92444892E+00     3.92958756E-01
    3.16000000E+03     1.58725000E+03     3.15600828E+00     1.43097690E+00     1.14010680E-03     2.33330880E+07     2.34605877E+07     3.69044372E+06     2.94786710E+00     2.96397529E+00     4.66066416E-01
    3.16000000E+03     1.61225000E+03     3.20571702E+00     1.43097690E+00     1.14010680E-03     2.43869569E+07     2.45202354E+07     4.40909886E+06     2.98620527E+00     3.00252526E+00     5.39728766E-01
    3.16000000E+03     1.63725000E+03     3.25542578E+00     1.43097690E+00     1.14010680E-03     2.54905657E+07     2.56303527E+07     5.13585325E+06     3.02674336E+00     3.04334143E+00     6.09682157E-01
    3.16000000E+03     1.66225000E+03     3.30513452E+00     1.43097690E+00     1.14010680E-03     2.66718967E+07     2.68190408E+07     5.82878345E+06     3.07245651E+00     3.08940642E+00     6.71330656E-01
    3.16000000E+03     1.68725000E+03     3.35484325E+00     1.43097690E+00     1.14010680E-03     2.79572448E+07     2.81126503E+07     6.43815285E+06     3.12577617E+00     3.14315104E+00     7.19755005E-01
    3.16000000E+03     1.71225000E+03     3.40455200E+00     1.43097690E+00     1.14010680E-03     2.93670340E+07     2.95315673E+07     6.90838221E+06     3.18820242E+00     3.20606446E+00     7.49992157E-01
    3.16000000E+03     1.73725000E+03     3.45426075E+00     1.43097690E+00     1.14010680E-03     3.09102052E+07     3.10845705E+07     7.18429617E+06     3.25983513E+00     3.27822371E+00     7.57719574E-01
    3.16000000E+03     1.76225000E+03     3.50396950E+00     1.43097690E+00     1.14010680E-03     3.25782682E+07     3.27628729E+07     7.22249679E+06     3.33895543E+00     3.35787547E+00     7.40349748E-01
    3.16000000E+03     1.78725000E+03     3.55367825E+00     1.43097690E+00     1.14010680E-03     3.43415950E+07     3.45364412E+07     7.00608652E+06     3.42190733E+00     3.44132245E+00     6.98273281E-01
    3.16000000E+03     1.81225000E+03     3.60338700E+00     1.43097690E+00     1.14010680E-03     3.61512296E+07     3.63558853E+07     6.55730172E+06     3.50354364E+00     3.52337773E+00     6.35686697E-01
    3.16000000E+03     1.83725000E+03     3.65309573E+00     1.43097690E+00     1.14010680E-03     3.79479067E+07     3.81615947E+07     5.94078136E+06     3.57829020E+00     3.59844017E+00     5.60387657E-01
    3.16000000E+03     1.86225000E+03     3.70280448E+00     1.43097690E+00     1.14010680E-03     3.96760862E+07     3.98978780E+07     5.25342429E+06     3.64150920E+00     3.66186581E+00     4.82351248E-01
    3.16000000E+03     1.88725000E+03     3.75251322E+00     1.43097690E+00     1.14010680E-03     4.12973009E+07     4.15263578E+07     4.60428255E+06     3.69058942E+00     3.71105973E+00     4.11619973E-01
    3.16000000E+03     1.91225000E+03     3.80222198E+00     1.43097690E+00     1.14010680E-03     4.27973223E+07     4.30331088E+07     4.09385162E+06     3.72532428E+00     3.74584873E+00     3.56456918E-01
    3.16000000E+03     1.93725000E+03     3.85193072E+00     1.43097690E+00     1.14010680E-03     4.41855881E+07     4.44280062E+07     3.80128371E+06     3.74756502E+00     3.76812562E+00     3.22453788E-01
    3.16000000E+03     1.96225000E+03     3.90163948E+00     1.43097690E+00     1.14010680E-03     4.54894654E+07     4.57388941E+07     3.78193715E+06     3.76048698E+00     3.78110647E+00     3.12637954E-01
    3.16000000E+03     1.98725000E+03     3.95134821E+00     1.43097690E+00     1.14010680E-03     4.67472716E+07     4.70045452E+07     4.07185661E+06     3.76785552E+00     3.78859165E+00     3.28135783E-01
    3.16000000E+03     2.01225000E+03     4.00105695E+00     1.43097690E+00     1.14010680E-03     4.80027970E+07     4.82691402E+07     4.69369709E+06     3.77351236E+00     3.79444924E+00     3.68863996E-01
    3.16000000E+03     2.03725000E+03     4.05076570E+00     1.43097690E+00     1.14010680E-03     4.93019549E+07     4.95789026E+07     5.65952866E+06     3.78109764E+00     3.80233688E+00     4.33889736E-01
    3.16000000E+03     2.06225000E+03     4.10047445E+00     1.43097690E+00     1.14010680E-03     5.06906941E+07     5.09799952E+07     6.96779922E+06     3.79390655E+00     3.81555831E+00     5.21306863E-01
    3.16000000E+03     2.08725000E+03     4.15018320E+00     1.43097690E+00     1.14010680E-03     5.22124480E+07     5.25159354E+07     8.59340595E+06     3.81473377E+00     3.83690624E+00     6.27630025E-01
    3.16000000E+03     2.11225000E+03     4.19989195E+00     1.43097690E+00     1.14010680E-03     5.39031144E+07     5.42225234E+07     1.04718314E+07     3.84556545E+00     3.86835193E+00     7.46854495E-01
    3.16000000E+03     2.13725000E+03     4.24960069E+00     1.43097690E+00     1.14010680E-03     5.57820918E+07     5.61188045E+07     1.24818548E+07     3.88704142E+00     3.91050363E+00     8.69553434E-01
    3.16000000E+03     2.16225000E+03     4.29930942E+00     1.43097690E+00     1.14010680E-03     5.78399370E+07     5.81946623E+07     1.44369060E+07     3.93776445E+00     3.96191363E+00     9.82696531E-01
    3.16000000E+03     2.18725000E+03     4.34901818E+00     1.43097690E+00     1.14010680E-03     6.00272472E+07     6.03997185E+07     1.60996548E+07     3.99378971E+00     4.01857089E+00     1.07105104E+00
    3.16000000E+03     2.21225000E+03     4.39872692E+00     1.43097690E+00     1.14010680E-03     6.22535112E+07     6.26423423E+07     1.72300890E+07     4.04883792E+00     4.07412649E+00     1.12058579E+00
    3.16000000E+03     2.23725000E+03     4.44843568E+00     1.43097690E+00     1.14010680E-03     6.44035631E+07     6.48064077E+07     1.76576293E+07     4.09560889E+00     4.12122698E+00     1.12296116E+00
    3.16000000E+03     2.26225000E+03     4.49814442E+00     1.43097690E+00     1.14010680E-03     6.63691850E+07     6.67832266E+07     1.73426396E+07     4.12787380E+00     4.15362558E+00     1.07876790E+00
    3.16000000E+03     2.28725000E+03     4.54785316E+00     1.43097690E+00     1.14010680E-03     6.80807942E+07     6.85034112E+07     1.63893997E+07     4.14230553E+00     4.16801949E+00     9.97372445E-01
    3.16000000E+03     2.31225000E+03     4.59756190E+00     1.43097690E+00     1.14010680E-03     6.95225200E+07     6.99518688E+07     1.50035137E+07     4.13908125E+00     4.16464309E+00     8.93440765E-01
    3.16000000E+03     2.33725000E+03     4.64727065E+00     1.43097690E+00     1.14010680E-03     7.07263555E+07     7.11617011E+07     1.34238895E+07     4.12117831E+00     4.14654571E+00     7.82389515E-01
    3.16000000E+03     2.36225000E+03     4.69697940E+00     1.43097690E+00     1.14010680E-03     7.17544731E+07     7.21962563E+07     1.18675842E+07     4.09307076E+00     4.11827117E+00     6.77124854E-01
    3.16000000E+03     2.38725000E+03     4.74668815E+00     1.43097690E+00     1.14010680E-03     7.26817278E+07     7.31314618E+07     1.05057354E+07     4.05958894E+00     4.08470819E+00     5.86922457E-01
    3.16000000E+03     2.41225000E+03     4.79639690E+00     1.43097690E+00     1.14010680E-03     7.35847948E+07     7.40448934E+07     9.46658399E+06     4.02527821E+00     4.05044622E+00     5.17937446E-01
    3.16000000E+03     2.43725000E+03     4.84610564E+00     1.43097690E+00     1.14010680E-03     7.45380575E+07     7.50116674E+07     8.85236917E+06     3.99419697E+00     4.01957501E+00     4.74408096E-01
    3.16000000E+03     2.46225000E+03     4.89581438E+00     1.43097690E+00     1.14010680E-03     7.56132190E+07     7.61040531E+07     8.75784643E+06     3.96993582E+00     3.99570515E+00     4.59809483E-01
    3.16000000E+03     2.48725000E+03     4.94552312E+00     1.43097690E+00     1.14010680E-03     7.68786902E+07     7.73908238E+07     9.28118960E+06     3.95562502E+00     3.98197450E+00     4.77483276E-01
    3.16000000E+03     2.52475000E+03     5.02008625E+00     1.43097690E+00     1.14010680E-03     7.92970522E+07     7.98491507E+07     1.15276792E+07     3.95956745E+00     3.98713013E+00     5.75037633E-01
    3.16000000E+03     2.57475000E+03     5.11950375E+00     1.43097690E+00     1.14010680E-03     8.34331619E+07     8.40472638E+07     1.69837948E+07     4.00573755E+00     4.03521676E+00     8.14521405E-01
    3.16000000E+03     2.62475000E+03     5.21892122E+00     1.43097690E+00     1.14010680E-03     8.79968596E+07     8.86685385E+07     2.38127049E+07     4.06549180E+00     4.09652134E+00     1.09938439E+00
    3.16000000E+03     2.67475000E+03     5.31833873E+00     1.43097690E+00     1.14010680E-03     9.15178138E+07     9.22249320E+07     2.85236176E+07     4.07182252E+00     4.10328341E+00     1.26881472E+00
    3.16000000E+03     2.72475000E+03     5.41775622E+00     1.43097690E+00     1.14010680E-03     9.31776868E+07     9.38981089E+07     2.91710021E+07     3.99515551E+00     4.02604478E+00     1.25094487E+00
    3.16000000E+03     2.77475000E+03     5.51717370E+00     1.43097690E+00     1.14010680E-03     9.34970056E+07     9.42245160E+07     2.69999856E+07     3.86576817E+00     3.89584691E+00     1.11670703E+00
    3.16000000E+03     2.82475000E+03     5.61659120E+00     1.43097690E+00     1.14010680E-03     9.34620307E+07     9.42066224E+07     2.41121024E+07     3.72870698E+00     3.75840977E+00     9.62288146E-01
    3.16000000E+03     2.87475000E+03     5.71600870E+00     1.43097690E+00     1.14010680E-03     9.39507481E+07     9.47340905E+07     2.18327957E+07     3.61884145E+00     3.64900970E+00     8.41185271E-01
    3.16000000E+03     2.92475000E+03     5.81542617E+00     1.43097690E+00     1.14010680E-03     9.57549746E+07     9.66064832E+07     2.09011952E+07     3.56312477E+00     3.59480378E+00     7.77817708E-01
    3.16000000E+03     2.97475000E+03     5.91484368E+00     1.43097690E+00     1.14010680E-03     9.93435502E+07     1.00289845E+08     2.20502508E+07     3.57326990E+00     3.60730090E+00     7.92975849E-01
    3.16000000E+03     3.02475000E+03     6.01426117E+00     1.43097690E+00     1.14010680E-03     1.03783133E+08     1.04823461E+08     2.56350748E+07     3.61060858E+00     3.64679783E+00     8.91504684E-01
    3.16000000E+03     3.07475000E+03     6.11367865E+00     1.43097690E+00     1.14010680E-03     1.06550304E+08     1.07645466E+08     3.01658558E+07     3.58756714E+00     3.62443986E+00     1.01534386E+00
    3.16000000E+03     3.12475000E+03     6.21309615E+00     1.43097690E+00     1.14010680E-03     1.06365392E+08     1.07473980E+08     3.33248222E+07     3.46787366E+00     3.50401599E+00     1.08627498E+00
    3.16000000E+03     3.17475000E+03     6.31251365E+00     1.43097690E+00     1.14010680E-03     1.04292963E+08     1.05402796E+08     3.49240710E+07     3.29412754E+00     3.32917944E+00     1.10291244E+00
    3.16000000E+03     3.22475000E+03     6.41193113E+00     1.43097690E+00     1.14010680E-03     1.01813806E+08     1.02937502E+08     3.65818341E+07     3.11685200E+00     3.15124796E+00     1.11964535E+00
    3.16000000E+03     3.27475000E+03     6.51134863E+00     1.43097690E+00     1.14010680E-03     1.00083546E+08     1.01250212E+08     3.98222089E+07     2.97093336E+00     3.00555970E+00     1.18175101E+00
    3.16000000E+03     3.32475000E+03     6.61076612E+00     1.43097690E+00     1.14010680E-03     1.00253223E+08     1.01506949E+08     4.48241554E+07     2.88694664E+00     2.92304281E+00     1.29043748E+00
    3.16000000E+03     3.37475000E+03     6.71018360E+00     1.43097690E+00     1.14010680E-03     1.03264587E+08     1.04653177E+08     4.91115485E+07     2.88600005E+00     2.92480152E+00     1.37253457E+00
    3.16000000E+03     3.42475000E+03     6.80960110E+00     1.43097690E+00     1.14010680E-03     1.07958472E+08     1.09486919E+08     4.75620534E+07     2.92974680E+00     2.97122176E+00     1.29122460E+00
    3.16000000E+03     3.47475000E+03     6.90901860E+00     1.43097690E+00     1.14010680E-03     1.10293243E+08     1.11892080E+08     3.94580662E+07     2.90785813E+00     2.95000956E+00     1.04089539E+00
    3.16000000E+03     3.52475000E+03     7.00843608E+00     1.43097690E+00     1.14010680E-03     1.08559462E+08     1.10159648E+08     3.17510023E+07     2.78172136E+00     2.82272239E+00     8.13865558E-01
    3.16000000E+03     3.57475000E+03     7.10785358E+00     1.43097690E+00     1.14010680E-03     1.04669306E+08     1.06257301E+08     2.86992608E+07     2.60760054E+00     2.64715842E+00     7.14944462E-01
    3.16000000E+03     3.62475000E+03     7.20727108E+00     1.43097690E+00     1.14010680E-03     1.00403927E+08     1.02000594E+08     3.05793600E+07     2.43279664E+00     2.47147900E+00     7.40619370E-01
    3.16000000E+03     3.67475000E+03     7.30668856E+00     1.43097690E+00     1.14010680E-03     9.70024557E+07     9.86493502E+07     3.86725406E+07     2.28677289E+00     2.32559093E+00     9.10980765E-01
    3.16000000E+03     3.72475000E+03     7.40610605E+00     1.43097690E+00     1.14010680E-03     9.60242212E+07     9.77878228E+07     5.58867343E+07     2.20316844E+00     2.24362497E+00     1.28113023E+00
    3.16000000E+03     3.77475000E+03     7.50552355E+00     1.43097690E+00     1.14010680E-03     9.91697759E+07     1.01131787E+08     8.13883884E+07     2.21523665E+00     2.25905756E+00     1.81696566E+00
    3.16000000E+03     3.82475000E+03     7.60494103E+00     1.43097690E+00     1.14010680E-03     1.05168574E+08     1.07341463E+08     9.73211790E+07     2.28822461E+00     2.33549923E+00     2.11766193E+00
    3.16000000E+03     3.87475000E+03     7.70435852E+00     1.43097690E+00     1.14010680E-03     1.07915503E+08     1.10170410E+08     8.15806882E+07     2.28805608E+00     2.33586484E+00     1.73103431E+00
    3.16000000E+03     3.92475000E+03     7.80377603E+00     1.43097690E+00     1.14010680E-03     1.05735841E+08     1.07962625E+08     5.07733913E+07     2.18522967E+00     2.23124903E+00     1.05050252E+00
    3.16000000E+03     3.97475000E+03     7.90319351E+00     1.43097690E+00     1.14010680E-03     1.01710195E+08     1.03899379E+08     2.91170773E+07     2.04951418E+00     2.09362458E+00     5.87292531E-01
    3.16000000E+03     4.02475000E+03     8.00261100E+00     1.43097690E+00     1.14010680E-03     9.73655084E+07     9.95454437E+07     2.05040169E+07     1.91352094E+00     1.95635883E+00     4.03049025E-01
    3.16000000E+03     4.07475000E+03     8.10202850E+00     1.43097690E+00     1.14010680E-03     9.38053681E+07     9.60296806E+07     2.30893915E+07     1.79852737E+00     1.84116834E+00     4.42330534E-01
    3.16000000E+03     4.12475000E+03     8.20144598E+00     1.43097690E+00     1.14010680E-03     9.30714880E+07     9.54393892E+07     4.06694687E+07     1.74129664E+00     1.78559178E+00     7.59853892E-01
    3.16000000E+03     4.17475000E+03     8.30086347E+00     1.43097690E+00     1.14010680E-03     9.78124822E+07     1.00466236E+08     8.30559603E+07     1.78619481E+00     1.83465120E+00     1.51492449E+00
    3.16000000E+03     4.22475000E+03     8.40028097E+00     1.43097690E+00     1.14010680E-03     1.06547755E+08     1.09519500E+08     1.36394792E+08     1.89996027E+00     1.95295189E+00     2.43115704E+00
    3.16000000E+03     4.27475000E+03     8.49969846E+00     1.43097690E+00     1.14010680E-03     1.10411906E+08     1.13473152E+08     1.41092582E+08     1.92335138E+00     1.97667883E+00     2.45878453E+00
    3.16000000E+03     4.32475000E+03     8.59911595E+00     1.43097690E+00     1.14010680E-03     1.09139588E+08     1.12140161E+08     9.75453963E+07     1.85754617E+00     1.90861612E+00     1.66181937E+00
    3.16000000E+03     4.37475000E+03     8.69853345E+00     1.43097690E+00     1.14010680E-03     1.07136546E+08     1.10085038E+08     5.30961342E+07     1.78201921E+00     1.83106130E+00     8.84257388E-01
    3.16000000E+03     4.42475000E+03     8.79795094E+00     1.43097690E+00     1.14010680E-03     1.04664066E+08     1.07583438E+08     2.82061907E+07     1.70178488E+00     1.74925057E+00     4.59034160E-01
    3.16000000E+03     4.47475000E+03     8.89736842E+00     1.43097690E+00     1.14010680E-03     1.02610485E+08     1.05552776E+08     2.26988978E+07     1.63127264E+00     1.67804533E+00     3.60773545E-01
    3.16000000E+03     4.52475000E+03     8.99678592E+00     1.43097690E+00     1.14010680E-03     1.03733755E+08     1.06833786E+08     3.45109373E+07     1.61273945E+00     1.66093122E+00     5.35933637E-01
    3.16000000E+03     4.57475000E+03     9.09620341E+00     1.43097690E+00     1.14010680E-03     1.11777462E+08     1.15267234E+08     7.45966475E+07     1.69979215E+00     1.75285746E+00     1.13294939E+00
    3.16000000E+03     4.62475000E+03     9.19562090E+00     1.43097690E+00     1.14010680E-03     1.24544183E+08     1.28478213E+08     1.43353281E+08     1.85329017E+00     1.91183223E+00     2.13178151E+00
    3.16000000E+03     4.67475000E+03     9.29503840E+00     1.43097690E+00     1.14010680E-03     1.29501465E+08     1.33483495E+08     1.71678170E+08     1.88632492E+00     1.94433089E+00     2.50092758E+00
    3.16000000E+03     4.72475000E+03     9.39445589E+00     1.43097690E+00     1.14010680E-03     1.30262368E+08     1.34146490E+08     1.39705374E+08     1.85743894E+00     1.91282609E+00     1.99336212E+00
    3.16000000E+03     4.77475000E+03     9.49387337E+00     1.43097690E+00     1.14010680E-03     1.31977647E+08     1.35827086E+08     8.67027740E+07     1.84269480E+00     1.89644292E+00     1.21186064E+00
    3.16000000E+03     4.82475000E+03     9.59329087E+00     1.43097690E+00     1.14010680E-03     1.32388600E+08     1.36204639E+08     4.57103729E+07     1.81035792E+00     1.86254122E+00     6.25700027E-01
    3.16000000E+03     4.87475000E+03     9.69270836E+00     1.43097690E+00     1.14010680E-03     1.32596985E+08     1.36416911E+08     3.56749084E+07     1.77616556E+00     1.82733376E+00     4.77735436E-01
    3.16000000E+03     4.92475000E+03     9.79212585E+00     1.43097690E+00     1.14010680E-03     1.36529187E+08     1.40530199E+08     5.80696746E+07     1.79175722E+00     1.84426238E+00     7.61286393E-01
    3.16000000E+03     4.97475000E+03     9.89154335E+00     1.43097690E+00     1.14010680E-03     1.49052054E+08     1.53593154E+08     1.15815922E+08     1.91676694E+00     1.97516013E+00     1.48804686E+00
    3.16000000E+03     5.00000000E+03     9.94174920E+00     1.43097690E+00     1.14010680E-03     1.58664790E+08     1.63585230E+08     1.54512750E+08     2.02018270E+00     2.08283180E+00     1.96731740E+00
