    3.16000000E+03     5.00000000E-01     9.94174900E-04     2.82055000E+00     1.12315400E+00     0.00000000E+00     5.12975600E-04     0.00000000E+00     0.00000000E+00     6.53140900E-04     0.00000000E+00
    3.16000000E+03     1.00000000E+00     1.98834980E-03     2.82055000E+00     1.12315400E+00     1.00000000E-10     4.10383430E-03     1.00000000E-10     0.00000000E+00     1.30629100E-03     0.00000000E+00
    3.16000000E+03     1.50000000E+00     2.98252480E-03     2.82055000E+00     1.12315400E+00     9.00000000E-10     1.38506050E-02     1.40000000E-09     1.00000000E-10     1.95945980E-03     2.00000000E-10
    3.16000000E+03     2.00000000E+00     3.97669970E-03     2.82055000E+00     1.12315400E+00     5.30000000E-09     3.28316130E-02     7.90000000E-09     4.00000000E-10     2.61265660E-03     6.00000000E-10
    3.16000000E+03     2.50000000E+00     4.97087460E-03     2.82055000E+00     1.12315400E+00     2.00000000E-08     6.41256220E-02     3.01000000E-08     1.00000000E-09     3.26589100E-03     1.50000000E-09
    3.16000000E+03     3.00000000E+00     5.96504950E-03     2.82055000E+00     1.12315400E+00     5.99000000E-08     1.10811990E-01     8.98000000E-08     2.10000000E-09     3.91917250E-03     3.20000000E-09
    3.16000000E+03     3.50000000E+00     6.95922440E-03     2.82055000E+00     1.12315400E+00     1.50900000E-07     1.75970820E-01     2.26400000E-07     3.90000000E-09     4.57251030E-03     5.90000000E-09
    3.16000000E+03     4.00000000E+00     7.95339930E-03     2.82055000E+00     1.12315400E+00     3.36300000E-07     2.62683080E-01     5.04500000E-07     6.70000000E-09     5.22591360E-03     1.00000000E-08
    3.16000000E+03     4.50000000E+00     8.94757430E-03     2.82055000E+00     1.12315400E+00     6.81800000E-07     3.74030830E-01     1.02270000E-06     1.07000000E-08     5.87939300E-03     1.61000000E-08
    3.16000000E+03     5.00000000E+00     9.94174920E-03     2.82055000E+00     1.12315400E+00     1.28300000E-06     5.13097300E-01     1.92440000E-06     1.63000000E-08     6.53295760E-03     2.45000000E-08
    3.16000000E+03     5.50000000E+00     1.09359240E-02     2.82055000E+00     1.12315400E+00     2.27300000E-06     6.82967040E-01     3.40910000E-06     2.39000000E-08     7.18661670E-03     3.59000000E-08
    3.16000000E+03     6.00000000E+00     1.19300990E-02     2.82055000E+00     1.12315400E+00     3.83120000E-06     8.86726110E-01     5.74620000E-06     3.39000000E-08     7.84038000E-03     5.08000000E-08
    3.16000000E+03     6.50000000E+00     1.29242740E-02     2.82055000E+00     1.12315400E+00     6.19320000E-06     1.12746230E+00     9.28860000E-06     4.67000000E-08     8.49425780E-03     7.00000000E-08
    3.16000000E+03     7.00000000E+00     1.39184490E-02     2.82055000E+00     1.12315400E+00     9.66120000E-06     1.40826530E+00     1.44897000E-05     6.28000000E-08     9.14826020E-03     9.41000000E-08
    3.16000000E+03     7.50000000E+00     1.49126240E-02     2.82055000E+00     1.12315400E+00     1.46158000E-05     1.73222630E+00     2.19200000E-05     8.27000000E-08     9.80239540E-03     1.24000000E-07
    3.16000000E+03     8.00000000E+00     1.59067990E-02     2.82055000E+00     1.12315400E+00     2.15281000E-05     2.10243920E+00     3.22860000E-05     1.07100000E-07     1.04566740E-02     1.60600000E-07
    3.16000000E+03     8.50000000E+00     1.69009740E-02     2.82055000E+00     1.12315400E+00     3.09735000E-05     2.52199980E+00     4.64503000E-05     1.36500000E-07     1.11111070E-02     2.04600000E-07
    3.16000000E+03     9.00000000E+00     1.78951490E-02     2.82055000E+00     1.12315400E+00     4.36460000E-05     2.99400670E+00     6.54532000E-05     1.71500000E-07     1.17657030E-02     2.57200000E-07
    3.16000000E+03     9.50000000E+00     1.88893230E-02     2.82055000E+00     1.12315400E+00     6.03732000E-05     3.52156080E+00     9.05355000E-05     2.12900000E-07     1.24204720E-02     3.19300000E-07
    3.16000000E+03     1.00000000E+01     1.98834980E-02     2.82055000E+00     1.12315400E+00     8.21328000E-05     4.10776570E+00     1.23162600E-04     2.61400000E-07     1.30754240E-02     3.92000000E-07
    3.16000000E+03     1.05000000E+01     2.08776730E-02     2.82055000E+00     1.12315400E+00     1.10069500E-04     4.75572830E+00     1.65050100E-04     3.17800000E-07     1.37305700E-02     4.76500000E-07
    3.16000000E+03     1.10000000E+01     2.18718480E-02     2.82055000E+00     1.12315400E+00     1.45513400E-04     5.46855860E+00     2.18191500E-04     3.82800000E-07     1.43859190E-02     5.74000000E-07
    3.16000000E+03     1.15000000E+01     2.28660230E-02     2.82055000E+00     1.12315400E+00     1.89998300E-04     6.24936910E+00     2.84885400E-04     4.57300000E-07     1.50414810E-02     6.85700000E-07
    3.16000000E+03     1.20000000E+01     2.38601980E-02     2.82055000E+00     1.12315400E+00     2.45282800E-04     7.10127680E+00     3.67766600E-04     5.42200000E-07     1.56972680E-02     8.12900000E-07
    3.16000000E+03     1.25000000E+01     2.48543730E-02     2.82055000E+00     1.12315400E+00     3.13369800E-04     8.02740130E+00     4.69836200E-04     6.38400000E-07     1.63532870E-02     9.57100000E-07
    3.16000000E+03     1.30000000E+01     2.58485480E-02     2.82055000E+00     1.12315400E+00     3.96529400E-04     9.03086760E+00     5.94495100E-04     7.46900000E-07     1.70095520E-02     1.11970000E-06
    3.16000000E+03     1.35000000E+01     2.68427230E-02     2.82055000E+00     1.12315400E+00     4.97321000E-04     1.01148020E+01     7.45577100E-04     8.68600000E-07     1.76660700E-02     1.30220000E-06
    3.16000000E+03     1.40000000E+01     2.78368980E-02     2.82055000E+00     1.12315400E+00     6.18617200E-04     1.12823370E+01     9.27384900E-04     1.00470000E-06     1.83228540E-02     1.50610000E-06
    3.16000000E+03     1.45000000E+01     2.88310730E-02     2.82055000E+00     1.12315400E+00     7.63628500E-04     1.25366090E+01     1.14472650E-03     1.15610000E-06     1.89799120E-02     1.73310000E-06
    3.16000000E+03     1.50000000E+01     2.98252480E-02     2.82055000E+00     1.12315400E+00     9.35928500E-04     1.38807580E+01     1.40295330E-03     1.32410000E-06     1.96372550E-02     1.98480000E-06
    3.16000000E+03     1.55000000E+01     3.08194220E-02     2.82055000E+00     1.12315400E+00     1.13948070E-03     1.53179280E+01     1.70799980E-03     1.50970000E-06     2.02948920E-02     2.26290000E-06
    3.16000000E+03     1.60000000E+01     3.18135970E-02     2.82055000E+00     1.12315400E+00     1.37866630E-03     1.68512720E+01     2.06642490E-03     1.71420000E-06     2.09528380E-02     2.56940000E-06
    3.16000000E+03     1.65000000E+01     3.28077720E-02     2.82055000E+00     1.12315400E+00     1.65831110E-03     1.84839430E+01     2.48545270E-03     1.93890000E-06     2.16110990E-02     2.90590000E-06
    3.16000000E+03     1.70000000E+01     3.38019470E-02     2.82055000E+00     1.12315400E+00     1.98371710E-03     2.02191020E+01     2.97301830E-03     2.18490000E-06     2.22696890E-02     3.27450000E-06
    3.16000000E+03     1.75000000E+01     3.47961220E-02     2.82055000E+00     1.12315400E+00     2.36069040E-03     2.20599130E+01     3.53781060E-03     2.45370000E-06     2.29286150E-02     3.67710000E-06
    3.16000000E+03     1.80000000E+01     3.57902970E-02     2.82055000E+00     1.12315400E+00     2.79557390E-03     2.40095480E+01     4.18932070E-03     2.74650000E-06     2.35878900E-02     4.11570000E-06
    3.16000000E+03     1.85000000E+01     3.67844720E-02     2.82055000E+00     1.12315400E+00     3.29527970E-03     2.60711840E+01     4.93788910E-03     3.06480000E-06     2.42475250E-02     4.59250000E-06
    3.16000000E+03     1.90000000E+01     3.77786470E-02     2.82055000E+00     1.12315400E+00     3.86732050E-03     2.82480020E+01     5.79475380E-03     3.41000000E-06     2.49075290E-02     5.10950000E-06
    3.16000000E+03     1.95000000E+01     3.87728220E-02     2.82055000E+00     1.12315400E+00     4.51984510E-03     3.05431910E+01     6.77210230E-03     3.78360000E-06     2.55679140E-02     5.66900000E-06
    3.16000000E+03     2.00000000E+01     3.97669970E-02     2.82055000E+00     1.12315400E+00     5.26167350E-03     3.29599450E+01     7.88312360E-03     4.18710000E-06     2.62286900E-02     6.27320000E-06
    3.16000000E+03     2.05000000E+01     4.07611720E-02     2.82055000E+00     1.12315400E+00     6.10233130E-03     3.55014640E+01     9.14205980E-03     4.62210000E-06     2.68898670E-02     6.92450000E-06
    3.16000000E+03     2.10000000E+01     4.17553470E-02     2.82055000E+00     1.12315400E+00     7.05208920E-03     3.81709580E+01     1.05642650E-02     5.09010000E-06     2.75514580E-02     7.62520000E-06
    3.16000000E+03     2.15000000E+01     4.27495210E-02     2.82055000E+00     1.12315400E+00     8.12199980E-03     4.09716440E+01     1.21662570E-02     5.59290000E-06     2.82134760E-02     8.37780000E-06
    3.16000000E+03     2.20000000E+01     4.37436960E-02     2.82055000E+00     1.12315400E+00     9.32393220E-03     4.39067370E+01     1.39657750E-02     6.13200000E-06     2.88759250E-02     9.18480000E-06
    3.16000000E+03     2.25000000E+01     4.47378710E-02     2.82055000E+00     1.12315400E+00     1.06706200E-02     4.69794670E+01     1.59818420E-02     6.70930000E-06     2.95388210E-02     1.00487000E-05
    3.16000000E+03     2.30000000E+01     4.57320460E-02     2.82055000E+00     1.12315400E+00     1.21756950E-02     5.01930710E+01     1.82348230E-02     7.32640000E-06     3.02021750E-02     1.09723000E-05
    3.16000000E+03     2.35000000E+01     4.67262210E-02     2.82055000E+00     1.12315400E+00     1.38537330E-02     5.35507930E+01     2.07464880E-02     7.98510000E-06     3.08659960E-02     1.19580000E-05
    3.16000000E+03     2.40000000E+01     4.77203960E-02     2.82055000E+00     1.12315400E+00     1.57202960E-02     5.70558840E+01     2.35400730E-02     8.68740000E-06     3.15302980E-02     1.30087000E-05
    3.16000000E+03     2.45000000E+01     4.87145710E-02     2.82055000E+00     1.12315400E+00     1.77919700E-02     6.07115980E+01     2.66403430E-02     9.43500000E-06     3.21950880E-02     1.41273000E-05
    3.16000000E+03     2.50000000E+01     4.97087460E-02     2.82055000E+00     1.12315400E+00     2.00864220E-02     6.45212090E+01     3.00736670E-02     1.02299000E-05     3.28603810E-02     1.53164000E-05
    3.16000000E+03     2.55000000E+01     5.07029210E-02     2.82055000E+00     1.12315400E+00     2.26224340E-02     6.84879900E+01     3.38680750E-02     1.10741000E-05     3.35261880E-02     1.65791000E-05
    3.16000000E+03     2.60000000E+01     5.16970960E-02     2.82055000E+00     1.12315400E+00     2.54199490E-02     7.26152170E+01     3.80533230E-02     1.19696000E-05     3.41925160E-02     1.79183000E-05
    3.16000000E+03     2.65000000E+01     5.26912710E-02     2.82055000E+00     1.12315400E+00     2.85001350E-02     7.69061950E+01     4.26609910E-02     1.29183000E-05     3.48593830E-02     1.93370000E-05
    3.16000000E+03     2.70000000E+01     5.36854460E-02     2.82055000E+00     1.12315400E+00     3.18854070E-02     8.13642110E+01     4.77245050E-02     1.39224000E-05     3.55267930E-02     2.08384000E-05
    3.16000000E+03     2.75000000E+01     5.46796200E-02     2.82055000E+00     1.12315400E+00     3.55995130E-02     8.59925950E+01     5.32792790E-02     1.49840000E-05     3.61947670E-02     2.24255000E-05
    3.16000000E+03     2.80000000E+01     5.56737950E-02     2.82055000E+00     1.12315400E+00     3.96675300E-02     9.07946410E+01     5.93626930E-02     1.61053000E-05     3.68633050E-02     2.41017000E-05
    3.16000000E+03     2.85000000E+01     5.66679700E-02     2.82055000E+00     1.12315400E+00     4.41159830E-02     9.57736980E+01     6.60142830E-02     1.72885000E-05     3.75324270E-02     2.58701000E-05
    3.16000000E+03     2.90000000E+01     5.76621450E-02     2.82055000E+00     1.12315400E+00     4.89728420E-02     1.00933100E+02     7.32757250E-02     1.85357000E-05     3.82021430E-02     2.77341000E-05
    3.16000000E+03     2.95000000E+01     5.86563200E-02     2.82055000E+00     1.12315400E+00     5.42676040E-02     1.06276190E+02     8.11909630E-02     1.98494000E-05     3.88724640E-02     2.96971000E-05
    3.16000000E+03     3.00000000E+01     5.96504950E-02     2.82055000E+00     1.12315400E+00     6.00313340E-02     1.11806340E+02     8.98062620E-02     2.12317000E-05     3.95434020E-02     3.17625000E-05
    3.16000000E+03     3.05000000E+01     6.06446700E-02     2.82055000E+00     1.12315400E+00     6.62967190E-02     1.17526890E+02     9.91702930E-02     2.26852000E-05     4.02149640E-02     3.39338000E-05
    3.16000000E+03     3.10000000E+01     6.16388450E-02     2.82055000E+00     1.12315400E+00     7.30981650E-02     1.23441260E+02     1.09334280E-01     2.42121000E-05     4.08871710E-02     3.62145000E-05
    3.16000000E+03     3.15000000E+01     6.26330200E-02     2.82055000E+00     1.12315400E+00     8.04717790E-02     1.29552800E+02     1.20351940E-01     2.58150000E-05     4.15600270E-02     3.86084000E-05
    3.16000000E+03     3.20000000E+01     6.36271950E-02     2.82055000E+00     1.12315400E+00     8.84554830E-02     1.35864930E+02     1.32279720E-01     2.74963000E-05     4.22335450E-02     4.11191000E-05
    3.16000000E+03     3.25000000E+01     6.46213700E-02     2.82055000E+00     1.12315400E+00     9.70890820E-02     1.42381070E+02     1.45176810E-01     2.92586000E-05     4.29077410E-02     4.37503000E-05
    3.16000000E+03     3.30000000E+01     6.56155450E-02     2.82055000E+00     1.12315400E+00     1.06414270E-01     1.49104630E+02     1.59105230E-01     3.11044000E-05     4.35826240E-02     4.65058000E-05
    3.16000000E+03     3.35000000E+01     6.66097200E-02     2.82055000E+00     1.12315400E+00     1.16474750E-01     1.56039050E+02     1.74129930E-01     3.30364000E-05     4.42582060E-02     4.93894000E-05
    3.16000000E+03     3.40000000E+01     6.76038940E-02     2.82055000E+00     1.12315400E+00     1.27316250E-01     1.63187780E+02     1.90318890E-01     3.50571000E-05     4.49345000E-02     5.24052000E-05
    3.16000000E+03     3.45000000E+01     6.85980690E-02     2.82055000E+00     1.12315400E+00     1.38986620E-01     1.70554270E+02     2.07743200E-01     3.71693000E-05     4.56115180E-02     5.55570000E-05
    3.16000000E+03     3.50000000E+01     6.95922440E-02     2.82055000E+00     1.12315400E+00     1.51535860E-01     1.78141990E+02     2.26477150E-01     3.93758000E-05     4.62892700E-02     5.88489000E-05
    3.16000000E+03     3.55000000E+01     7.05864190E-02     2.82055000E+00     1.12315400E+00     1.65016250E-01     1.85954430E+02     2.46598340E-01     4.16793000E-05     4.69677710E-02     6.22850000E-05
    3.16000000E+03     3.60000000E+01     7.15805940E-02     2.82055000E+00     1.12315400E+00     1.79482330E-01     1.93995090E+02     2.68187780E-01     4.40826000E-05     4.76470310E-02     6.58695000E-05
    3.16000000E+03     3.65000000E+01     7.25747690E-02     2.82055000E+00     1.12315400E+00     1.94991030E-01     2.02267450E+02     2.91329940E-01     4.65885000E-05     4.83270620E-02     6.96065000E-05
    3.16000000E+03     3.70000000E+01     7.35689440E-02     2.82055000E+00     1.12315400E+00     2.11601750E-01     2.10775070E+02     3.16112960E-01     4.92001000E-05     4.90078800E-02     7.35003000E-05
    3.16000000E+03     3.75000000E+01     7.45631190E-02     2.82055000E+00     1.12315400E+00     2.29376380E-01     2.19521480E+02     3.42628630E-01     5.19202000E-05     4.96894960E-02     7.75553000E-05
    3.16000000E+03     3.80000000E+01     7.55572940E-02     2.82055000E+00     1.12315400E+00     2.48379340E-01     2.28510190E+02     3.70972470E-01     5.47518000E-05     5.03719190E-02     8.17758000E-05
    3.16000000E+03     3.85000000E+01     7.65514690E-02     2.82055000E+00     1.12315400E+00     2.68677810E-01     2.37744810E+02     4.01244090E-01     5.76980000E-05     5.10551670E-02     8.61663000E-05
    3.16000000E+03     3.90000000E+01     7.75456440E-02     2.82055000E+00     1.12315400E+00     2.90341590E-01     2.47228880E+02     4.33546880E-01     6.07617000E-05     5.17392480E-02     9.07313000E-05
    3.16000000E+03     3.95000000E+01     7.85398190E-02     2.82055000E+00     1.12315400E+00     3.13443320E-01     2.56966010E+02     4.67988480E-01     6.39462000E-05     5.24241740E-02     9.54753000E-05
    3.16000000E+03     4.00000000E+01     7.95339930E-02     2.82055000E+00     1.12315400E+00     3.38058540E-01     2.66959790E+02     5.04680760E-01     6.72546000E-05     5.31099610E-02     1.00403000E-04
    3.16000000E+03     4.05000000E+01     8.05281680E-02     2.82055000E+00     1.12315400E+00     3.64265750E-01     2.77213860E+02     5.43739920E-01     7.06901000E-05     5.37966230E-02     1.05519200E-04
    3.16000000E+03     4.10000000E+01     8.15223430E-02     2.82055000E+00     1.12315400E+00     3.92146410E-01     2.87731840E+02     5.85286510E-01     7.42558000E-05     5.44841690E-02     1.10828400E-04
    3.16000000E+03     4.15000000E+01     8.25165180E-02     2.82055000E+00     1.12315400E+00     4.21785070E-01     2.98517370E+02     6.29445660E-01     7.79552000E-05     5.51726100E-02     1.16335500E-04
    3.16000000E+03     4.20000000E+01     8.35106930E-02     2.82055000E+00     1.12315400E+00     4.53269630E-01     3.09574140E+02     6.76347310E-01     8.17915000E-05     5.58619650E-02     1.22045400E-04
    3.16000000E+03     4.25000000E+01     8.45048680E-02     2.82055000E+00     1.12315400E+00     4.86691110E-01     3.20905820E+02     7.26126060E-01     8.57681000E-05     5.65522450E-02     1.27963000E-04
    3.16000000E+03     4.30000000E+01     8.54990430E-02     2.82055000E+00     1.12315400E+00     5.22143820E-01     3.32516090E+02     7.78921300E-01     8.98883000E-05     5.72434600E-02     1.34093200E-04
    3.16000000E+03     4.35000000E+01     8.64932180E-02     2.82055000E+00     1.12315400E+00     5.59725630E-01     3.44408670E+02     8.34877590E-01     9.41557000E-05     5.79356220E-02     1.40441200E-04
    3.16000000E+03     4.40000000E+01     8.74873930E-02     2.82055000E+00     1.12315400E+00     5.99537940E-01     3.56587310E+02     8.94144720E-01     9.85738000E-05     5.86287520E-02     1.47011900E-04
    3.16000000E+03     4.45000000E+01     8.84815680E-02     2.82055000E+00     1.12315400E+00     6.41685500E-01     3.69055700E+02     9.56877320E-01     1.03146000E-04     5.93228500E-02     1.53810600E-04
    3.16000000E+03     4.50000000E+01     8.94757430E-02     2.82055000E+00     1.12315400E+00     6.86277200E-01     3.81817680E+02     1.02323610E+00     1.07876000E-04     6.00179460E-02     1.60842500E-04
    3.16000000E+03     4.55000000E+01     9.04699180E-02     2.82055000E+00     1.12315400E+00     7.33425130E-01     3.94876960E+02     1.09338640E+00     1.12767300E-04     6.07140370E-02     1.68112900E-04
    3.16000000E+03     4.60000000E+01     9.14640920E-02     2.82055000E+00     1.12315400E+00     7.83245710E-01     4.08237370E+02     1.16749990E+00     1.17823700E-04     6.14111470E-02     1.75627000E-04
    3.16000000E+03     4.65000000E+01     9.24582670E-02     2.82055000E+00     1.12315400E+00     8.35858930E-01     4.21902690E+02     1.24575360E+00     1.23048700E-04     6.21092820E-02     1.83390300E-04
    3.16000000E+03     4.70000000E+01     9.34524420E-02     2.82055000E+00     1.12315400E+00     8.91389230E-01     4.35876810E+02     1.32833070E+00     1.28446400E-04     6.28084620E-02     1.91408200E-04
    3.16000000E+03     4.75000000E+01     9.44466170E-02     2.82055000E+00     1.12315400E+00     9.49964810E-01     4.50163530E+02     1.41542010E+00     1.34020200E-04     6.35086970E-02     1.99686300E-04
    3.16000000E+03     4.80000000E+01     9.54407920E-02     2.82055000E+00     1.12315400E+00     1.01171830E+00     4.64766760E+02     1.50721720E+00     1.39774300E-04     6.42100050E-02     2.08230100E-04
    3.16000000E+03     4.85000000E+01     9.64349670E-02     2.82055000E+00     1.12315400E+00     1.07678630E+00     4.79690300E+02     1.60392290E+00     1.45712300E-04     6.49123860E-02     2.17045200E-04
    3.16000000E+03     4.90000000E+01     9.74291420E-02     2.82055000E+00     1.12315400E+00     1.14531040E+00     4.94938160E+02     1.70574570E+00     1.51838200E-04     6.56158710E-02     2.26137300E-04
    3.16000000E+03     4.95000000E+01     9.84233170E-02     2.82055000E+00     1.12315400E+00     1.21743620E+00     5.10514200E+02     1.81289950E+00     1.58156100E-04     6.63204620E-02     2.35512200E-04
    3.16000000E+03     5.10000000E+01     1.01405842E-01     2.82055000E+00     1.12315400E+00     1.46118360E+00     5.59595114E+02     2.17485050E+00     1.78509600E-04     6.84421968E-02     2.65698300E-04
    3.16000000E+03     5.35000000E+01     1.06376718E-01     2.82055000E+00     1.12315400E+00     1.94829042E+00     6.47779294E+02     2.89761892E+00     2.16327400E-04     7.20000300E-02     3.21737600E-04
    3.16000000E+03     5.60000000E+01     1.11347592E-01     2.82055000E+00     1.12315400E+00     2.56411708E+00     7.45075236E+02     3.81041508E+00     2.59888300E-04     7.55887332E-02     3.86210200E-04
    3.16000000E+03     5.85000000E+01     1.16318468E-01     2.82055000E+00     1.12315400E+00     3.33466666E+00     8.52004610E+02     4.95128172E+00     3.09754500E-04     7.92100934E-02     4.59923300E-04
    3.16000000E+03     6.10000000E+01     1.21289340E-01     2.82055000E+00     1.12315400E+00     4.28973650E+00     9.69103524E+02     6.36371210E+00     3.66516600E-04     8.28659378E-02     5.43721000E-04
    3.16000000E+03     6.35000000E+01     1.26260212E-01     2.82055000E+00     1.12315400E+00     5.46327942E+00     1.09692328E+03     8.09714546E+00     4.30793500E-04     8.65581194E-02     6.38484300E-04
    3.16000000E+03     6.60000000E+01     1.31231088E-01     2.82055000E+00     1.12315400E+00     6.89378690E+00     1.23603146E+03     1.02074890E+01     5.03233000E-04     9.02885388E-02     7.45131200E-04
    3.16000000E+03     6.85000000E+01     1.36201962E-01     2.82055000E+00     1.12315400E+00     8.62468838E+00     1.38701278E+03     1.27576582E+01     5.84512100E-04     9.40591306E-02     8.64616700E-04
    3.16000000E+03     7.10000000E+01     1.41172838E-01     2.82055000E+00     1.12315400E+00     1.07047713E+01     1.55047002E+03     1.58181378E+01     6.75337300E-04     9.78718680E-02     9.97932700E-04
    3.16000000E+03     7.35000000E+01     1.46143712E-01     2.82055000E+00     1.12315400E+00     1.31886236E+01     1.72702526E+03     1.94675708E+01     7.76445000E-04     1.01728776E-01     1.14610800E-03
    3.16000000E+03     7.60000000E+01     1.51114588E-01     2.82055000E+00     1.12315400E+00     1.61370876E+01     1.91732040E+03     2.37933570E+01     8.88601900E-04     1.05631896E-01     1.31020850E-03
    3.16000000E+03     7.85000000E+01     1.56085462E-01     2.82055000E+00     1.12315400E+00     1.96177500E+01     2.12201884E+03     2.88922900E+01     1.01260570E-03     1.09583336E-01     1.49133670E-03
    3.16000000E+03     8.10000000E+01     1.61056338E-01     2.82055000E+00     1.12315400E+00     2.37054348E+01     2.34180604E+03     3.48711956E+01     1.14928470E-03     1.13585230E-01     1.69063200E-03
    3.16000000E+03     8.35000000E+01     1.66027212E-01     2.82055000E+00     1.12315400E+00     2.84827350E+01     2.57739106E+03     4.18476128E+01     1.29949920E-03     1.17639768E-01     1.90927110E-03
    3.16000000E+03     8.60000000E+01     1.70998088E-01     2.82055000E+00     1.12315400E+00     3.40405534E+01     2.82950734E+03     4.99504750E+01     1.46414140E-03     1.21749176E-01     2.14846670E-03
    3.16000000E+03     8.85000000E+01     1.75968962E-01     2.82055000E+00     1.12315400E+00     4.04786732E+01     3.09891410E+03     5.93208326E+01     1.64413610E-03     1.25915730E-01     2.40946880E-03
    3.16000000E+03     9.10000000E+01     1.80939836E-01     2.82055000E+00     1.12315400E+00     4.79063494E+01     3.38639766E+03     7.01125774E+01     1.84044080E-03     1.30141748E-01     2.69356390E-03
    3.16000000E+03     9.35000000E+01     1.85910708E-01     2.82055000E+00     1.12315400E+00     5.64429270E+01     3.69277244E+03     8.24932100E+01     2.05404670E-03     1.34429602E-01     3.00207510E-03
    3.16000000E+03     9.60000000E+01     1.90881582E-01     2.82055000E+00     1.12315400E+00     6.62184640E+01     4.01888212E+03     9.66445870E+01     2.28597840E-03     1.38781698E-01     3.33636180E-03
    3.16000000E+03     9.85000000E+01     1.95852458E-01     2.82055000E+00     1.12315400E+00     7.73744192E+01     4.36560150E+03     1.12763754E+02     2.53729560E-03     1.43200498E-01     3.69781990E-03
    3.16000000E+03     1.01000000E+02     2.00823332E-01     2.82055000E+00     1.12315400E+00     9.00643386E+01     4.73383784E+03     1.31063754E+02     2.80909270E-03     1.47688536E-01     4.08788240E-03
    3.16000000E+03     1.03500000E+02     2.05794208E-01     2.82055000E+00     1.12315400E+00     1.04454540E+02     5.12453140E+03     1.51774430E+02     3.10249960E-03     1.52248364E-01     4.50801740E-03
    3.16000000E+03     1.06000000E+02     2.10765082E-01     2.82055000E+00     1.12315400E+00     1.20724890E+02     5.53865774E+03     1.75143316E+02     3.41868200E-03     1.56882604E-01     4.95972980E-03
    3.16000000E+03     1.08500000E+02     2.15735958E-01     2.82055000E+00     1.12315400E+00     1.39069544E+02     5.97722894E+03     2.01436496E+02     3.75884220E-03     1.61593920E-01     5.44456010E-03
    3.16000000E+03     1.11000000E+02     2.20706832E-01     2.82055000E+00     1.12315400E+00     1.59697762E+02     6.44129502E+03     2.30939516E+02     4.12421980E-03     1.66385042E-01     5.96408460E-03
    3.16000000E+03     1.13500000E+02     2.25677708E-01     2.82055000E+00     1.12315400E+00     1.82834724E+02     6.93194590E+03     2.63958288E+02     4.51609220E-03     1.71258750E-01     6.51991590E-03
    3.16000000E+03     1.16000000E+02     2.30648582E-01     2.82055000E+00     1.12315400E+00     2.08722378E+02     7.45031256E+03     3.00820024E+02     4.93577490E-03     1.76217882E-01     7.11370180E-03
    3.16000000E+03     1.18500000E+02     2.35619458E-01     2.82055000E+00     1.12315400E+00     2.37620284E+02     7.99756822E+03     3.41874136E+02     5.38462170E-03     1.81265320E-01     7.74712390E-03
    3.16000000E+03     1.21000000E+02     2.40590332E-01     2.82055000E+00     1.12315400E+00     2.69806640E+02     8.57493200E+03     3.87493360E+02     5.86402720E-03     1.86404030E-01     8.42190200E-03
    3.16000000E+03     1.23500000E+02     2.45561202E-01     2.82055000E+00     1.12315400E+00     3.05579060E+02     9.18366802E+03     4.38074534E+02     6.37542450E-03     1.91637006E-01     9.13978760E-03
    3.16000000E+03     1.26000000E+02     2.50532078E-01     2.82055000E+00     1.12315400E+00     3.45255662E+02     9.82508908E+03     4.94039750E+02     6.92028840E-03     1.96967326E-01     9.90256850E-03
    3.16000000E+03     1.28500000E+02     2.55502952E-01     2.82055000E+00     1.12315400E+00     3.89176026E+02     1.05005580E+04     5.55837312E+02     7.50013440E-03     2.02398118E-01     1.07120658E-02
    3.16000000E+03     1.31000000E+02     2.60473828E-01     2.82055000E+00     1.12315400E+00     4.37702232E+02     1.12114886E+04     6.23942798E+02     8.11652020E-03     2.07932570E-01     1.15701360E-02
    3.16000000E+03     1.33500000E+02     2.65444702E-01     2.82055000E+00     1.12315400E+00     4.91219934E+02     1.19593496E+04     6.98860108E+02     8.77104590E-03     2.13573944E-01     1.24786680E-02
    3.16000000E+03     1.36000000E+02     2.70415578E-01     2.82055000E+00     1.12315400E+00     5.50139412E+02     1.27456648E+04     7.81122478E+02     9.46535440E-03     2.19325548E-01     1.34395840E-02
    3.16000000E+03     1.38500000E+02     2.75386452E-01     2.82055000E+00     1.12315400E+00     6.14896786E+02     1.35720152E+04     8.71293640E+02     1.02011327E-02     2.25190772E-01     1.44548400E-02
    3.16000000E+03     1.41000000E+02     2.80357328E-01     2.82055000E+00     1.12315400E+00     6.85955100E+02     1.44400422E+04     9.69968836E+02     1.09801122E-02     2.31173064E-01     1.55264240E-02
    3.16000000E+03     1.43500000E+02     2.85328202E-01     2.82055000E+00     1.12315400E+00     7.63805562E+02     1.53514490E+04     1.07777600E+03     1.18040688E-02     2.37275940E-01     1.66563564E-02
    3.16000000E+03     1.46000000E+02     2.90299078E-01     2.82055000E+00     1.12315400E+00     8.48968760E+02     1.63080032E+04     1.19537682E+03     1.26748242E-02     2.43502974E-01     1.78466880E-02
    3.16000000E+03     1.48500000E+02     2.95269952E-01     2.82055000E+00     1.12315400E+00     9.41995954E+02     1.73115380E+04     1.32346776E+03     1.35942468E-02     2.49857826E-01     1.90995022E-02
    3.16000000E+03     1.51000000E+02     3.00240828E-01     2.82055000E+00     1.12315400E+00     1.04347030E+03     1.83639546E+04     1.46278140E+03     1.45642498E-02     2.56344200E-01     2.04169112E-02
    3.16000000E+03     1.53500000E+02     3.05211698E-01     2.82055000E+00     1.12315400E+00     1.15400832E+03     1.94672270E+04     1.61408756E+03     1.55867974E-02     2.62965904E-01     2.18010606E-02
    3.16000000E+03     1.56000000E+02     3.10182572E-01     2.82055000E+00     1.12315400E+00     1.27426114E+03     2.06234000E+04     1.77819414E+03     1.66638978E-02     2.69726772E-01     2.32541202E-02
    3.16000000E+03     1.58500000E+02     3.15153448E-01     2.82055000E+00     1.12315400E+00     1.40491600E+03     2.18345962E+04     1.95594872E+03     1.77976108E-02     2.76630754E-01     2.47782930E-02
    3.16000000E+03     1.61000000E+02     3.20124322E-01     2.82055000E+00     1.12315400E+00     1.54669770E+03     2.31030148E+04     2.14823926E+03     1.89900438E-02     2.83681844E-01     2.63758074E-02
    3.16000000E+03     1.63500000E+02     3.25095198E-01     2.82055000E+00     1.12315400E+00     1.70036992E+03     2.44309360E+04     2.35599580E+03     2.02433546E-02     2.90884112E-01     2.80489212E-02
    3.16000000E+03     1.66000000E+02     3.30066072E-01     2.82055000E+00     1.12315400E+00     1.86673698E+03     2.58207238E+04     2.58019096E+03     2.15597504E-02     2.98241710E-01     2.97999154E-02
    3.16000000E+03     1.68500000E+02     3.35036948E-01     2.82055000E+00     1.12315400E+00     2.04664516E+03     2.72748270E+04     2.82184174E+03     2.29414902E-02     3.05758854E-01     3.16311002E-02
    3.16000000E+03     1.71000000E+02     3.40007822E-01     2.82055000E+00     1.12315400E+00     2.24098448E+03     2.87957822E+04     3.08201010E+03     2.43908824E-02     3.13439832E-01     3.35448074E-02
    3.16000000E+03     1.73500000E+02     3.44978698E-01     2.82055000E+00     1.12315400E+00     2.45069004E+03     3.03862176E+04     3.36180434E+03     2.59102878E-02     3.21289004E-01     3.55433918E-02
    3.16000000E+03     1.76000000E+02     3.49949572E-01     2.82055000E+00     1.12315400E+00     2.67674418E+03     3.20488560E+04     3.66238082E+03     2.75021208E-02     3.29310818E-01     3.76292356E-02
    3.16000000E+03     1.78500000E+02     3.54920448E-01     2.82055000E+00     1.12315400E+00     2.92017766E+03     3.37865152E+04     3.98494382E+03     2.91688462E-02     3.37509776E-01     3.98047376E-02
    3.16000000E+03     1.81000000E+02     3.59891322E-01     2.82055000E+00     1.12315400E+00     3.18207174E+03     3.56021132E+04     4.33074812E+03     3.09129842E-02     3.45890476E-01     4.20723210E-02
    3.16000000E+03     1.83500000E+02     3.64862194E-01     2.82055000E+00     1.12315400E+00     3.46355956E+03     3.74986694E+04     4.70109876E+03     3.27371044E-02     3.54457568E-01     4.44344246E-02
    3.16000000E+03     1.86000000E+02     3.69833068E-01     2.82055000E+00     1.12315400E+00     3.76582814E+03     3.94793070E+04     5.09735288E+03     3.46438310E-02     3.63215774E-01     4.68935050E-02
    3.16000000E+03     1.88500000E+02     3.74803942E-01     2.82055000E+00     1.12315400E+00     4.09012064E+03     4.15472598E+04     5.52092112E+03     3.66358448E-02     3.72169916E-01     4.94520410E-02
    3.16000000E+03     1.91000000E+02     3.79774818E-01     2.82055000E+00     1.12315400E+00     4.43773750E+03     4.37058702E+04     5.97326790E+03     3.87158788E-02     3.81324862E-01     5.21125216E-02
    3.16000000E+03     1.93500000E+02     3.84745692E-01     2.82055000E+00     1.12315400E+00     4.81003856E+03     4.59585936E+04     6.45591270E+03     4.08867182E-02     3.90685560E-01     5.48774508E-02
    3.16000000E+03     1.96000000E+02     3.89716568E-01     2.82055000E+00     1.12315400E+00     5.20844520E+03     4.83090038E+04     6.97043144E+03     4.31512050E-02     4.00257030E-01     5.77493464E-02
    3.16000000E+03     1.98500000E+02     3.94687442E-01     2.82055000E+00     1.12315400E+00     5.63444172E+03     5.07607902E+04     7.51845652E+03     4.55122312E-02     4.10044348E-01     6.07307318E-02
    3.16000000E+03     2.01000000E+02     3.99658318E-01     2.82055000E+00     1.12315400E+00     6.08957814E+03     5.33177678E+04     8.10167916E+03     4.79727476E-02     4.20052682E-01     6.38241456E-02
    3.16000000E+03     2.03500000E+02     4.04629192E-01     2.82055000E+00     1.12315400E+00     6.57547112E+03     5.59838736E+04     8.72184874E+03     5.05357536E-02     4.30287230E-01     6.70321278E-02
    3.16000000E+03     2.06000000E+02     4.09600068E-01     2.82055000E+00     1.12315400E+00     7.09380704E+03     5.87631750E+04     9.38077502E+03     5.32043058E-02     4.40753290E-01     7.03572270E-02
    3.16000000E+03     2.08500000E+02     4.14570942E-01     2.82055000E+00     1.12315400E+00     7.64634322E+03     6.16598690E+04     1.00803281E+04     5.59815134E-02     4.51456202E-01     7.38019950E-02
    3.16000000E+03     2.11000000E+02     4.19541818E-01     2.82055000E+00     1.12315400E+00     8.23491070E+03     6.46782866E+04     1.08224404E+04     5.88705408E-02     4.62401384E-01     7.73689882E-02
    3.16000000E+03     2.13500000E+02     4.24512690E-01     2.82055000E+00     1.12315400E+00     8.86141460E+03     6.78228918E+04     1.16091044E+04     6.18745962E-02     4.73594282E-01     8.10607518E-02
    3.16000000E+03     2.16000000E+02     4.29483562E-01     2.82055000E+00     1.12315400E+00     9.52783892E+03     7.10982936E+04     1.24423780E+04     6.49969514E-02     4.85040434E-01     8.48798422E-02
    3.16000000E+03     2.18500000E+02     4.34454438E-01     2.82055000E+00     1.12315400E+00     1.02362450E+04     7.45092330E+04     1.33243798E+04     6.82409148E-02     4.96745376E-01     8.88287922E-02
    3.16000000E+03     2.21000000E+02     4.39425312E-01     2.82055000E+00     1.12315400E+00     1.09887766E+04     7.80606030E+04     1.42572938E+04     7.16098554E-02     5.08714744E-01     9.29101420E-02
    3.16000000E+03     2.23500000E+02     4.44396188E-01     2.82055000E+00     1.12315400E+00     1.17876620E+04     8.17574414E+04     1.52433688E+04     7.51071914E-02     5.20954194E-01     9.71264210E-02
    3.16000000E+03     2.26000000E+02     4.49367062E-01     2.82055000E+00     1.12315400E+00     1.26352116E+04     8.56049288E+04     1.62849164E+04     7.87363774E-02     5.33469412E-01     1.01480132E-01
    3.16000000E+03     2.28500000E+02     4.54337938E-01     2.82055000E+00     1.12315400E+00     1.35338274E+04     8.96084076E+04     1.73843170E+04     8.25009332E-02     5.46266164E-01     1.05973784E-01
    3.16000000E+03     2.31000000E+02     4.59308812E-01     2.82055000E+00     1.12315400E+00     1.44859962E+04     9.37733586E+04     1.85440116E+04     8.64044006E-02     5.59350164E-01     1.10609842E-01
    3.16000000E+03     2.33500000E+02     4.64279688E-01     2.82055000E+00     1.12315400E+00     1.54942986E+04     9.81054282E+04     1.97665104E+04     9.04503824E-02     5.72727232E-01     1.15390770E-01
    3.16000000E+03     2.36000000E+02     4.69250562E-01     2.82055000E+00     1.12315400E+00     1.65614086E+04     1.02610420E+05     2.10543894E+04     9.46425220E-02     5.86403184E-01     1.20319012E-01
    3.16000000E+03     2.38500000E+02     4.74221438E-01     2.82055000E+00     1.12315400E+00     1.76900920E+04     1.07294280E+05     2.24102850E+04     9.89844814E-02     6.00383774E-01     1.25396950E-01
    3.16000000E+03     2.41000000E+02     4.79192312E-01     2.82055000E+00     1.12315400E+00     1.88832156E+04     1.12163130E+05     2.38369062E+04     1.03479992E-01     6.14674890E-01     1.30626984E-01
    3.16000000E+03     2.43500000E+02     4.84163186E-01     2.82055000E+00     1.12315400E+00     2.01437432E+04     1.17223254E+05     2.53370262E+04     1.08132806E-01     6.29282356E-01     1.36011460E-01
    3.16000000E+03     2.46000000E+02     4.89134058E-01     2.82055000E+00     1.12315400E+00     2.14747354E+04     1.22481078E+05     2.69134760E+04     1.12946694E-01     6.44211932E-01     1.41552670E-01
    3.16000000E+03     2.48500000E+02     4.94104932E-01     2.82055000E+00     1.12315400E+00     2.28793550E+04     1.27943192E+05     2.85691566E+04     1.17925460E-01     6.59469398E-01     1.47252876E-01
    3.16000000E+03     2.52250000E+02     5.01561245E-01     2.82055000E+00     1.12315400E+00     2.51417646E+04     1.36561940E+05     3.12185854E+04     1.25732994E-01     6.83025817E-01     1.56126740E-01
    3.16000000E+03     2.57250000E+02     5.11502995E-01     2.82055000E+00     1.12315400E+00     2.84346177E+04     1.48797968E+05     3.50429956E+04     1.36728034E-01     7.15579842E-01     1.68508552E-01
    3.16000000E+03     2.62250000E+02     5.21444745E-01     2.82055000E+00     1.12315400E+00     3.20842738E+04     1.61978102E+05     3.92397542E+04     1.48452315E-01     7.49547535E-01     1.81564766E-01
    3.16000000E+03     2.67250000E+02     5.31386495E-01     2.82055000E+00     1.12315400E+00     3.61211317E+04     1.76162742E+05     4.38350336E+04     1.60937130E-01     7.84972501E-01     1.95311018E-01
    3.16000000E+03     2.72250000E+02     5.41328245E-01     2.82055000E+00     1.12315400E+00     4.05773243E+04     1.91414678E+05     4.88559104E+04     1.74213705E-01     8.21896538E-01     2.09761834E-01
    3.16000000E+03     2.77250000E+02     5.51269990E-01     2.82055000E+00     1.12315400E+00     4.54867370E+04     2.07798998E+05     5.43303289E+04     1.88313085E-01     8.60359304E-01     2.24930559E-01
    3.16000000E+03     2.82250000E+02     5.61211740E-01     2.82055000E+00     1.12315400E+00     5.08850027E+04     2.25382952E+05     6.02870483E+04     2.03265970E-01     9.00397887E-01     2.40829262E-01
    3.16000000E+03     2.87250000E+02     5.71153490E-01     2.82055000E+00     1.12315400E+00     5.68094525E+04     2.44235667E+05     6.67555396E+04     2.19102372E-01     9.42045880E-01     2.57468491E-01
    3.16000000E+03     2.92250000E+02     5.81095240E-01     2.82055000E+00     1.12315400E+00     6.32990859E+04     2.64427939E+05     7.37659274E+04     2.35851452E-01     9.85333036E-01     2.74857226E-01
    3.16000000E+03     2.97250000E+02     5.91036990E-01     2.82055000E+00     1.12315400E+00     7.03944987E+04     2.86031894E+05     8.13488930E+04     2.53541237E-01     1.03028447E+00     2.93002748E-01
    3.16000000E+03     3.02250000E+02     6.00978740E-01     2.82055000E+00     1.12315400E+00     7.81377791E+04     3.09120611E+05     8.95355592E+04     2.72198275E-01     1.07691987E+00     3.11910459E-01
    3.16000000E+03     3.07250000E+02     6.10920485E-01     2.82055000E+00     1.12315400E+00     8.65723992E+04     3.33767664E+05     9.83573935E+04     2.91847370E-01     1.12525287E+00     3.31583813E-01
    3.16000000E+03     3.12250000E+02     6.20862235E-01     2.82055000E+00     1.12315400E+00     9.57430401E+04     3.60046587E+05     1.07846051E+05     3.12511136E-01     1.17529003E+00     3.52024116E-01
    3.16000000E+03     3.17250000E+02     6.30803985E-01     2.82055000E+00     1.12315400E+00     1.05695414E+05     3.88030299E+05     1.18033254E+05     3.34209671E-01     1.22703002E+00     3.73230404E-01
    3.16000000E+03     3.22250000E+02     6.40745735E-01     2.82055000E+00     1.12315400E+00     1.16476028E+05     4.17790396E+05     1.28950614E+05     3.56960105E-01     1.28046279E+00     3.95199311E-01
    3.16000000E+03     3.27250000E+02     6.50687485E-01     2.82055000E+00     1.12315400E+00     1.28131924E+05     4.49396410E+05     1.40629468E+05     3.80776180E-01     1.33556855E+00     4.17924915E-01
    3.16000000E+03     3.32250000E+02     6.60629235E-01     2.82055000E+00     1.12315400E+00     1.40710356E+05     4.82914971E+05     1.53100679E+05     4.05667750E-01     1.39231698E+00     4.41398540E-01
    3.16000000E+03     3.37250000E+02     6.70570981E-01     2.82055000E+00     1.12315400E+00     1.54258448E+05     5.18408928E+05     1.66394430E+05     4.31640346E-01     1.45066622E+00     4.65608645E-01
    3.16000000E+03     3.42250000E+02     6.80512730E-01     2.82055000E+00     1.12315400E+00     1.68822792E+05     5.55936324E+05     1.80539961E+05     4.58694638E-01     1.51056207E+00     4.90540578E-01
    3.16000000E+03     3.47250000E+02     6.90454480E-01     2.82055000E+00     1.12315400E+00     1.84448985E+05     5.95549416E+05     1.95565333E+05     4.86825916E-01     1.57193734E+00     5.16176369E-01
    3.16000000E+03     3.52250000E+02     7.00396230E-01     2.82055000E+00     1.12315400E+00     2.01181141E+05     6.37293577E+05     2.11497095E+05     5.16023604E-01     1.63471091E+00     5.42494494E-01
    3.16000000E+03     3.57250000E+02     7.10337980E-01     2.82055000E+00     1.12315400E+00     2.19061399E+05     6.81206245E+05     2.28360020E+05     5.46270819E-01     1.69878747E+00     5.69469707E-01
    3.16000000E+03     3.62250000E+02     7.20279730E-01     2.82055000E+00     1.12315400E+00     2.38129262E+05     7.27315716E+05     2.46176618E+05     5.77543698E-01     1.76405680E+00     5.97072513E-01
    3.16000000E+03     3.67250000E+02     7.30221476E-01     2.82055000E+00     1.12315400E+00     2.58421059E+05     7.75640168E+05     2.64966844E+05     6.09811162E-01     1.83039381E+00     6.25269091E-01
    3.16000000E+03     3.72250000E+02     7.40163225E-01     2.82055000E+00     1.12315400E+00     2.79969280E+05     8.26186566E+05     2.84747575E+05     6.43034385E-01     1.89765842E+00     6.54020824E-01
    3.16000000E+03     3.77250000E+02     7.50104975E-01     2.82055000E+00     1.12315400E+00     3.02801892E+05     8.78949659E+05     3.05532111E+05     6.77166440E-01     1.96569573E+00     6.83283883E-01
    3.16000000E+03     3.82250000E+02     7.60046725E-01     2.82055000E+00     1.12315400E+00     3.26941714E+05     9.33911225E+05     3.27329637E+05     7.12152088E-01     2.03433679E+00     7.13008930E-01
    3.16000000E+03     3.87250000E+02     7.69988475E-01     2.82055000E+00     1.12315400E+00     3.52405693E+05     9.91039209E+05     3.50144602E+05     7.47927481E-01     2.10339909E+00     7.43140591E-01
    3.16000000E+03     3.92250000E+02     7.79930225E-01     2.82055000E+00     1.12315400E+00     3.79204296E+05     1.05028722E+06     3.73976120E+05     7.84420182E-01     2.17268778E+00     7.73617171E-01
    3.16000000E+03     3.97250000E+02     7.89871972E-01     2.82055000E+00     1.12315400E+00     4.07340835E+05     1.11159419E+06     3.98817241E+05     8.21549051E-01     2.24199703E+00     8.04370142E-01
    3.16000000E+03     4.02250000E+02     7.99813720E-01     2.82055000E+00     1.12315400E+00     4.36810907E+05     1.17488410E+06     4.24654281E+05     8.59224480E-01     2.31111168E+00     8.35323877E-01
    3.16000000E+03     4.07250000E+02     8.09755470E-01     2.82055000E+00     1.12315400E+00     4.67601955E+05     1.24006636E+06     4.51466209E+05     8.97348793E-01     2.37980935E+00     8.66395516E-01
    3.16000000E+03     4.12250000E+02     8.19697220E-01     2.82055000E+00     1.12315400E+00     4.99692732E+05     1.30703588E+06     4.79223863E+05     9.35816502E-01     2.44786243E+00     8.97494617E-01
    3.16000000E+03     4.17250000E+02     8.29638970E-01     2.82055000E+00     1.12315400E+00     5.33053027E+05     1.37567382E+06     5.07889363E+05     9.74514995E-01     2.51504056E+00     9.28523213E-01
    3.16000000E+03     4.22250000E+02     8.39580720E-01     2.82055000E+00     1.12315400E+00     5.67643474E+05     1.44584851E+06     5.37415594E+05     1.01332535E+00     2.58111321E+00     9.59376021E-01
    3.16000000E+03     4.27250000E+02     8.49522467E-01     2.82055000E+00     1.12315400E+00     6.03415394E+05     1.51741643E+06     5.67745650E+05     1.05212311E+00     2.64585208E+00     9.89940611E-01
    3.16000000E+03     4.32250000E+02     8.59464215E-01     2.82055000E+00     1.12315400E+00     6.40310985E+05     1.59022388E+06     5.98812624E+05     1.09077953E+00     2.70903438E+00     1.02009816E+00
    3.16000000E+03     4.37250000E+02     8.69405965E-01     2.82055000E+00     1.12315400E+00     6.78263365E+05     1.66410821E+06     6.30539278E+05     1.12916248E+00     2.77044464E+00     1.04972383E+00
    3.16000000E+03     4.42250000E+02     8.79347715E-01     2.82055000E+00     1.12315400E+00     7.17197209E+05     1.73889997E+06     6.62838291E+05     1.16713812E+00     2.82987813E+00     1.07868831E+00
    3.16000000E+03     4.47250000E+02     8.89289465E-01     2.82055000E+00     1.12315400E+00     7.57028947E+05     1.81442437E+06     6.95612159E+05     1.20457193E+00     2.88714264E+00     1.10685834E+00
    3.16000000E+03     4.52250000E+02     8.99231215E-01     2.82055000E+00     1.12315400E+00     7.97667659E+05     1.89050367E+06     7.28753810E+05     1.24133028E+00     2.94206085E+00     1.13409842E+00
    3.16000000E+03     4.57250000E+02     9.09172963E-01     2.82055000E+00     1.12315400E+00     8.39015867E+05     1.96695898E+06     7.62147224E+05     1.27728200E+00     2.99447253E+00     1.16027247E+00
    3.16000000E+03     4.62250000E+02     9.19114710E-01     2.82055000E+00     1.12315400E+00     8.80970361E+05     2.04361215E+06     7.95668184E+05     1.31229961E+00     3.04423545E+00     1.18524509E+00
    3.16000000E+03     4.67250000E+02     9.29056460E-01     2.82055000E+00     1.12315400E+00     9.23423444E+05     2.12028824E+06     8.29185462E+05     1.34626099E+00     3.09122771E+00     1.20888371E+00
    3.16000000E+03     4.72250000E+02     9.38998210E-01     2.82055000E+00     1.12315400E+00     9.66263967E+05     2.19681707E+06     8.62561983E+05     1.37905076E+00     3.13534790E+00     1.23106020E+00
    3.16000000E+03     4.77250000E+02     9.48939960E-01     2.82055000E+00     1.12315400E+00     1.00937839E+06     2.27303478E+06     8.95656043E+05     1.41056108E+00     3.17651576E+00     1.25165233E+00
    3.16000000E+03     4.82250000E+02     9.58881710E-01     2.82055000E+00     1.12315400E+00     1.05265234E+06     2.34878599E+06     9.28323140E+05     1.44069344E+00     3.21467276E+00     1.27054611E+00
    3.16000000E+03     4.87250000E+02     9.68823458E-01     2.82055000E+00     1.12315400E+00     1.09597161E+06     2.42392492E+06     9.60417234E+05     1.46935925E+00     3.24978190E+00     1.28763674E+00
    3.16000000E+03     4.92250000E+02     9.78765205E-01     2.82055000E+00     1.12315400E+00     1.13922372E+06     2.49831694E+06     9.91792603E+05     1.49648090E+00     3.28182738E+00     1.30283043E+00
    3.16000000E+03     4.97250000E+02     9.88706955E-01     2.82055000E+00     1.12315400E+00     1.18229861E+06     2.57183904E+06     1.02230510E+06     1.52199210E+00     3.31081348E+00     1.31604506E+00
    3.16000000E+03     5.12250000E+02     1.01853220E+00     2.82055000E+00     1.12315400E+00     1.30885869E+06     2.78492960E+06     1.10589145E+06     1.58663023E+00     3.37689015E+00     1.34102229E+00
    3.16000000E+03     5.37250000E+02     1.06824095E+00     2.82055000E+00     1.12315400E+00     1.50816312E+06     3.11704721E+06     1.21786146E+06     1.66248311E+00     3.43664545E+00     1.34301057E+00
    3.16000000E+03     5.62250000E+02     1.11794970E+00     2.82055000E+00     1.12315400E+00     1.68595394E+06     3.41605333E+06     1.28376637E+06     1.69720757E+00     3.43924925E+00     1.29297494E+00
    3.16000000E+03     5.87250000E+02     1.16765845E+00     2.82055000E+00     1.12315400E+00     1.83977016E+06     3.68583063E+06     1.29761479E+06     1.69795469E+00     3.40189371E+00     1.19833109E+00
    3.16000000E+03     6.12250000E+02     1.21736719E+00     2.82055000E+00     1.12315400E+00     1.97205436E+06     3.93527465E+06     1.25849254E+06     1.67458725E+00     3.34169065E+00     1.06948954E+00
    3.16000000E+03     6.37250000E+02     1.26707592E+00     2.82055000E+00     1.12315400E+00     2.08874165E+06     4.17571418E+06     1.16911309E+06     1.63731014E+00     3.27314533E+00     9.17335318E-01
    3.16000000E+03     6.62250000E+02     1.31678468E+00     2.82055000E+00     1.12315400E+00     2.19764121E+06     4.41880836E+06     1.03502786E+06     1.59508505E+00     3.20710199E+00     7.52175187E-01
    3.16000000E+03     6.87250000E+02     1.36649342E+00     2.82055000E+00     1.12315400E+00     2.30700866E+06     4.67511939E+06     8.64977054E+05     1.55483951E+00     3.15070167E+00     5.83887800E-01
    3.16000000E+03     7.12250000E+02     1.41620218E+00     2.82055000E+00     1.12315400E+00     2.42441104E+06     4.95317746E+06     6.71934281E+05     1.52123327E+00     3.10780372E+00     4.22472468E-01
    3.16000000E+03     7.37250000E+02     1.46591092E+00     2.82055000E+00     1.12315400E+00     2.55584265E+06     5.25873248E+06     4.73819593E+05     1.49673603E+00     3.07947697E+00     2.78202823E-01
    3.16000000E+03     7.62250000E+02     1.51561966E+00     2.82055000E+00     1.12315400E+00     2.70506383E+06     5.59405970E+06     2.92814135E+05     1.48187060E+00     3.06443629E+00     1.60952828E-01
    3.16000000E+03     7.87250000E+02     1.56532840E+00     2.82055000E+00     1.12315400E+00     2.87323833E+06     5.95753782E+06     1.52737094E+05     1.47558419E+00     3.05953866E+00     7.87712473E-02
    3.16000000E+03     8.12250000E+02     1.61503715E+00     2.82055000E+00     1.12315400E+00     3.05902169E+06     6.34393820E+06     7.49098424E+04     1.47575764E+00     3.06050831E+00     3.62527914E-02
    3.16000000E+03     8.37250000E+02     1.66474590E+00     2.82055000E+00     1.12315400E+00     3.25918684E+06     6.74568157E+06     7.39033634E+04     1.47982110E+00     3.06289496E+00     3.34760947E-02
    3.16000000E+03     8.62250000E+02     1.71445465E+00     2.82055000E+00     1.12315400E+00     3.46965316E+06     7.15478929E+06     1.54857024E+05     1.48535893E+00     3.06303115E+00     6.60633641E-02
    3.16000000E+03     8.87250000E+02     1.76416340E+00     2.82055000E+00     1.12315400E+00     3.68657079E+06     7.56480430E+06     3.13303645E+05     1.49054693E+00     3.05866368E+00     1.26341686E-01
    3.16000000E+03     9.12250000E+02     1.81387214E+00     2.82055000E+00     1.12315400E+00     3.90709448E+06     7.97197979E+06     5.37128195E+05     1.49432569E+00     3.04908313E+00     2.05046724E-01
    3.16000000E+03     9.37250000E+02     1.86358088E+00     2.82055000E+00     1.12315400E+00     4.12967472E+06     8.37548369E+06     8.09414430E+05     1.49633167E+00     3.03482532E+00     2.92882980E-01
    3.16000000E+03     9.62250000E+02     1.91328962E+00     2.82055000E+00     1.12315400E+00     4.35393558E+06     8.77684608E+06     1.11099578E+06     1.49669152E+00     3.01717216E+00     3.81535676E-01
    3.16000000E+03     9.87250000E+02     1.96299838E+00     2.82055000E+00     1.12315400E+00     4.58033575E+06     9.17907446E+06     1.42218604E+06     1.49579348E+00     2.99766927E+00     4.64111653E-01
    3.16000000E+03     1.01225000E+03     2.01270712E+00     2.82055000E+00     1.12315400E+00     4.80979876E+06     9.58578874E+06     1.72379645E+06     1.49410699E+00     2.97777680E+00     5.35210895E-01
    3.16000000E+03     1.03725000E+03     2.06241588E+00     2.82055000E+00     1.12315400E+00     5.04341666E+06     1.00005485E+07     1.99781588E+06     1.49207105E+00     2.95867245E+00     5.90852579E-01
    3.16000000E+03     1.06225000E+03     2.11212462E+00     2.82055000E+00     1.12315400E+00     5.28225807E+06     1.04264120E+07     2.22808202E+06     1.49004170E+00     2.94117616E+00     6.28394066E-01
    3.16000000E+03     1.08725000E+03     2.16183335E+00     2.82055000E+00     1.12315400E+00     5.52726370E+06     1.08656931E+07     2.40107578E+06     1.48827811E+00     2.92575346E+00     6.46482679E-01
    3.16000000E+03     1.11225000E+03     2.21154210E+00     2.82055000E+00     1.12315400E+00     5.77920446E+06     1.13198778E+07     2.50679438E+06     1.48694958E+00     2.91256410E+00     6.45020417E-01
    3.16000000E+03     1.13725000E+03     2.26125085E+00     2.82055000E+00     1.12315400E+00     6.03867120E+06     1.17896481E+07     2.53955620E+06     1.48615012E+00     2.90153009E+00     6.25102489E-01
    3.16000000E+03     1.16225000E+03     2.31095960E+00     2.82055000E+00     1.12315400E+00     6.30608048E+06     1.22749827E+07     2.49858325E+06     1.48591419E+00     2.89240834E+00     5.88901847E-01
    3.16000000E+03     1.18725000E+03     2.36066835E+00     2.82055000E+00     1.12315400E+00     6.58168164E+06     1.27752929E+07     2.38825493E+06     1.48622991E+00     2.88485653E+00     5.39492489E-01
    3.16000000E+03     1.21225000E+03     2.41037710E+00     2.82055000E+00     1.12315400E+00     6.86555944E+06     1.32895664E+07     2.21798961E+06     1.48704880E+00     2.87848663E+00     4.80621653E-01
    3.16000000E+03     1.23725000E+03     2.46008582E+00     2.82055000E+00     1.12315400E+00     7.15763207E+06     1.38165026E+07     2.00176266E+06     1.48829283E+00     2.87290488E+00     4.16449988E-01
    3.16000000E+03     1.26225000E+03     2.50979458E+00     2.82055000E+00     1.12315400E+00     7.45764753E+06     1.43546293E+07     1.75729205E+06     1.48985977E+00     2.86773938E+00     3.51278512E-01
    3.16000000E+03     1.28725000E+03     2.55950332E+00     2.82055000E+00     1.12315400E+00     7.76518504E+06     1.49024083E+07     1.50493491E+06     1.49162879E+00     2.86265918E+00     2.89278310E-01
    3.16000000E+03     1.31225000E+03     2.60921208E+00     2.82055000E+00     1.12315400E+00     8.07966867E+06     1.54583352E+07     1.26635150E+06     1.49346719E+00     2.85738769E+00     2.34236881E-01
    3.16000000E+03     1.33725000E+03     2.65892082E+00     2.82055000E+00     1.12315400E+00     8.40039933E+06     1.60210401E+07     1.06301077E+06     1.49523913E+00     2.85171274E+00     1.89333986E-01
    3.16000000E+03     1.36225000E+03     2.70862957E+00     2.82055000E+00     1.12315400E+00     8.72660695E+06     1.65893884E+07     9.14638362E+05     1.49681606E+00     2.84549427E+00     1.56960327E-01
    3.16000000E+03     1.38725000E+03     2.75833830E+00     2.82055000E+00     1.12315400E+00     9.05751806E+06     1.71625737E+07     8.37725592E+05     1.49808744E+00     2.83866792E+00     1.38591075E-01
    3.16000000E+03     1.41225000E+03     2.80804705E+00     2.82055000E+00     1.12315400E+00     9.39243236E+06     1.77401901E+07     8.44222922E+05     1.49897060E+00     2.83124443E+00     1.34722822E-01
    3.16000000E+03     1.43725000E+03     2.85775580E+00     2.82055000E+00     1.12315400E+00     9.73079813E+06     1.83222732E+07     9.40527252E+05     1.49941831E+00     2.82330325E+00     1.44877164E-01
    3.16000000E+03     1.46225000E+03     2.90746455E+00     2.82055000E+00     1.12315400E+00     1.00722726E+07     1.89092954E+07     1.12684036E+06     1.49942218E+00     2.81498021E+00     1.67667372E-01
    3.16000000E+03     1.48725000E+03     2.95717330E+00     2.82055000E+00     1.12315400E+00     1.04167624E+07     1.95021162E+07     1.39694700E+06     1.49901225E+00     2.80645054E+00     2.00920400E-01
    3.16000000E+03     1.51225000E+03     3.00688205E+00     2.82055000E+00     1.12315400E+00     1.07644322E+07     2.01018865E+07     1.73842742E+06     1.49825211E+00     2.79790836E+00     2.41842818E-01
    3.16000000E+03     1.53725000E+03     3.05659078E+00     2.82055000E+00     1.12315400E+00     1.11156872E+07     2.07099174E+07     2.13330308E+06     1.49723077E+00     2.78954502E+00     2.87219246E-01
    3.16000000E+03     1.56225000E+03     3.10629952E+00     2.82055000E+00     1.12315400E+00     1.14711225E+07     2.13275287E+07     2.55909730E+06     1.49605187E+00     2.78152882E+00     3.33631868E-01
    3.16000000E+03     1.58725000E+03     3.15600828E+00     2.82055000E+00     1.12315400E+00     1.18314545E+07     2.19558948E+07     2.99028097E+06     1.49482219E+00     2.77398814E+00     3.77690624E-01
    3.16000000E+03     1.61225000E+03     3.20571702E+00     2.82055000E+00     1.12315400E+00     1.21974342E+07     2.25959062E+07     3.40004363E+06     1.49364014E+00     2.76699980E+00     4.16262228E-01
    3.16000000E+03     1.63725000E+03     3.25542578E+00     2.82055000E+00     1.12315400E+00     1.25697609E+07     2.32480667E+07     3.76229833E+06     1.49258618E+00     2.76058409E+00     4.46685132E-01
    3.16000000E+03     1.66225000E+03     3.30513452E+00     2.82055000E+00     1.12315400E+00     1.29490009E+07     2.39124394E+07     4.05377593E+06     1.49171574E+00     2.75470663E+00     4.66954609E-01
    3.16000000E+03     1.68725000E+03     3.35484325E+00     2.82055000E+00     1.12315400E+00     1.33355261E+07     2.45886507E+07     4.25602632E+06     1.49105564E+00     2.74928674E+00     4.75861716E-01
    3.16000000E+03     1.71225000E+03     3.40455200E+00     2.82055000E+00     1.12315400E+00     1.37294778E+07     2.52759519E+07     4.35711561E+06     1.49060414E+00     2.74421085E+00     4.73070892E-01
    3.16000000E+03     1.73725000E+03     3.45426075E+00     2.82055000E+00     1.12315400E+00     1.41307631E+07     2.59733286E+07     4.35282016E+06     1.49033442E+00     2.73934930E+00     4.59126294E-01
    3.16000000E+03     1.76225000E+03     3.50396950E+00     2.82055000E+00     1.12315400E+00     1.45390804E+07     2.66796435E+07     4.24716686E+06     1.49020080E+00     2.73457354E+00     4.35384790E-01
    3.16000000E+03     1.78725000E+03     3.55367825E+00     2.82055000E+00     1.12315400E+00     1.49539706E+07     2.73937889E+07     4.05224705E+06     1.49014652E+00     2.72977170E+00     4.03882552E-01
    3.16000000E+03     1.81225000E+03     3.60338700E+00     2.82055000E+00     1.12315400E+00     1.53748853E+07     2.81148262E+07     3.78732304E+06     1.49011205E+00     2.72486032E+00     3.67150362E-01
    3.16000000E+03     1.83725000E+03     3.65309573E+00     2.82055000E+00     1.12315400E+00     1.58012596E+07     2.88420955E+07     3.47733232E+06     1.49004258E+00     2.71979131E+00     3.27998248E-01
    3.16000000E+03     1.86225000E+03     3.70280448E+00     2.82055000E+00     1.12315400E+00     1.62325830E+07     2.95752802E+07     3.15094888E+06     1.48989407E+00     2.71455347E+00     2.89291220E-01
    3.16000000E+03     1.88725000E+03     3.75251322E+00     2.82055000E+00     1.12315400E+00     1.66684557E+07     3.03144238E+07     2.83839167E+06     1.48963706E+00     2.70916929E+00     2.53736302E-01
    3.16000000E+03     1.91225000E+03     3.80222198E+00     2.82055000E+00     1.12315400E+00     1.71086267E+07     3.10599001E+07     2.56916025E+06     1.48925828E+00     2.70368800E+00     2.23696113E-01
    3.16000000E+03     1.93725000E+03     3.85193072E+00     2.82055000E+00     1.12315400E+00     1.75530107E+07     3.18123443E+07     2.36986465E+06     1.48876008E+00     2.69817634E+00     2.01039885E-01
    3.16000000E+03     1.96225000E+03     3.90163948E+00     2.82055000E+00     1.12315400E+00     1.80016862E+07     3.25725604E+07     2.26228493E+06     1.48815839E+00     2.69270838E+00     1.87037758E-01
    3.16000000E+03     1.98725000E+03     3.95134821E+00     2.82055000E+00     1.12315400E+00     1.84548728E+07     3.33414136E+07     2.26176982E+06     1.48747909E+00     2.68735583E+00     1.82300598E-01
    3.16000000E+03     2.01225000E+03     4.00105695E+00     2.82055000E+00     1.12315400E+00     1.89128969E+07     3.41197244E+07     2.37607394E+06     1.48675416E+00     2.68217972E+00     1.86765980E-01
    3.16000000E+03     2.03725000E+03     4.05076570E+00     2.82055000E+00     1.12315400E+00     1.93761469E+07     3.49081753E+07     2.60470689E+06     1.48601731E+00     2.67722435E+00     1.99728459E-01
    3.16000000E+03     2.06225000E+03     4.10047445E+00     2.82055000E+00     1.12315400E+00     1.98450246E+07     3.57072384E+07     2.93885325E+06     1.48530016E+00     2.67251371E+00     2.19911146E-01
    3.16000000E+03     2.08725000E+03     4.15018320E+00     2.82055000E+00     1.12315400E+00     2.03199001E+07     3.65171328E+07     3.36189490E+06     1.48462897E+00     2.66805063E+00     2.45573856E-01
    3.16000000E+03     2.11225000E+03     4.19989195E+00     2.82055000E+00     1.12315400E+00     2.08010714E+07     3.73378125E+07     3.85052159E+06     1.48402236E+00     2.66381835E+00     2.74650369E-01
    3.16000000E+03     2.13725000E+03     4.24960069E+00     2.82055000E+00     1.12315400E+00     2.12887339E+07     3.81689855E+07     4.37637399E+06     1.48349003E+00     2.65978411E+00     3.04905547E-01
    3.16000000E+03     2.16225000E+03     4.29930942E+00     2.82055000E+00     1.12315400E+00     2.17829656E+07     3.90101620E+07     4.90810739E+06     1.48303265E+00     2.65590431E+00     3.34100760E-01
    3.16000000E+03     2.18725000E+03     4.34901818E+00     2.82055000E+00     1.12315400E+00     2.22837238E+07     3.98607198E+07     5.41371724E+06     1.48264271E+00     2.65213020E+00     3.60154850E-01
    3.16000000E+03     2.21225000E+03     4.39872692E+00     2.82055000E+00     1.12315400E+00     2.27908565E+07     4.07199836E+07     5.86294128E+06     1.48230615E+00     2.64841369E+00     3.81288416E-01
    3.16000000E+03     2.23725000E+03     4.44843568E+00     2.82055000E+00     1.12315400E+00     2.33041254E+07     4.15873042E+07     6.22954143E+06     1.48200454E+00     2.64471249E+00     3.96140641E-01
    3.16000000E+03     2.26225000E+03     4.49814442E+00     2.82055000E+00     1.12315400E+00     2.38232375E+07     4.24621311E+07     6.49327732E+06     1.48171759E+00     2.64099405E+00     4.03850444E-01
    3.16000000E+03     2.28725000E+03     4.54785316E+00     2.82055000E+00     1.12315400E+00     2.43478788E+07     4.33440680E+07     6.64142116E+06     1.48142549E+00     2.63723799E+00     4.04097646E-01
    3.16000000E+03     2.31225000E+03     4.59756190E+00     2.82055000E+00     1.12315400E+00     2.48777513E+07     4.42329083E+07     6.66970709E+06     1.48111099E+00     2.63343704E+00     3.97103410E-01
    3.16000000E+03     2.33725000E+03     4.64727065E+00     2.82055000E+00     1.12315400E+00     2.54126038E+07     4.51286474E+07     6.58265187E+06     1.48076110E+00     2.62959637E+00     3.83592135E-01
    3.16000000E+03     2.36225000E+03     4.69697940E+00     2.82055000E+00     1.12315400E+00     2.59522564E+07     4.60314707E+07     6.39324444E+06     1.48036800E+00     2.62573158E+00     3.64720329E-01
    3.16000000E+03     2.38725000E+03     4.74668815E+00     2.82055000E+00     1.12315400E+00     2.64966157E+07     4.69417221E+07     6.12203469E+06     1.47992936E+00     2.62186591E+00     3.41979156E-01
    3.16000000E+03     2.41225000E+03     4.79639690E+00     2.82055000E+00     1.12315400E+00     2.70456809E+07     4.78598570E+07     5.79569159E+06     1.47944823E+00     2.61802681E+00     3.17078623E-01
    3.16000000E+03     2.43725000E+03     4.84610564E+00     2.82055000E+00     1.12315400E+00     2.75995378E+07     4.87863847E+07     5.44513394E+06     1.47893207E+00     2.61424239E+00     2.91821952E-01
    3.16000000E+03     2.46225000E+03     4.89581438E+00     2.82055000E+00     1.12315400E+00     2.81583450E+07     4.97218093E+07     5.10334864E+06     1.47839162E+00     2.61053816E+00     2.67978102E-01
    3.16000000E+03     2.48725000E+03     4.94552312E+00     2.82055000E+00     1.12315400E+00     2.87223143E+07     5.06665734E+07     4.80304578E+06     1.47783954E+00     2.60693441E+00     2.47160897E-01
    3.16000000E+03     2.52475000E+03     5.02008625E+00     2.82055000E+00     1.12315400E+00     2.95791858E+07     5.21031632E+07     4.50833151E+06     1.47702014E+00     2.60175840E+00     2.25193372E-01
    3.16000000E+03     2.57475000E+03     5.11950375E+00     2.82055000E+00     1.12315400E+00     3.07409721E+07     5.40515189E+07     4.48026683E+06     1.47599490E+00     2.59524075E+00     2.15107975E-01
    3.16000000E+03     2.62475000E+03     5.21892122E+00     2.82055000E+00     1.12315400E+00     3.19269192E+07     5.60383940E+07     4.94862108E+06     1.47509127E+00     2.58910678E+00     2.28559891E-01
    3.16000000E+03     2.67475000E+03     5.31833873E+00     2.82055000E+00     1.12315400E+00     3.31372279E+07     5.80611438E+07     5.85303269E+06     1.47430700E+00     2.58321003E+00     2.60288244E-01
    3.16000000E+03     2.72475000E+03     5.41775622E+00     2.82055000E+00     1.12315400E+00     3.43710760E+07     6.01166246E+07     7.00852862E+06     1.47359576E+00     2.57740213E+00     3.00353217E-01
    3.16000000E+03     2.77475000E+03     5.51717370E+00     2.82055000E+00     1.12315400E+00     3.56270556E+07     6.22025768E+07     8.15760868E+06     1.47289304E+00     2.57159145E+00     3.37156022E-01
    3.16000000E+03     2.82475000E+03     5.61659120E+00     2.82055000E+00     1.12315400E+00     3.69038120E+07     6.43184996E+07     9.04360143E+06     1.47214522E+00     2.56576898E+00     3.60718324E-01
    3.16000000E+03     2.87475000E+03     5.71600870E+00     2.82055000E+00     1.12315400E+00     3.82006006E+07     6.64656928E+07     9.48376636E+06     1.47132943E+00     2.55999638E+00     3.65290920E-01
    3.16000000E+03     2.92475000E+03     5.81542617E+00     2.82055000E+00     1.12315400E+00     3.95175334E+07     6.86465281E+07     9.42148993E+06     1.47045797E+00     2.55436700E+00     3.50641338E-01
    3.16000000E+03     2.97475000E+03     5.91484368E+00     2.82055000E+00     1.12315400E+00     4.08554478E+07     7.08633330E+07     8.94327385E+06     1.46956789E+00     2.54896012E+00     3.21782133E-01
    3.16000000E+03     3.02475000E+03     6.01426117E+00     2.82055000E+00     1.12315400E+00     4.22154870E+07     7.31173930E+07     8.25564765E+06     1.46870221E+00     2.54380794E+00     2.87312608E-01
    3.16000000E+03     3.07475000E+03     6.11367865E+00     2.82055000E+00     1.12315400E+00     4.35985937E+07     7.54084833E+07     7.62780067E+06     1.46789175E+00     2.53888698E+00     2.56884260E-01
    3.16000000E+03     3.12475000E+03     6.21309615E+00     2.82055000E+00     1.12315400E+00     4.50051283E+07     7.77350808E+07     7.31553915E+06     1.46714442E+00     2.53413353E+00     2.38510747E-01
    3.16000000E+03     3.17475000E+03     6.31251365E+00     2.82055000E+00     1.12315400E+00     4.64347678E+07     8.00951142E+07     7.48823416E+06     1.46644536E+00     2.52947382E+00     2.36466985E-01
    3.16000000E+03     3.22475000E+03     6.41193113E+00     2.82055000E+00     1.12315400E+00     4.78866965E+07     8.24868815E+07     8.18013408E+06     1.46576622E+00     2.52485386E+00     2.50332453E-01
    3.16000000E+03     3.27475000E+03     6.51134863E+00     2.82055000E+00     1.12315400E+00     4.93599859E+07     8.49097325E+07     9.28020990E+06     1.46507862E+00     2.52025716E+00     2.75377983E-01
    3.16000000E+03     3.32475000E+03     6.61076612E+00     2.82055000E+00     1.12315400E+00     5.08539850E+07     8.73642423E+07     1.05632166E+07     1.46436545E+00     2.51570441E+00     3.04102626E-01
    3.16000000E+03     3.37475000E+03     6.71018360E+00     2.82055000E+00     1.12315400E+00     5.23685625E+07     8.98518561E+07     1.17528253E+07     1.46362615E+00     2.51123812E+00     3.28425236E-01
    3.16000000E+03     3.42475000E+03     6.80960110E+00     2.82055000E+00     1.12315400E+00     5.39041107E+07     9.23741952E+07     1.25990538E+07     1.46287454E+00     2.50690062E+00     3.41902205E-01
    3.16000000E+03     3.47475000E+03     6.90901860E+00     2.82055000E+00     1.12315400E+00     5.54613353E+07     9.49323507E+07     1.29485689E+07     1.46213117E+00     2.50271525E+00     3.41381925E-01
    3.16000000E+03     3.52475000E+03     7.00843608E+00     2.82055000E+00     1.12315400E+00     5.70409340E+07     9.75264578E+07     1.27882712E+07     1.46141418E+00     2.49867791E+00     3.27686154E-01
    3.16000000E+03     3.57475000E+03     7.10785358E+00     2.82055000E+00     1.12315400E+00     5.86433034E+07     1.00155706E+08     1.22496633E+07     1.46073210E+00     2.49476104E+00     3.05181757E-01
    3.16000000E+03     3.62475000E+03     7.20727108E+00     2.82055000E+00     1.12315400E+00     6.02683984E+07     1.02818750E+08     1.15723303E+07     1.46008184E+00     2.49092676E+00     2.80409158E-01
    3.16000000E+03     3.67475000E+03     7.30668856E+00     2.82055000E+00     1.12315400E+00     6.19157837E+07     1.05514313E+08     1.10366959E+07     1.45945133E+00     2.48714259E+00     2.60188238E-01
    3.16000000E+03     3.72475000E+03     7.40610605E+00     2.82055000E+00     1.12315400E+00     6.35848413E+07     1.08241705E+08     1.08852063E+07     1.45882550E+00     2.48339283E+00     2.49748865E-01
    3.16000000E+03     3.77475000E+03     7.50552355E+00     2.82055000E+00     1.12315400E+00     6.52750414E+07     1.11001069E+08     1.12543267E+07     1.45819281E+00     2.47968186E+00     2.51395630E-01
    3.16000000E+03     3.82475000E+03     7.60494103E+00     2.82055000E+00     1.12315400E+00     6.69861461E+07     1.13793235E+08     1.21363890E+07     1.45754925E+00     2.47602856E+00     2.64037798E-01
    3.16000000E+03     3.87475000E+03     7.70435852E+00     2.82055000E+00     1.12315400E+00     6.87182829E+07     1.16619317E+08     1.33817093E+07     1.45689896E+00     2.47245583E+00     2.83659895E-01
    3.16000000E+03     3.92475000E+03     7.80377603E+00     2.82055000E+00     1.12315400E+00     7.04718582E+07     1.19480214E+08     1.47402657E+07     1.45625147E+00     2.46897970E+00     3.04555303E-01
    3.16000000E+03     3.97475000E+03     7.90319351E+00     2.82055000E+00     1.12315400E+00     7.22473650E+07     1.22376243E+08     1.59313783E+07     1.45561712E+00     2.46560271E+00     3.20953708E-01
    3.16000000E+03     4.02475000E+03     8.00261100E+00     2.82055000E+00     1.12315400E+00     7.40451699E+07     1.25307041E+08     1.67221196E+07     1.45500277E+00     2.46231365E+00     3.28587729E-01
    3.16000000E+03     4.07475000E+03     8.10202850E+00     2.82055000E+00     1.12315400E+00     7.58653691E+07     1.28271764E+08     1.69924767E+07     1.45440936E+00     2.45909298E+00     3.25777394E-01
    3.16000000E+03     4.12475000E+03     8.20144598E+00     2.82055000E+00     1.12315400E+00     7.77077675E+07     1.31269470E+08     1.67688957E+07     1.45383229E+00     2.45592102E+00     3.13760095E-01
    3.16000000E+03     4.17475000E+03     8.30086347E+00     2.82055000E+00     1.12315400E+00     7.95719779E+07     1.34299515E+08     1.62167510E+07     1.45326384E+00     2.45278524E+00     2.96212088E-01
    3.16000000E+03     4.22475000E+03     8.40028097E+00     2.82055000E+00     1.12315400E+00     8.14575957E+07     1.37361791E+08     1.55939911E+07     1.45269667E+00     2.44968387E+00     2.78132506E-01
    3.16000000E+03     4.27475000E+03     8.49969846E+00     2.82055000E+00     1.12315400E+00     8.33643590E+07     1.40456726E+08     1.51791687E+07     1.45212657E+00     2.44662446E+00     2.64426178E-01
    3.16000000E+03     4.32475000E+03     8.59911595E+00     2.82055000E+00     1.12315400E+00     8.52922467E+07     1.43585058E+08     1.51939828E+07     1.45155384E+00     2.44361920E+00     2.58582474E-01
    3.16000000E+03     4.37475000E+03     8.69853345E+00     2.82055000E+00     1.12315400E+00     8.72414634E+07     1.46747497E+08     1.57418216E+07     1.45098251E+00     2.44067861E+00     2.61800236E-01
    3.16000000E+03     4.42475000E+03     8.79795094E+00     2.82055000E+00     1.12315400E+00     8.92123361E+07     1.49944426E+08     1.67792279E+07     1.45041822E+00     2.43780686E+00     2.72771023E-01
    3.16000000E+03     4.47475000E+03     8.89736842E+00     2.82055000E+00     1.12315400E+00     9.12051687E+07     1.53175758E+08     1.81281643E+07     1.44986578E+00     2.43500021E+00     2.88148492E-01
    3.16000000E+03     4.52475000E+03     8.99678592E+00     2.82055000E+00     1.12315400E+00     9.32201160E+07     1.56441000E+08     1.95256875E+07     1.44932723E+00     2.43224880E+00     3.03547023E-01
    3.16000000E+03     4.57475000E+03     9.09620341E+00     2.82055000E+00     1.12315400E+00     9.52571293E+07     1.59739484E+08     2.06971696E+07     1.44880132E+00     2.42954089E+00     3.14776102E-01
    3.16000000E+03     4.62475000E+03     9.19562090E+00     2.82055000E+00     1.12315400E+00     9.73159892E+07     1.63070650E+08     2.14325702E+07     1.44828436E+00     2.42686725E+00     3.18965076E-01
    3.16000000E+03     4.67475000E+03     9.29503840E+00     2.82055000E+00     1.12315400E+00     9.93964063E+07     1.66434265E+08     2.16444770E+07     1.44777193E+00     2.42422418E+00     3.15278554E-01
    3.16000000E+03     4.72475000E+03     9.39445589E+00     2.82055000E+00     1.12315400E+00     1.01498140E+08     1.69830496E+08     2.13918801E+07     1.44726064E+00     2.42161386E+00     3.05048661E-01
    3.16000000E+03     4.77475000E+03     9.49387337E+00     2.82055000E+00     1.12315400E+00     1.03621096E+08     1.73259799E+08     2.08633186E+07     1.44674943E+00     2.41904237E+00     2.91316722E-01
    3.16000000E+03     4.82475000E+03     9.59329087E+00     2.82055000E+00     1.12315400E+00     1.05765346E+08     1.76722708E+08     2.03242937E+07     1.44623963E+00     2.41651632E+00     2.77935748E-01
    3.16000000E+03     4.87475000E+03     9.69270836E+00     2.82055000E+00     1.12315400E+00     1.07931088E+08     1.80219602E+08     2.00436426E+07     1.44573410E+00     2.41403962E+00     2.68495134E-01
    3.16000000E+03     4.92475000E+03     9.79212585E+00     2.82055000E+00     1.12315400E+00     1.10118552E+08     1.83750554E+08     2.02192363E+07     1.44523594E+00     2.41161179E+00     2.65363811E-01
    3.16000000E+03     4.97475000E+03     9.89154335E+00     2.82055000E+00     1.12315400E+00     1.12327903E+08     1.87315314E+08     2.09235345E+07     1.44474710E+00     2.40922819E+00     2.69104085E-01
    3.16000000E+03     5.00000000E+03     9.94174920E+00     2.82055000E+00     1.12315400E+00     1.13451050E+08     1.89126850E+08     2.14466130E+07     1.44450350E+00     2.40803770E+00     2.73066760E-01
