    3.16000000E+03     5.00000000E-01     9.94174900E-04     1.22026020E+00     6.08408100E-04     0.00000000E+00     1.14290000E-06     0.00000000E+00     0.00000000E+00     1.45520000E-06     0.00000000E+00
    3.16000000E+03     1.00000000E+00     1.98834980E-03     1.22026020E+00     6.08408100E-04     0.00000000E+00     9.14310000E-06     0.00000000E+00     0.00000000E+00     2.91030000E-06     0.00000000E+00
    3.16000000E+03     1.50000000E+00     2.98252480E-03     1.22026020E+00     6.08408100E-04     0.00000000E+00     3.08579000E-05     0.00000000E+00     0.00000000E+00     4.36550000E-06     0.00000000E+00
    3.16000000E+03     2.00000000E+00     3.97669970E-03     1.22026020E+00     6.08408100E-04     2.00000000E-10     7.31448000E-05     2.00000000E-10     0.00000000E+00     5.82070000E-06     0.00000000E+00
    3.16000000E+03     2.50000000E+00     4.97087460E-03     1.22026020E+00     6.08408100E-04     6.00000000E-10     1.42861600E-04     9.00000000E-10     0.00000000E+00     7.27590000E-06     0.00000000E+00
    3.16000000E+03     3.00000000E+00     5.96504950E-03     1.22026020E+00     6.08408100E-04     1.90000000E-09     2.46866300E-04     2.80000000E-09     1.00000000E-10     8.73110000E-06     1.00000000E-10
    3.16000000E+03     3.50000000E+00     6.95922440E-03     1.22026020E+00     6.08408100E-04     4.70000000E-09     3.92017500E-04     7.10000000E-09     1.00000000E-10     1.01864000E-05     2.00000000E-10
    3.16000000E+03     4.00000000E+00     7.95339930E-03     1.22026020E+00     6.08408100E-04     1.05000000E-08     5.85174600E-04     1.58000000E-08     2.00000000E-10     1.16417000E-05     3.00000000E-10
    3.16000000E+03     4.50000000E+00     8.94757430E-03     1.22026020E+00     6.08408100E-04     2.14000000E-08     8.33198000E-04     3.20000000E-08     3.00000000E-10     1.30970000E-05     5.00000000E-10
    3.16000000E+03     5.00000000E+00     9.94174920E-03     1.22026020E+00     6.08408100E-04     4.02000000E-08     1.14294920E-03     6.03000000E-08     5.00000000E-10     1.45525000E-05     8.00000000E-10
    3.16000000E+03     5.50000000E+00     1.09359240E-02     1.22026020E+00     6.08408100E-04     7.12000000E-08     1.52129110E-03     1.06800000E-07     7.00000000E-10     1.60080000E-05     1.10000000E-09
    3.16000000E+03     6.00000000E+00     1.19300990E-02     1.22026020E+00     6.08408100E-04     1.20000000E-07     1.97508850E-03     1.80000000E-07     1.10000000E-09     1.74636000E-05     1.60000000E-09
    3.16000000E+03     6.50000000E+00     1.29242740E-02     1.22026020E+00     6.08408100E-04     1.94000000E-07     2.51120850E-03     2.91000000E-07     1.50000000E-09     1.89193000E-05     2.20000000E-09
    3.16000000E+03     7.00000000E+00     1.39184490E-02     1.22026020E+00     6.08408100E-04     3.02600000E-07     3.13652070E-03     4.53900000E-07     2.00000000E-09     2.03752000E-05     2.90000000E-09
    3.16000000E+03     7.50000000E+00     1.49126240E-02     1.22026020E+00     6.08408100E-04     4.57800000E-07     3.85789690E-03     6.86700000E-07     2.60000000E-09     2.18312000E-05     3.90000000E-09
    3.16000000E+03     8.00000000E+00     1.59067990E-02     1.22026020E+00     6.08408100E-04     6.74300000E-07     4.68221310E-03     1.01140000E-06     3.40000000E-09     2.32874000E-05     5.00000000E-09
    3.16000000E+03     8.50000000E+00     1.69009740E-02     1.22026020E+00     6.08408100E-04     9.70200000E-07     5.61634860E-03     1.45510000E-06     4.30000000E-09     2.47438000E-05     6.40000000E-09
    3.16000000E+03     9.00000000E+00     1.78951490E-02     1.22026020E+00     6.08408100E-04     1.36710000E-06     6.66718730E-03     2.05030000E-06     5.40000000E-09     2.62004000E-05     8.10000000E-09
    3.16000000E+03     9.50000000E+00     1.88893230E-02     1.22026020E+00     6.08408100E-04     1.89090000E-06     7.84161770E-03     2.83600000E-06     6.70000000E-09     2.76572000E-05     1.00000000E-08
    3.16000000E+03     1.00000000E+01     1.98834980E-02     1.22026020E+00     6.08408100E-04     2.57240000E-06     9.14653310E-03     3.85790000E-06     8.20000000E-09     2.91143000E-05     1.23000000E-08
    3.16000000E+03     1.05000000E+01     2.08776730E-02     1.22026020E+00     6.08408100E-04     3.44720000E-06     1.05888340E-02     5.16980000E-06     1.00000000E-08     3.05717000E-05     1.49000000E-08
    3.16000000E+03     1.10000000E+01     2.18718480E-02     1.22026020E+00     6.08408100E-04     4.55700000E-06     1.21754260E-02     6.83410000E-06     1.20000000E-08     3.20294000E-05     1.80000000E-08
    3.16000000E+03     1.15000000E+01     2.28660230E-02     1.22026020E+00     6.08408100E-04     5.94990000E-06     1.39132210E-02     8.92290000E-06     1.43000000E-08     3.34875000E-05     2.15000000E-08
    3.16000000E+03     1.20000000E+01     2.38601980E-02     1.22026020E+00     6.08408100E-04     7.68080000E-06     1.58091430E-02     1.15184000E-05     1.70000000E-08     3.49459000E-05     2.55000000E-08
    3.16000000E+03     1.25000000E+01     2.48543730E-02     1.22026020E+00     6.08408100E-04     9.81240000E-06     1.78701190E-02     1.47147000E-05     2.00000000E-08     3.64047000E-05     3.00000000E-08
    3.16000000E+03     1.30000000E+01     2.58485480E-02     1.22026020E+00     6.08408100E-04     1.24157000E-05     2.01030900E-02     1.86182000E-05     2.34000000E-08     3.78640000E-05     3.51000000E-08
    3.16000000E+03     1.35000000E+01     2.68427230E-02     1.22026020E+00     6.08408100E-04     1.55708000E-05     2.25150020E-02     2.33490000E-05     2.72000000E-08     3.93237000E-05     4.08000000E-08
    3.16000000E+03     1.40000000E+01     2.78368980E-02     1.22026020E+00     6.08408100E-04     1.93674000E-05     2.51128160E-02     2.90415000E-05     3.15000000E-08     4.07840000E-05     4.72000000E-08
    3.16000000E+03     1.45000000E+01     2.88310730E-02     1.22026020E+00     6.08408100E-04     2.39060000E-05     2.79035010E-02     3.58463000E-05     3.62000000E-08     4.22448000E-05     5.43000000E-08
    3.16000000E+03     1.50000000E+01     2.98252480E-02     1.22026020E+00     6.08408100E-04     2.92983000E-05     3.08940410E-02     4.39307000E-05     4.14000000E-08     4.37061000E-05     6.21000000E-08
    3.16000000E+03     1.55000000E+01     3.08194220E-02     1.22026020E+00     6.08408100E-04     3.56681000E-05     3.40914290E-02     5.34804000E-05     4.73000000E-08     4.51681000E-05     7.09000000E-08
    3.16000000E+03     1.60000000E+01     3.18135970E-02     1.22026020E+00     6.08408100E-04     4.31524000E-05     3.75026830E-02     6.47006000E-05     5.37000000E-08     4.66308000E-05     8.04000000E-08
    3.16000000E+03     1.65000000E+01     3.28077720E-02     1.22026020E+00     6.08408100E-04     5.19020000E-05     4.11348200E-02     7.78172000E-05     6.07000000E-08     4.80941000E-05     9.10000000E-08
    3.16000000E+03     1.70000000E+01     3.38019470E-02     1.22026020E+00     6.08408100E-04     6.20824000E-05     4.49948880E-02     9.30782000E-05     6.84000000E-08     4.95582000E-05     1.02500000E-07
    3.16000000E+03     1.75000000E+01     3.47961220E-02     1.22026020E+00     6.08408100E-04     7.38751000E-05     4.90899390E-02     1.10755400E-04     7.68000000E-08     5.10231000E-05     1.15100000E-07
    3.16000000E+03     1.80000000E+01     3.57902970E-02     1.22026020E+00     6.08408100E-04     8.74781000E-05     5.34270500E-02     1.31145400E-04     8.59000000E-08     5.24888000E-05     1.28800000E-07
    3.16000000E+03     1.85000000E+01     3.67844720E-02     1.22026020E+00     6.08408100E-04     1.03107300E-04     5.80133210E-02     1.54571600E-04     9.59000000E-08     5.39553000E-05     1.43800000E-07
    3.16000000E+03     1.90000000E+01     3.77786470E-02     1.22026020E+00     6.08408100E-04     1.20997100E-04     6.28558610E-02     1.81385000E-04     1.06700000E-07     5.54228000E-05     1.59900000E-07
    3.16000000E+03     1.95000000E+01     3.87728220E-02     1.22026020E+00     6.08408100E-04     1.41401900E-04     6.79618070E-02     2.11966700E-04     1.18400000E-07     5.68913000E-05     1.77400000E-07
    3.16000000E+03     2.00000000E+01     3.97669970E-02     1.22026020E+00     6.08408100E-04     1.64596900E-04     7.33383170E-02     2.46728600E-04     1.31000000E-07     5.83608000E-05     1.96300000E-07
    3.16000000E+03     2.05000000E+01     4.07611720E-02     1.22026020E+00     6.08408100E-04     1.90879200E-04     7.89925700E-02     2.86115600E-04     1.44600000E-07     5.98313000E-05     2.16700000E-07
    3.16000000E+03     2.10000000E+01     4.17553470E-02     1.22026020E+00     6.08408100E-04     2.20569200E-04     8.49317760E-02     3.30607500E-04     1.59200000E-07     6.13030000E-05     2.38600000E-07
    3.16000000E+03     2.15000000E+01     4.27495210E-02     1.22026020E+00     6.08408100E-04     2.54011600E-04     9.11631730E-02     3.80720000E-04     1.74900000E-07     6.27759000E-05     2.62200000E-07
    3.16000000E+03     2.20000000E+01     4.37436960E-02     1.22026020E+00     6.08408100E-04     2.91576300E-04     9.76940040E-02     4.37007100E-04     1.91800000E-07     6.42499000E-05     2.87400000E-07
    3.16000000E+03     2.25000000E+01     4.47378710E-02     1.22026020E+00     6.08408100E-04     3.33660300E-04     1.04531560E-01     5.00062700E-04     2.09800000E-07     6.57253000E-05     3.14400000E-07
    3.16000000E+03     2.30000000E+01     4.57320460E-02     1.22026020E+00     6.08408100E-04     3.80688400E-04     1.11683170E-01     5.70522600E-04     2.29100000E-07     6.72020000E-05     3.43300000E-07
    3.16000000E+03     2.35000000E+01     4.67262210E-02     1.22026020E+00     6.08408100E-04     4.33114500E-04     1.19156160E-01     6.49066100E-04     2.49600000E-07     6.86801000E-05     3.74100000E-07
    3.16000000E+03     2.40000000E+01     4.77203960E-02     1.22026020E+00     6.08408100E-04     4.91423400E-04     1.26957930E-01     7.36418300E-04     2.71600000E-07     7.01597000E-05     4.07000000E-07
    3.16000000E+03     2.45000000E+01     4.87145710E-02     1.22026020E+00     6.08408100E-04     5.56131600E-04     1.35095880E-01     8.33352000E-04     2.94900000E-07     7.16407000E-05     4.41900000E-07
    3.16000000E+03     2.50000000E+01     4.97087460E-02     1.22026020E+00     6.08408100E-04     6.27788900E-04     1.43577460E-01     9.40689700E-04     3.19700000E-07     7.31234000E-05     4.79100000E-07
    3.16000000E+03     2.55000000E+01     5.07029210E-02     1.22026020E+00     6.08408100E-04     7.06979900E-04     1.52410160E-01     1.05930570E-03     3.46100000E-07     7.46077000E-05     5.18600000E-07
    3.16000000E+03     2.60000000E+01     5.16970960E-02     1.22026020E+00     6.08408100E-04     7.94325000E-04     1.61601480E-01     1.19012780E-03     3.74000000E-07     7.60937000E-05     5.60400000E-07
    3.16000000E+03     2.65000000E+01     5.26912710E-02     1.22026020E+00     6.08408100E-04     8.90482700E-04     1.71159010E-01     1.33414050E-03     4.03600000E-07     7.75815000E-05     6.04700000E-07
    3.16000000E+03     2.70000000E+01     5.36854460E-02     1.22026020E+00     6.08408100E-04     9.96149900E-04     1.81090320E-01     1.49238590E-03     4.35000000E-07     7.90711000E-05     6.51600000E-07
    3.16000000E+03     2.75000000E+01     5.46796200E-02     1.22026020E+00     6.08408100E-04     1.11206480E-03     1.91403110E-01     1.66596760E-03     4.68100000E-07     8.05626000E-05     7.01200000E-07
    3.16000000E+03     2.80000000E+01     5.56737950E-02     1.22026020E+00     6.08408100E-04     1.23900670E-03     2.02104990E-01     1.85605030E-03     5.03000000E-07     8.20561000E-05     7.53600000E-07
    3.16000000E+03     2.85000000E+01     5.66679700E-02     1.22026020E+00     6.08408100E-04     1.37779970E-03     2.13203750E-01     2.06386570E-03     5.39900000E-07     8.35517000E-05     8.08800000E-07
    3.16000000E+03     2.90000000E+01     5.76621450E-02     1.22026020E+00     6.08408100E-04     1.52931240E-03     2.24707160E-01     2.29071190E-03     5.78800000E-07     8.50494000E-05     8.67000000E-07
    3.16000000E+03     2.95000000E+01     5.86563200E-02     1.22026020E+00     6.08408100E-04     1.69446060E-03     2.36623050E-01     2.53795720E-03     6.19800000E-07     8.65492000E-05     9.28300000E-07
    3.16000000E+03     3.00000000E+01     5.96504950E-02     1.22026020E+00     6.08408100E-04     1.87420870E-03     2.48959300E-01     2.80704200E-03     6.62900000E-07     8.80513000E-05     9.92800000E-07
    3.16000000E+03     3.05000000E+01     6.06446700E-02     1.22026020E+00     6.08408100E-04     2.06957060E-03     2.61723810E-01     3.09948130E-03     7.08200000E-07     8.95558000E-05     1.06060000E-06
    3.16000000E+03     3.10000000E+01     6.16388450E-02     1.22026020E+00     6.08408100E-04     2.28161370E-03     2.74924630E-01     3.41686890E-03     7.55700000E-07     9.10627000E-05     1.13180000E-06
    3.16000000E+03     3.15000000E+01     6.26330200E-02     1.22026020E+00     6.08408100E-04     2.51145740E-03     2.88569760E-01     3.76087670E-03     8.05700000E-07     9.25720000E-05     1.20650000E-06
    3.16000000E+03     3.20000000E+01     6.36271950E-02     1.22026020E+00     6.08408100E-04     2.76027740E-03     3.02667280E-01     4.13325980E-03     8.58000000E-07     9.40840000E-05     1.28480000E-06
    3.16000000E+03     3.25000000E+01     6.46213700E-02     1.22026020E+00     6.08408100E-04     3.02930690E-03     3.17225400E-01     4.53585930E-03     9.12900000E-07     9.55986000E-05     1.36690000E-06
    3.16000000E+03     3.30000000E+01     6.56155450E-02     1.22026020E+00     6.08408100E-04     3.31983760E-03     3.32252310E-01     4.97060340E-03     9.70400000E-07     9.71159000E-05     1.45290000E-06
    3.16000000E+03     3.35000000E+01     6.66097200E-02     1.22026020E+00     6.08408100E-04     3.63322240E-03     3.47756310E-01     5.43951080E-03     1.03050000E-06     9.86360000E-05     1.54280000E-06
    3.16000000E+03     3.40000000E+01     6.76038940E-02     1.22026020E+00     6.08408100E-04     3.97087700E-03     3.63745730E-01     5.94469430E-03     1.09340000E-06     1.00159100E-04     1.63690000E-06
    3.16000000E+03     3.45000000E+01     6.85980690E-02     1.22026020E+00     6.08408100E-04     4.33428190E-03     3.80229010E-01     6.48836240E-03     1.15910000E-06     1.01685100E-04     1.73520000E-06
    3.16000000E+03     3.50000000E+01     6.95922440E-02     1.22026020E+00     6.08408100E-04     4.72498380E-03     3.97214600E-01     7.07282250E-03     1.22780000E-06     1.03214200E-04     1.83780000E-06
    3.16000000E+03     3.55000000E+01     7.05864190E-02     1.22026020E+00     6.08408100E-04     5.14459870E-03     4.14711080E-01     7.70048470E-03     1.29940000E-06     1.04746400E-04     1.94500000E-06
    3.16000000E+03     3.60000000E+01     7.15805940E-02     1.22026020E+00     6.08408100E-04     5.59481280E-03     4.32727070E-01     8.37386350E-03     1.37410000E-06     1.06281900E-04     2.05670000E-06
    3.16000000E+03     3.65000000E+01     7.25747690E-02     1.22026020E+00     6.08408100E-04     6.07738480E-03     4.51271270E-01     9.09558080E-03     1.45200000E-06     1.07820700E-04     2.17320000E-06
    3.16000000E+03     3.70000000E+01     7.35689440E-02     1.22026020E+00     6.08408100E-04     6.59414900E-03     4.70352480E-01     9.86837130E-03     1.53320000E-06     1.09362900E-04     2.29450000E-06
    3.16000000E+03     3.75000000E+01     7.45631190E-02     1.22026020E+00     6.08408100E-04     7.14701610E-03     4.89979570E-01     1.06950830E-02     1.61780000E-06     1.10908700E-04     2.42090000E-06
    3.16000000E+03     3.80000000E+01     7.55572940E-02     1.22026020E+00     6.08408100E-04     7.73797400E-03     5.10161420E-01     1.15786770E-02     1.70570000E-06     1.12458100E-04     2.55240000E-06
    3.16000000E+03     3.85000000E+01     7.65514690E-02     1.22026020E+00     6.08408100E-04     8.36909520E-03     5.30907130E-01     1.25222420E-02     1.79720000E-06     1.14011100E-04     2.68910000E-06
    3.16000000E+03     3.90000000E+01     7.75456440E-02     1.22026020E+00     6.08408100E-04     9.04253140E-03     5.52225760E-01     1.35289830E-02     1.89240000E-06     1.15568000E-04     2.83130000E-06
    3.16000000E+03     3.95000000E+01     7.85398190E-02     1.22026020E+00     6.08408100E-04     9.76052190E-03     5.74126520E-01     1.46022360E-02     1.99130000E-06     1.17128800E-04     2.97900000E-06
    3.16000000E+03     4.00000000E+01     7.95339930E-02     1.22026020E+00     6.08408100E-04     1.05253940E-02     5.96618700E-01     1.57454650E-02     2.09400000E-06     1.18693500E-04     3.13250000E-06
    3.16000000E+03     4.05000000E+01     8.05281680E-02     1.22026020E+00     6.08408100E-04     1.13395640E-02     6.19711710E-01     1.69622690E-02     2.20060000E-06     1.20262400E-04     3.29170000E-06
    3.16000000E+03     4.10000000E+01     8.15223430E-02     1.22026020E+00     6.08408100E-04     1.22055410E-02     6.43415010E-01     1.82563800E-02     2.31120000E-06     1.21835400E-04     3.45700000E-06
    3.16000000E+03     4.15000000E+01     8.25165180E-02     1.22026020E+00     6.08408100E-04     1.31259250E-02     6.67738110E-01     1.96316710E-02     2.42600000E-06     1.23412800E-04     3.62840000E-06
    3.16000000E+03     4.20000000E+01     8.35106930E-02     1.22026020E+00     6.08408100E-04     1.41034200E-02     6.92690800E-01     2.10921640E-02     2.54490000E-06     1.24994500E-04     3.80600000E-06
    3.16000000E+03     4.25000000E+01     8.45048680E-02     1.22026020E+00     6.08408100E-04     1.51408230E-02     7.18282810E-01     2.26420200E-02     2.66820000E-06     1.26580800E-04     3.99010000E-06
    3.16000000E+03     4.30000000E+01     8.54990430E-02     1.22026020E+00     6.08408100E-04     1.62410340E-02     7.44523960E-01     2.42855510E-02     2.79590000E-06     1.28171600E-04     4.18080000E-06
    3.16000000E+03     4.35000000E+01     8.64932180E-02     1.22026020E+00     6.08408100E-04     1.74070570E-02     7.71424280E-01     2.60272250E-02     2.92820000E-06     1.29767200E-04     4.37820000E-06
    3.16000000E+03     4.40000000E+01     8.74873930E-02     1.22026020E+00     6.08408100E-04     1.86420050E-02     7.98993910E-01     2.78716710E-02     3.06500000E-06     1.31367600E-04     4.58260000E-06
    3.16000000E+03     4.45000000E+01     8.84815680E-02     1.22026020E+00     6.08408100E-04     1.99490920E-02     8.27242930E-01     2.98236660E-02     3.20670000E-06     1.32972900E-04     4.79390000E-06
    3.16000000E+03     4.50000000E+01     8.94757430E-02     1.22026020E+00     6.08408100E-04     2.13316590E-02     8.56181860E-01     3.18881740E-02     3.35310000E-06     1.34583300E-04     5.01250000E-06
    3.16000000E+03     4.55000000E+01     9.04699180E-02     1.22026020E+00     6.08408100E-04     2.27931410E-02     8.85820940E-01     3.40703000E-02     3.50450000E-06     1.36198800E-04     5.23850000E-06
    3.16000000E+03     4.60000000E+01     9.14640920E-02     1.22026020E+00     6.08408100E-04     2.43371040E-02     9.16170870E-01     3.63753430E-02     3.66100000E-06     1.37819600E-04     5.47190000E-06
    3.16000000E+03     4.65000000E+01     9.24582670E-02     1.22026020E+00     6.08408100E-04     2.59672250E-02     9.47242200E-01     3.88087590E-02     3.82270000E-06     1.39445700E-04     5.71310000E-06
    3.16000000E+03     4.70000000E+01     9.34524420E-02     1.22026020E+00     6.08408100E-04     2.76873120E-02     9.79045860E-01     4.13762060E-02     3.98970000E-06     1.41077400E-04     5.96220000E-06
    3.16000000E+03     4.75000000E+01     9.44466170E-02     1.22026020E+00     6.08408100E-04     2.95012870E-02     1.01159270E+00     4.40835060E-02     4.16200000E-06     1.42714700E-04     6.21930000E-06
    3.16000000E+03     4.80000000E+01     9.54407920E-02     1.22026020E+00     6.08408100E-04     3.14132070E-02     1.04489400E+00     4.69366790E-02     4.33990000E-06     1.44357700E-04     6.48460000E-06
    3.16000000E+03     4.85000000E+01     9.64349670E-02     1.22026020E+00     6.08408100E-04     3.34272420E-02     1.07896050E+00     4.99419150E-02     4.52340000E-06     1.46006500E-04     6.75820000E-06
    3.16000000E+03     4.90000000E+01     9.74291420E-02     1.22026020E+00     6.08408100E-04     3.55477270E-02     1.11380390E+00     5.31056410E-02     4.71270000E-06     1.47661300E-04     7.04040000E-06
    3.16000000E+03     4.95000000E+01     9.84233170E-02     1.22026020E+00     6.08408100E-04     3.77790970E-02     1.14943560E+00     5.64344390E-02     4.90790000E-06     1.49322200E-04     7.33130000E-06
    3.16000000E+03     5.10000000E+01     1.01405842E-01     1.22026020E+00     6.08408100E-04     4.53152672E-02     1.26201276E+00     6.76739708E-02     5.53610000E-06     1.54349200E-04     8.26770000E-06
    3.16000000E+03     5.35000000E+01     1.06376718E-01     1.22026020E+00     6.08408100E-04     6.03604800E-02     1.46518938E+00     9.01027040E-02     6.70210000E-06     1.62850600E-04     1.00046000E-05
    3.16000000E+03     5.60000000E+01     1.11347592E-01     1.22026020E+00     6.08408100E-04     7.93552568E-02     1.69083348E+00     1.18402162E-01     8.04320000E-06     1.71532700E-04     1.20009000E-05
    3.16000000E+03     5.85000000E+01     1.16318468E-01     1.22026020E+00     6.08408100E-04     1.03088167E-01     1.94061624E+00     1.53738388E-01     9.57590000E-06     1.80412600E-04     1.42808000E-05
    3.16000000E+03     6.10000000E+01     1.21289340E-01     1.22026020E+00     6.08408100E-04     1.32460174E-01     2.21632370E+00     1.97441822E-01     1.13175000E-05     1.89507700E-04     1.68697000E-05
    3.16000000E+03     6.35000000E+01     1.26260212E-01     1.22026020E+00     6.08408100E-04     1.68494706E-01     2.51986660E+00     2.51021644E-01     1.32863000E-05     1.98836600E-04     1.97939000E-05
    3.16000000E+03     6.60000000E+01     1.31231088E-01     1.22026020E+00     6.08408100E-04     2.12348270E-01     2.85329140E+00     3.16180792E-01     1.55011000E-05     2.08418300E-04     2.30808000E-05
    3.16000000E+03     6.85000000E+01     1.36201962E-01     1.22026020E+00     6.08408100E-04     2.65321404E-01     3.21879122E+00     3.94831342E-01     1.79815000E-05     2.18272700E-04     2.67588000E-05
    3.16000000E+03     7.10000000E+01     1.41172838E-01     1.22026020E+00     6.08408100E-04     3.28870028E-01     3.61871726E+00     4.89110468E-01     2.07477000E-05     2.28420300E-04     3.08571000E-05
    3.16000000E+03     7.35000000E+01     1.46143712E-01     1.22026020E+00     6.08408100E-04     4.04617362E-01     4.05559110E+00     6.01396956E-01     2.38209000E-05     2.38882500E-04     3.54060000E-05
    3.16000000E+03     7.60000000E+01     1.51114588E-01     1.22026020E+00     6.08408100E-04     4.94365908E-01     4.53211592E+00     7.34327854E-01     2.72229000E-05     2.49681200E-04     4.04368000E-05
    3.16000000E+03     7.85000000E+01     1.56085462E-01     1.22026020E+00     6.08408100E-04     6.00110352E-01     5.05119086E+00     8.90816188E-01     3.09760000E-05     2.60839400E-04     4.59816000E-05
    3.16000000E+03     8.10000000E+01     1.61056338E-01     1.22026020E+00     6.08408100E-04     7.24050306E-01     5.61592214E+00     1.07406836E+00     3.51036000E-05     2.72380300E-04     5.20735000E-05
    3.16000000E+03     8.35000000E+01     1.66027212E-01     1.22026020E+00     6.08408100E-04     8.68603962E-01     6.22963872E+00     1.28760274E+00     3.96296000E-05     2.84328200E-04     5.87464000E-05
    3.16000000E+03     8.60000000E+01     1.70998088E-01     1.22026020E+00     6.08408100E-04     1.03642170E+00     6.89590456E+00     1.53526792E+00     4.45786000E-05     2.96708000E-04     6.60352000E-05
    3.16000000E+03     8.85000000E+01     1.75968962E-01     1.22026020E+00     6.08408100E-04     1.23040050E+00     7.61853350E+00     1.82126206E+00     4.99760000E-05     3.09545400E-04     7.39756000E-05
    3.16000000E+03     9.10000000E+01     1.80939836E-01     1.22026020E+00     6.08408100E-04     1.45369830E+00     8.40160410E+00     2.15015202E+00     5.58478000E-05     3.22866600E-04     8.26043000E-05
    3.16000000E+03     9.35000000E+01     1.85910708E-01     1.22026020E+00     6.08408100E-04     1.70974928E+00     9.24947466E+00     2.52689338E+00     6.22209000E-05     3.36698600E-04     9.19586000E-05
    3.16000000E+03     9.60000000E+01     1.90881582E-01     1.22026020E+00     6.08408100E-04     2.00227864E+00     1.01667968E+01     2.95684978E+00     6.91227000E-05     3.51069200E-04     1.02076800E-04
    3.16000000E+03     9.85000000E+01     1.95852458E-01     1.22026020E+00     6.08408100E-04     2.33531896E+00     1.11585358E+01     3.44581424E+00     7.65814000E-05     3.66006800E-04     1.12997900E-04
    3.16000000E+03     1.01000000E+02     2.00823332E-01     1.22026020E+00     6.08408100E-04     2.71322652E+00     1.22299826E+01     4.00002992E+00     8.46258000E-05     3.81540400E-04     1.24761700E-04
    3.16000000E+03     1.03500000E+02     2.05794208E-01     1.22026020E+00     6.08408100E-04     3.14069650E+00     1.33867708E+01     4.62620966E+00     9.32854000E-05     3.97699800E-04     1.37408800E-04
    3.16000000E+03     1.06000000E+02     2.10765082E-01     1.22026020E+00     6.08408100E-04     3.62278102E+00     1.46348956E+01     5.33155864E+00     1.02590500E-04     4.14515600E-04     1.50980500E-04
    3.16000000E+03     1.08500000E+02     2.15735958E-01     1.22026020E+00     6.08408100E-04     4.16490584E+00     1.59807308E+01     6.12379514E+00     1.12572000E-04     4.32018800E-04     1.65518800E-04
    3.16000000E+03     1.11000000E+02     2.20706832E-01     1.22026020E+00     6.08408100E-04     4.77288784E+00     1.74310424E+01     7.01117236E+00     1.23261500E-04     4.50241200E-04     1.81066600E-04
    3.16000000E+03     1.13500000E+02     2.25677708E-01     1.22026020E+00     6.08408100E-04     5.45295338E+00     1.89930134E+01     8.00250074E+00     1.34691200E-04     4.69215400E-04     1.97667200E-04
    3.16000000E+03     1.16000000E+02     2.30648582E-01     1.22026020E+00     6.08408100E-04     6.21175606E+00     2.06742562E+01     9.10716938E+00     1.46894000E-04     4.88974400E-04     2.15364700E-04
    3.16000000E+03     1.18500000E+02     2.35619458E-01     1.22026020E+00     6.08408100E-04     7.05639436E+00     2.24828324E+01     1.03351669E+01     1.59903400E-04     5.09552100E-04     2.34203800E-04
    3.16000000E+03     1.21000000E+02     2.40590332E-01     1.22026020E+00     6.08408100E-04     7.99443366E+00     2.44272766E+01     1.16971086E+01     1.73753800E-04     5.30982800E-04     2.54229900E-04
    3.16000000E+03     1.23500000E+02     2.45561202E-01     1.22026020E+00     6.08408100E-04     9.03392114E+00     2.65166082E+01     1.32042518E+01     1.88479900E-04     5.53301700E-04     2.75488800E-04
    3.16000000E+03     1.26000000E+02     2.50532078E-01     1.22026020E+00     6.08408100E-04     1.01834087E+01     2.87603562E+01     1.48685244E+01     2.04117300E-04     5.76544600E-04     2.98027200E-04
    3.16000000E+03     1.28500000E+02     2.55502952E-01     1.22026020E+00     6.08408100E-04     1.14519708E+01     3.11685764E+01     1.67025436E+01     2.20702100E-04     6.00747700E-04     3.21892100E-04
    3.16000000E+03     1.31000000E+02     2.60473828E-01     1.22026020E+00     6.08408100E-04     1.28492260E+01     3.37518742E+01     1.87196414E+01     2.38271000E-04     6.25948100E-04     3.47130900E-04
    3.16000000E+03     1.33500000E+02     2.65444702E-01     1.22026020E+00     6.08408100E-04     1.43853572E+01     3.65214218E+01     2.09338846E+01     2.56861600E-04     6.52183300E-04     3.73791900E-04
    3.16000000E+03     1.36000000E+02     2.70415578E-01     1.22026020E+00     6.08408100E-04     1.60711296E+01     3.94889792E+01     2.33600980E+01     2.76511800E-04     6.79491600E-04     4.01923500E-04
    3.16000000E+03     1.38500000E+02     2.75386452E-01     1.22026020E+00     6.08408100E-04     1.79179166E+01     4.26669232E+01     2.60138884E+01     2.97260300E-04     7.07911900E-04     4.31574800E-04
    3.16000000E+03     1.41000000E+02     2.80357328E-01     1.22026020E+00     6.08408100E-04     1.99377174E+01     4.60682606E+01     2.89116654E+01     3.19146200E-04     7.37483700E-04     4.62795200E-04
    3.16000000E+03     1.43500000E+02     2.85328202E-01     1.22026020E+00     6.08408100E-04     2.21431790E+01     4.97066452E+01     3.20706646E+01     3.42209500E-04     7.68246900E-04     4.95634500E-04
    3.16000000E+03     1.46000000E+02     2.90299078E-01     1.22026020E+00     6.08408100E-04     2.45476196E+01     5.35964100E+01     3.55089694E+01     3.66490500E-04     8.00242100E-04     5.30142900E-04
    3.16000000E+03     1.48500000E+02     2.95269952E-01     1.22026020E+00     6.08408100E-04     2.71650496E+01     5.77525870E+01     3.92455340E+01     3.92030400E-04     8.33510700E-04     5.66371000E-04
    3.16000000E+03     1.51000000E+02     3.00240828E-01     1.22026020E+00     6.08408100E-04     3.00101914E+01     6.21909254E+01     4.33002008E+01     4.18870600E-04     8.68094500E-04     6.04369500E-04
    3.16000000E+03     1.53500000E+02     3.05211698E-01     1.22026020E+00     6.08408100E-04     3.30985096E+01     6.69279180E+01     4.76937324E+01     4.47053500E-04     9.04035700E-04     6.44189800E-04
    3.16000000E+03     1.56000000E+02     3.10182572E-01     1.22026020E+00     6.08408100E-04     3.64462230E+01     7.19808112E+01     5.24478188E+01     4.76621700E-04     9.41377300E-04     6.85883300E-04
    3.16000000E+03     1.58500000E+02     3.15153448E-01     1.22026020E+00     6.08408100E-04     4.00703378E+01     7.73676754E+01     5.75851130E+01     5.07618500E-04     9.80163000E-04     7.29501500E-04
    3.16000000E+03     1.61000000E+02     3.20124322E-01     1.22026020E+00     6.08408100E-04     4.39886628E+01     8.31073476E+01     6.31292416E+01     5.40087800E-04     1.02043660E-03     7.75096400E-04
    3.16000000E+03     1.63500000E+02     3.25095198E-01     1.22026020E+00     6.08408100E-04     4.82198404E+01     8.92195096E+01     6.91048306E+01     5.74074100E-04     1.06224260E-03     8.22720000E-04
    3.16000000E+03     1.66000000E+02     3.30066072E-01     1.22026020E+00     6.08408100E-04     5.27833610E+01     9.57247346E+01     7.55375222E+01     6.09622100E-04     1.10562640E-03     8.72424600E-04
    3.16000000E+03     1.68500000E+02     3.35036948E-01     1.22026020E+00     6.08408100E-04     5.76995966E+01     1.02644452E+02     8.24539998E+01     6.46777500E-04     1.15063370E-03     9.24262600E-04
    3.16000000E+03     1.71000000E+02     3.40007822E-01     1.22026020E+00     6.08408100E-04     6.29898148E+01     1.10000984E+02     8.98819992E+01     6.85586200E-04     1.19731030E-03     9.78286200E-04
    3.16000000E+03     1.73500000E+02     3.44978698E-01     1.22026020E+00     6.08408100E-04     6.86762090E+01     1.17817600E+02     9.78503318E+01     7.26094600E-04     1.24570300E-03     1.03454810E-03
    3.16000000E+03     1.76000000E+02     3.49949572E-01     1.22026020E+00     6.08408100E-04     7.47819280E+01     1.26118536E+02     1.06388916E+02     7.68349800E-04     1.29585920E-03     1.09310090E-03
    3.16000000E+03     1.78500000E+02     3.54920448E-01     1.22026020E+00     6.08408100E-04     8.13310856E+01     1.34928970E+02     1.15528766E+02     8.12399400E-04     1.34782620E-03     1.15399690E-03
    3.16000000E+03     1.81000000E+02     3.59891322E-01     1.22026020E+00     6.08408100E-04     8.83488014E+01     1.44275136E+02     1.25302046E+02     8.58291200E-04     1.40165240E-03     1.21728890E-03
    3.16000000E+03     1.83500000E+02     3.64862194E-01     1.22026020E+00     6.08408100E-04     9.58612098E+01     1.54184244E+02     1.35742050E+02     9.06073700E-04     1.45738630E-03     1.28302910E-03
    3.16000000E+03     1.86000000E+02     3.69833068E-01     1.22026020E+00     6.08408100E-04     1.03895496E+02     1.64684598E+02     1.46883240E+02     9.55795800E-04     1.51507720E-03     1.35127010E-03
    3.16000000E+03     1.88500000E+02     3.74803942E-01     1.22026020E+00     6.08408100E-04     1.12479918E+02     1.75805526E+02     1.58761274E+02     1.00750700E-03     1.57477420E-03     1.42206400E-03
    3.16000000E+03     1.91000000E+02     3.79774818E-01     1.22026020E+00     6.08408100E-04     1.21643838E+02     1.87577546E+02     1.71412988E+02     1.06125700E-03     1.63652780E-03     1.49546320E-03
    3.16000000E+03     1.93500000E+02     3.84745692E-01     1.22026020E+00     6.08408100E-04     1.31417726E+02     2.00032214E+02     1.84876434E+02     1.11709630E-03     1.70038800E-03     1.57151930E-03
    3.16000000E+03     1.96000000E+02     3.89716568E-01     1.22026020E+00     6.08408100E-04     1.41833216E+02     2.13202304E+02     1.99190890E+02     1.17507540E-03     1.76640600E-03     1.65028430E-03
    3.16000000E+03     1.98500000E+02     3.94687442E-01     1.22026020E+00     6.08408100E-04     1.52923098E+02     2.27121700E+02     2.14396866E+02     1.23524540E-03     1.83463270E-03     1.73180950E-03
    3.16000000E+03     2.01000000E+02     3.99658318E-01     1.22026020E+00     6.08408100E-04     1.64721368E+02     2.41825576E+02     2.30536128E+02     1.29765800E-03     1.90512010E-03     1.81614620E-03
    3.16000000E+03     2.03500000E+02     4.04629192E-01     1.22026020E+00     6.08408100E-04     1.77263242E+02     2.57350254E+02     2.47651682E+02     1.36236490E-03     1.97792000E-03     1.90334520E-03
    3.16000000E+03     2.06000000E+02     4.09600068E-01     1.22026020E+00     6.08408100E-04     1.90585192E+02     2.73733380E+02     2.65787840E+02     1.42941870E-03     2.05308510E-03     1.99345720E-03
    3.16000000E+03     2.08500000E+02     4.14570942E-01     1.22026020E+00     6.08408100E-04     2.04724950E+02     2.91013806E+02     2.84990164E+02     1.49887180E-03     2.13066800E-03     2.08653230E-03
    3.16000000E+03     2.11000000E+02     4.19541818E-01     1.22026020E+00     6.08408100E-04     2.19721576E+02     3.09231730E+02     3.05305554E+02     1.57077760E-03     2.21072180E-03     2.18262040E-03
    3.16000000E+03     2.13500000E+02     4.24512690E-01     1.22026020E+00     6.08408100E-04     2.35615408E+02     3.28428716E+02     3.26782128E+02     1.64518920E-03     2.29330050E-03     2.28177060E-03
    3.16000000E+03     2.16000000E+02     4.29483562E-01     1.22026020E+00     6.08408100E-04     2.52448182E+02     3.48647626E+02     3.49469406E+02     1.72216060E-03     2.37845770E-03     2.38403210E-03
    3.16000000E+03     2.18500000E+02     4.34454438E-01     1.22026020E+00     6.08408100E-04     2.70262954E+02     3.69932684E+02     3.73418128E+02     1.80174570E-03     2.46624750E-03     2.48945290E-03
    3.16000000E+03     2.21000000E+02     4.39425312E-01     1.22026020E+00     6.08408100E-04     2.89104226E+02     3.92329580E+02     3.98680412E+02     1.88399900E-03     2.55672460E-03     2.59808090E-03
    3.16000000E+03     2.23500000E+02     4.44396188E-01     1.22026020E+00     6.08408100E-04     3.09017918E+02     4.15885380E+02     4.25309700E+02     1.96897540E-03     2.64994350E-03     2.70996350E-03
    3.16000000E+03     2.26000000E+02     4.49367062E-01     1.22026020E+00     6.08408100E-04     3.30051362E+02     4.40648662E+02     4.53360700E+02     2.05672960E-03     2.74595980E-03     2.82514710E-03
    3.16000000E+03     2.28500000E+02     4.54337938E-01     1.22026020E+00     6.08408100E-04     3.52253422E+02     4.66669472E+02     4.82889534E+02     2.14731710E-03     2.84482880E-03     2.94367790E-03
    3.16000000E+03     2.31000000E+02     4.59308812E-01     1.22026020E+00     6.08408100E-04     3.75674396E+02     4.93999256E+02     5.13953554E+02     2.24079340E-03     2.94660570E-03     3.06560110E-03
    3.16000000E+03     2.33500000E+02     4.64279688E-01     1.22026020E+00     6.08408100E-04     4.00366154E+02     5.22691104E+02     5.46611522E+02     2.33721440E-03     3.05134680E-03     3.19096110E-03
    3.16000000E+03     2.36000000E+02     4.69250562E-01     1.22026020E+00     6.08408100E-04     4.26382124E+02     5.52799752E+02     5.80923518E+02     2.43663630E-03     3.15910880E-03     3.31980220E-03
    3.16000000E+03     2.38500000E+02     4.74221438E-01     1.22026020E+00     6.08408100E-04     4.53777208E+02     5.84381126E+02     6.16950836E+02     2.53911500E-03     3.26994670E-03     3.45216690E-03
    3.16000000E+03     2.41000000E+02     4.79192312E-01     1.22026020E+00     6.08408100E-04     4.82608042E+02     6.17493310E+02     6.54756264E+02     2.64470750E-03     3.38391880E-03     3.58809790E-03
    3.16000000E+03     2.43500000E+02     4.84163186E-01     1.22026020E+00     6.08408100E-04     5.12932840E+02     6.52195500E+02     6.94403846E+02     2.75347050E-03     3.50108070E-03     3.72763680E-03
    3.16000000E+03     2.46000000E+02     4.89134058E-01     1.22026020E+00     6.08408100E-04     5.44811364E+02     6.88548870E+02     7.35958824E+02     2.86546080E-03     3.62148990E-03     3.87082360E-03
    3.16000000E+03     2.48500000E+02     4.94104932E-01     1.22026020E+00     6.08408100E-04     5.78305102E+02     7.26616090E+02     7.79487802E+02     2.98073530E-03     3.74520350E-03     4.01769770E-03
    3.16000000E+03     2.52250000E+02     5.01561245E-01     1.22026020E+00     6.08408100E-04     6.31935045E+02     7.87306551E+02     8.48899819E+02     3.16035930E-03     3.93752580E-03     4.24548050E-03
    3.16000000E+03     2.57250000E+02     5.11502995E-01     1.22026020E+00     6.08408100E-04     7.09420245E+02     8.74545934E+02     9.48663225E+02     3.41133270E-03     4.20549740E-03     4.56182870E-03
    3.16000000E+03     2.62250000E+02     5.21444745E-01     1.22026020E+00     6.08408100E-04     7.94561010E+02     9.69857904E+02     1.05758721E+03     3.67647940E-03     4.48772340E-03     4.89358910E-03
    3.16000000E+03     2.67250000E+02     5.31386495E-01     1.22026020E+00     6.08408100E-04     8.87933269E+02     1.07382832E+03     1.17626533E+03     3.95626290E-03     4.78466690E-03     5.24102900E-03
    3.16000000E+03     2.72250000E+02     5.41328245E-01     1.22026020E+00     6.08408100E-04     9.90142092E+02     1.18707267E+03     1.30531014E+03     4.25114700E-03     5.09679280E-03     5.60439530E-03
    3.16000000E+03     2.77250000E+02     5.51269990E-01     1.22026020E+00     6.08408100E-04     1.10182261E+03     1.31023603E+03     1.44535271E+03     4.56159630E-03     5.42456490E-03     5.98391590E-03
    3.16000000E+03     2.82250000E+02     5.61211740E-01     1.22026020E+00     6.08408100E-04     1.22364073E+03     1.44399494E+03     1.59704223E+03     4.88807660E-03     5.76845050E-03     6.37979860E-03
    3.16000000E+03     2.87250000E+02     5.71153490E-01     1.22026020E+00     6.08408100E-04     1.35629334E+03     1.58905630E+03     1.76104431E+03     5.23105200E-03     6.12891220E-03     6.79222730E-03
    3.16000000E+03     2.92250000E+02     5.81095240E-01     1.22026020E+00     6.08408100E-04     1.50050913E+03     1.74615966E+03     1.93804069E+03     5.59098620E-03     6.50641530E-03     7.22136350E-03
    3.16000000E+03     2.97250000E+02     5.91036990E-01     1.22026020E+00     6.08408100E-04     1.65704910E+03     1.91607611E+03     2.12872793E+03     5.96834120E-03     6.90142020E-03     7.66734450E-03
    3.16000000E+03     3.02250000E+02     6.00978740E-01     1.22026020E+00     6.08408100E-04     1.82670712E+03     2.09961041E+03     2.33381614E+03     6.36357700E-03     7.31438830E-03     8.13028180E-03
    3.16000000E+03     3.07250000E+02     6.10920485E-01     1.22026020E+00     6.08408100E-04     2.01031031E+03     2.29760014E+03     2.55402802E+03     6.77715140E-03     7.74577620E-03     8.61026160E-03
    3.16000000E+03     3.12250000E+02     6.20862235E-01     1.22026020E+00     6.08408100E-04     2.20871948E+03     2.51091639E+03     2.79009700E+03     7.20951860E-03     8.19603700E-03     9.10734180E-03
    3.16000000E+03     3.17250000E+02     6.30803985E-01     1.22026020E+00     6.08408100E-04     2.42282945E+03     2.74046498E+03     3.04276600E+03     7.66112920E-03     8.66562190E-03     9.62155250E-03
    3.16000000E+03     3.22250000E+02     6.40745735E-01     1.22026020E+00     6.08408100E-04     2.65356946E+03     2.98718655E+03     3.31278568E+03     8.13242940E-03     9.15497870E-03     1.01528942E-02
    3.16000000E+03     3.27250000E+02     6.50687485E-01     1.22026020E+00     6.08408100E-04     2.90190351E+03     3.25205459E+03     3.60091278E+03     8.62386060E-03     9.66454440E-03     1.07013376E-02
    3.16000000E+03     3.32250000E+02     6.60629235E-01     1.22026020E+00     6.08408100E-04     3.16883041E+03     3.53607944E+03     3.90790799E+03     9.13585840E-03     1.01947562E-02     1.12668217E-02
    3.16000000E+03     3.37250000E+02     6.70570981E-01     1.22026020E+00     6.08408100E-04     3.45538416E+03     3.84030634E+03     4.23453442E+03     9.66885240E-03     1.07460446E-02     1.18492543E-02
    3.16000000E+03     3.42250000E+02     6.80512730E-01     1.22026020E+00     6.08408100E-04     3.76263391E+03     4.16581410E+03     4.58155506E+03     1.02232655E-02     1.13188280E-02     1.24485099E-02
    3.16000000E+03     3.47250000E+02     6.90454480E-01     1.22026020E+00     6.08408100E-04     4.09168424E+03     4.51371878E+03     4.94973067E+03     1.07995131E-02     1.19135233E-02     1.30644294E-02
    3.16000000E+03     3.52250000E+02     7.00396230E-01     1.22026020E+00     6.08408100E-04     4.44367476E+03     4.88517156E+03     5.33981741E+03     1.13980027E-02     1.25305377E-02     1.36968195E-02
    3.16000000E+03     3.57250000E+02     7.10337980E-01     1.22026020E+00     6.08408100E-04     4.81978102E+03     5.28135740E+03     5.75256514E+03     1.20191332E-02     1.31702674E-02     1.43454529E-02
    3.16000000E+03     3.62250000E+02     7.20279730E-01     1.22026020E+00     6.08408100E-04     5.22121276E+03     5.70349831E+03     6.18871301E+03     1.26632935E-02     1.38331025E-02     1.50100637E-02
    3.16000000E+03     3.67250000E+02     7.30221476E-01     1.22026020E+00     6.08408100E-04     5.64921542E+03     6.15285031E+03     6.64898885E+03     1.33308635E-02     1.45194211E-02     1.56903522E-02
    3.16000000E+03     3.72250000E+02     7.40163225E-01     1.22026020E+00     6.08408100E-04     6.10506906E+03     6.63070367E+03     7.13410532E+03     1.40222125E-02     1.52295902E-02     1.63859812E-02
    3.16000000E+03     3.77250000E+02     7.50104975E-01     1.22026020E+00     6.08408100E-04     6.59008788E+03     7.13838358E+03     7.64475693E+03     1.47376976E-02     1.59639659E-02     1.70965753E-02
    3.16000000E+03     3.82250000E+02     7.60046725E-01     1.22026020E+00     6.08408100E-04     7.10562076E+03     7.67725046E+03     8.18161799E+03     1.54776657E-02     1.67228955E-02     1.78217227E-02
    3.16000000E+03     3.87250000E+02     7.69988475E-01     1.22026020E+00     6.08408100E-04     7.65304970E+03     8.24869749E+03     8.74533843E+03     1.62424505E-02     1.75067117E-02     1.85609720E-02
    3.16000000E+03     3.92250000E+02     7.79930225E-01     1.22026020E+00     6.08408100E-04     8.23379020E+03     8.85414981E+03     9.33654144E+03     1.70323725E-02     1.83157320E-02     1.93138343E-02
    3.16000000E+03     3.97250000E+02     7.89871972E-01     1.22026020E+00     6.08408100E-04     8.84928997E+03     9.49506721E+03     9.95581976E+03     1.78477389E-02     1.91502638E-02     2.00797805E-02
    3.16000000E+03     4.02250000E+02     7.99813720E-01     1.22026020E+00     6.08408100E-04     9.50102809E+03     1.01729381E+04     1.06037316E+04     1.86888412E-02     2.00105951E-02     2.08582421E-02
    3.16000000E+03     4.07250000E+02     8.09755470E-01     1.22026020E+00     6.08408100E-04     1.01905163E+04     1.08892859E+04     1.12808003E+04     1.95559592E-02     2.08970056E-02     2.16486136E-02
    3.16000000E+03     4.12250000E+02     8.19697220E-01     1.22026020E+00     6.08408100E-04     1.09192956E+04     1.16456614E+04     1.19875076E+04     2.04493546E-02     2.18097544E-02     2.24502492E-02
    3.16000000E+03     4.17250000E+02     8.29638970E-01     1.22026020E+00     6.08408100E-04     1.16889367E+04     1.24436470E+04     1.27242913E+04     2.13692747E-02     2.27490890E-02     2.32624636E-02
    3.16000000E+03     4.22250000E+02     8.39580720E-01     1.22026020E+00     6.08408100E-04     1.25010392E+04     1.32848539E+04     1.34915421E+04     2.23159506E-02     2.37152393E-02     2.40845337E-02
    3.16000000E+03     4.27250000E+02     8.49522467E-01     1.22026020E+00     6.08408100E-04     1.33572296E+04     1.41709158E+04     1.42895993E+04     2.32895935E-02     2.47084110E-02     2.49156944E-02
    3.16000000E+03     4.32250000E+02     8.59464215E-01     1.22026020E+00     6.08408100E-04     1.42591617E+04     1.51035007E+04     1.51187487E+04     2.42904020E-02     2.57288056E-02     2.57551463E-02
    3.16000000E+03     4.37250000E+02     8.69405965E-01     1.22026020E+00     6.08408100E-04     1.52085137E+04     1.60842964E+04     1.59792161E+04     2.53185511E-02     2.67765967E-02     2.66020476E-02
    3.16000000E+03     4.42250000E+02     8.79347715E-01     1.22026020E+00     6.08408100E-04     1.62069900E+04     1.71150144E+04     1.68711682E+04     2.63742042E-02     2.78519392E-02     2.74555241E-02
    3.16000000E+03     4.47250000E+02     8.89289465E-01     1.22026020E+00     6.08408100E-04     1.72563153E+04     1.81973933E+04     1.77947046E+04     2.74575002E-02     2.89549766E-02     2.83146597E-02
    3.16000000E+03     4.52250000E+02     8.99231215E-01     1.22026020E+00     6.08408100E-04     1.83582373E+04     1.93331909E+04     1.87498559E+04     2.85685612E-02     3.00858286E-02     2.91785033E-02
    3.16000000E+03     4.57250000E+02     9.09172963E-01     1.22026020E+00     6.08408100E-04     1.95145249E+04     2.05241866E+04     1.97365824E+04     2.97074912E-02     3.12445985E-02     3.00460712E-02
    3.16000000E+03     4.62250000E+02     9.19114710E-01     1.22026020E+00     6.08408100E-04     2.07269623E+04     2.17721725E+04     2.07547641E+04     3.08743693E-02     3.24313595E-02     3.09163376E-02
    3.16000000E+03     4.67250000E+02     9.29056460E-01     1.22026020E+00     6.08408100E-04     2.19973548E+04     2.30789641E+04     2.18042064E+04     3.20692605E-02     3.36461748E-02     3.17882508E-02
    3.16000000E+03     4.72250000E+02     9.38998210E-01     1.22026020E+00     6.08408100E-04     2.33275232E+04     2.44463923E+04     2.28846314E+04     3.32922088E-02     3.48890874E-02     3.26607252E-02
    3.16000000E+03     4.77250000E+02     9.48939960E-01     1.22026020E+00     6.08408100E-04     2.47192999E+04     2.58763046E+04     2.39956723E+04     3.45432329E-02     3.61601220E-02     3.35326387E-02
    3.16000000E+03     4.82250000E+02     9.58881710E-01     1.22026020E+00     6.08408100E-04     2.61745311E+04     2.73705523E+04     2.51368759E+04     3.58223343E-02     3.74592696E-02     3.44028423E-02
    3.16000000E+03     4.87250000E+02     9.68823458E-01     1.22026020E+00     6.08408100E-04     2.76950749E+04     2.89310039E+04     2.63076961E+04     3.71294935E-02     3.87865117E-02     3.52701590E-02
    3.16000000E+03     4.92250000E+02     9.78765205E-01     1.22026020E+00     6.08408100E-04     2.92828009E+04     3.05595381E+04     2.75074953E+04     3.84646737E-02     4.01418077E-02     3.61333875E-02
    3.16000000E+03     4.97250000E+02     9.88706955E-01     1.22026020E+00     6.08408100E-04     3.09395821E+04     3.22580385E+04     2.87355340E+04     3.98278111E-02     4.15250934E-02     3.69912944E-02
    3.16000000E+03     5.12250000E+02     1.01853220E+00     1.22026020E+00     6.08408100E-04     3.64196821E+04     3.78698080E+04     3.26044356E+04     4.41115397E-02     4.58694731E-02     3.95099704E-02
    3.16000000E+03     5.37250000E+02     1.06824095E+00     1.22026020E+00     6.08408100E-04     4.69920577E+04     4.86792219E+04     3.94708331E+04     5.17517269E-02     5.36112089E-02     4.34912060E-02
    3.16000000E+03     5.62250000E+02     1.11794970E+00     1.22026020E+00     6.08408100E-04     5.97140809E+04     6.16632083E+04     4.67508484E+04     6.00530207E-02     6.20145387E-02     4.70419024E-02
    3.16000000E+03     5.87250000E+02     1.16765845E+00     1.22026020E+00     6.08408100E-04     7.48157910E+04     7.70530044E+04     5.41910483E+04     6.89795027E-02     7.10434229E-02     4.99926384E-02
    3.16000000E+03     6.12250000E+02     1.21736719E+00     1.22026020E+00     6.08408100E-04     9.25193638E+04     9.50720164E+04     6.14731774E+04     7.84868350E-02     8.06534599E-02     5.21817043E-02
    3.16000000E+03     6.37250000E+02     1.26707592E+00     1.22026020E+00     6.08408100E-04     1.13037905E+05     1.15934665E+05     6.82244029E+04     8.85256490E-02     9.07952952E-02     5.34653638E-02
    3.16000000E+03     6.62250000E+02     1.31678468E+00     1.22026020E+00     6.08408100E-04     1.36577002E+05     1.39847975E+05     7.40349793E+04     9.90457867E-02     1.01418866E-01     5.37286102E-02
    3.16000000E+03     6.87250000E+02     1.36649342E+00     1.22026020E+00     6.08408100E-04     1.63339596E+05     1.67016502E+05     7.84835254E+04     1.10001169E-01     1.12478274E-01     5.28957361E-02
    3.16000000E+03     7.12250000E+02     1.41620218E+00     1.22026020E+00     6.08408100E-04     1.93534433E+05     1.97650854E+05     8.11694176E+04     1.21354916E-01     1.23936920E-01     5.09399366E-02
    3.16000000E+03     7.37250000E+02     1.46591092E+00     1.22026020E+00     6.08408100E-04     2.27388054E+05     2.31979668E+05     8.17511140E+04     1.33084362E-01     1.35772472E-01     4.78911954E-02
    3.16000000E+03     7.62250000E+02     1.51561966E+00     1.22026020E+00     6.08408100E-04     2.65159758E+05     2.70264631E+05     7.99883721E+04     1.45185460E-01     1.47981280E-01     4.38416787E-02
    3.16000000E+03     7.87250000E+02     1.56532840E+00     1.22026020E+00     6.08408100E-04     3.07158487E+05     3.12817326E+05     7.57856387E+04     1.57676095E-01     1.60581642E-01     3.89479976E-02
    3.16000000E+03     8.12250000E+02     1.61503715E+00     1.22026020E+00     6.08408100E-04     3.53760086E+05     3.60016487E+05     6.92331437E+04     1.70597847E-01     1.73615556E-01     3.34297774E-02
    3.16000000E+03     8.37250000E+02     1.66474590E+00     1.22026020E+00     6.08408100E-04     4.05422925E+05     4.12323567E+05     6.06418099E+04     1.84015812E-01     1.87148496E-01     2.75642064E-02
    3.16000000E+03     8.62250000E+02     1.71445465E+00     1.22026020E+00     6.08408100E-04     4.62699541E+05     4.70294131E+05     5.05676189E+04     1.98016172E-01     2.01266899E-01     2.16763531E-02
    3.16000000E+03     8.87250000E+02     1.76416340E+00     1.22026020E+00     6.08408100E-04     5.26241768E+05     5.34583074E+05     3.98210013E+04     2.12701402E-01     2.16073413E-01     1.61252899E-02
    3.16000000E+03     9.12250000E+02     1.81387214E+00     1.22026020E+00     6.08408100E-04     5.96797035E+05     6.05940479E+05     2.94569737E+04     2.28183156E-01     2.31679656E-01     1.12862736E-02
    3.16000000E+03     9.37250000E+02     1.86358088E+00     1.22026020E+00     6.08408100E-04     6.75193786E+05     6.85197052E+05     2.07422752E+04     2.44573139E-01     2.48197125E-01     7.52949570E-03
    3.16000000E+03     9.62250000E+02     1.91328962E+00     1.22026020E+00     6.08408100E-04     7.62315012E+05     7.73237384E+05     1.50970019E+04     2.61972487E-01     2.65726547E-01     5.19627340E-03
    3.16000000E+03     9.87250000E+02     1.96299838E+00     1.22026020E+00     6.08408100E-04     8.59060065E+05     8.70961590E+05     1.40100488E+04     2.80460517E-01     2.84346605E-01     4.57392200E-03
    3.16000000E+03     1.01225000E+03     2.01270712E+00     1.22026020E+00     6.08408100E-04     9.66296876E+05     9.79237386E+05     1.89304092E+04     3.00083976E-01     3.04103222E-01     5.87100460E-03
    3.16000000E+03     1.03725000E+03     2.06241588E+00     1.22026020E+00     6.08408100E-04     1.08480836E+06     1.09884663E+06     3.11397536E+04     3.20848009E-01     3.25000607E-01     9.19504560E-03
    3.16000000E+03     1.06225000E+03     2.11212462E+00     1.22026020E+00     6.08408100E-04     1.21523933E+06     1.23043214E+06     5.16154653E+04     3.42710330E-01     3.46995444E-01     1.45350691E-02
    3.16000000E+03     1.08725000E+03     2.16183335E+00     1.22026020E+00     6.08408100E-04     1.35805081E+06     1.37445229E+06     8.08967547E+04     3.65579645E-01     3.69995413E-01     2.17513200E-02
    3.16000000E+03     1.11225000E+03     2.21154210E+00     1.22026020E+00     6.08408100E-04     1.51349045E+06     1.53115175E+06     1.18968949E+05     3.89319308E-01     3.93862954E-01     3.05741878E-02
    3.16000000E+03     1.13725000E+03     2.26125085E+00     1.22026020E+00     6.08408100E-04     1.68158477E+06     1.70055412E+06     1.65181336E+05     4.13756162E-01     4.18424167E-01     4.06135272E-02
    3.16000000E+03     1.16225000E+03     2.31095960E+00     1.22026020E+00     6.08408100E-04     1.86215891E+06     1.88248214E+06     2.18212123E+05     4.38694196E-01     4.43482577E-01     5.13785041E-02
    3.16000000E+03     1.18725000E+03     2.36066835E+00     1.22026020E+00     6.08408100E-04     2.05488368E+06     2.07660529E+06     2.76089651E+05     4.63931442E-01     4.68836071E-01     6.23067821E-02
    3.16000000E+03     1.21225000E+03     2.41037710E+00     1.22026020E+00     6.08408100E-04     2.25934661E+06     2.28251104E+06     3.36272794E+05     4.89278254E-01     4.94295195E-01     7.28006757E-02
    3.16000000E+03     1.23725000E+03     2.46008582E+00     1.22026020E+00     6.08408100E-04     2.47513973E+06     2.49979319E+06     3.95787402E+05     5.14574746E-01     5.19700616E-01     8.22671635E-02
    3.16000000E+03     1.26225000E+03     2.50979458E+00     1.22026020E+00     6.08408100E-04     2.70195399E+06     2.72814616E+06     4.51409580E+05     5.39705299E-01     5.44937542E-01     9.01582663E-02
    3.16000000E+03     1.28725000E+03     2.55950332E+00     1.22026020E+00     6.08408100E-04     2.93966901E+06     2.96745478E+06     4.99883152E+05     5.64608522E-01     5.69945626E-01     9.60086352E-02
    3.16000000E+03     1.31225000E+03     2.60921208E+00     1.22026020E+00     6.08408100E-04     3.18842786E+06     3.21786877E+06     5.38156756E+05     5.89281692E-01     5.94723317E-01     9.94677699E-02
    3.16000000E+03     1.33725000E+03     2.65892082E+00     1.22026020E+00     6.08408100E-04     3.44868850E+06     3.47985396E+06     5.63626049E+05     6.13779491E-01     6.19326513E-01     1.00325131E-01
    3.16000000E+03     1.36225000E+03     2.70862957E+00     1.22026020E+00     6.08408100E-04     3.72124602E+06     3.75421365E+06     5.74367128E+05     6.38207414E-01     6.43861812E-01     9.85271090E-02
    3.16000000E+03     1.38725000E+03     2.75833830E+00     1.22026020E+00     6.08408100E-04     4.00722195E+06     4.04207748E+06     5.69347522E+05     6.62710593E-01     6.68475273E-01     9.41852854E-02
    3.16000000E+03     1.41225000E+03     2.80804705E+00     1.22026020E+00     6.08408100E-04     4.30802058E+06     4.34485729E+06     5.48600917E+05     6.87459219E-01     6.93337784E-01     8.75756988E-02
    3.16000000E+03     1.43725000E+03     2.85775580E+00     1.22026020E+00     6.08408100E-04     4.62525395E+06     4.66417102E+06     5.13350539E+05     7.12631789E-01     7.18628177E-01     7.91288526E-02
    3.16000000E+03     1.46225000E+03     2.90746455E+00     1.22026020E+00     6.08408100E-04     4.96063934E+06     5.00174035E+06     4.66064537E+05     7.38397460E-01     7.44515661E-01     6.94101950E-02
    3.16000000E+03     1.48725000E+03     2.95717330E+00     1.22026020E+00     6.08408100E-04     5.31587805E+06     5.35926821E+06     4.10427160E+05     7.64899131E-01     7.71142779E-01     5.90910776E-02
    3.16000000E+03     1.51225000E+03     3.00688205E+00     1.22026020E+00     6.08408100E-04     5.69252424E+06     5.73830817E+06     3.51211384E+05     7.92238588E-01     7.98610675E-01     4.89106060E-02
    3.16000000E+03     1.53725000E+03     3.05659078E+00     1.22026020E+00     6.08408100E-04     6.09185934E+06     6.14013832E+06     2.94045391E+05     8.20465438E-01     8.26968021E-01     3.96297327E-02
    3.16000000E+03     1.56225000E+03     3.10629952E+00     1.22026020E+00     6.08408100E-04     6.51478636E+06     6.56565684E+06     2.45074976E+05     8.49571082E-01     8.56205191E-01     3.19799961E-02
    3.16000000E+03     1.58725000E+03     3.15600828E+00     1.22026020E+00     6.08408100E-04     6.96176127E+06     7.01531277E+06     2.10537770E+05     8.79488873E-01     8.86254375E-01     2.66105575E-02
    3.16000000E+03     1.61225000E+03     3.20571702E+00     1.22026020E+00     6.08408100E-04     7.43277287E+06     7.48908767E+06     1.96279031E+05     9.10100605E-01     9.16996302E-01     2.40380604E-02
    3.16000000E+03     1.63725000E+03     3.25542578E+00     1.22026020E+00     6.08408100E-04     7.92737962E+06     7.98653295E+06     2.07250754E+05     9.41249006E-01     9.48272784E-01     2.46041890E-02
    3.16000000E+03     1.66225000E+03     3.30513452E+00     1.22026020E+00     6.08408100E-04     8.44480162E+06     8.50686295E+06     2.47041936E+05     9.72754670E-01     9.79903771E-01     2.84453057E-02
    3.16000000E+03     1.68725000E+03     3.35484325E+00     1.22026020E+00     6.08408100E-04     8.98405746E+06     9.04909254E+06     3.17486757E+05     1.00443531E+00     1.01170663E+00     3.54773017E-02
    3.16000000E+03     1.71225000E+03     3.40455200E+00     1.22026020E+00     6.08408100E-04     9.54412946E+06     9.61220324E+06     4.18389010E+05     1.03612490E+00     1.04351536E+00     4.53970131E-02
    3.16000000E+03     1.73725000E+03     3.45426075E+00     1.22026020E+00     6.08408100E-04     1.01241347E+07     1.01953140E+07     5.47387701E+05     1.06769009E+00     1.07519689E+00     5.76996515E-02
    3.16000000E+03     1.76225000E+03     3.50396950E+00     1.22026020E+00     6.08408100E-04     1.07234811E+07     1.07978375E+07     6.99974778E+05     1.09904234E+00     1.10666331E+00     7.17102078E-02
    3.16000000E+03     1.78725000E+03     3.55367825E+00     1.22026020E+00     6.08408100E-04     1.13419885E+07     1.14196009E+07     8.69663665E+05     1.13014428E+00     1.13787800E+00     8.66258375E-02
    3.16000000E+03     1.81225000E+03     3.60338700E+00     1.22026020E+00     6.08408100E-04     1.19799636E+07     1.20609199E+07     1.04829956E+06     1.16101027E+00     1.16885619E+00     1.01565995E-01
    3.16000000E+03     1.83725000E+03     3.65309573E+00     1.22026020E+00     6.08408100E-04     1.26382197E+07     1.27226179E+07     1.22649911E+06     1.19170154E+00     1.19965994E+00     1.15627351E-01
    3.16000000E+03     1.86225000E+03     3.70280448E+00     1.22026020E+00     6.08408100E-04     1.33180418E+07     1.34059898E+07     1.39420349E+06     1.22231651E+00     1.23038848E+00     1.27940759E-01
    3.16000000E+03     1.88725000E+03     3.75251322E+00     1.22026020E+00     6.08408100E-04     1.40210963E+07     1.41127104E+07     1.54132723E+06     1.25297778E+00     1.26116494E+00     1.37727907E-01
    3.16000000E+03     1.91225000E+03     3.80222198E+00     1.22026020E+00     6.08408100E-04     1.47492942E+07     1.48446972E+07     1.65847599E+06     1.28381669E+00     1.29212099E+00     1.44354978E-01
    3.16000000E+03     1.93725000E+03     3.85193072E+00     1.22026020E+00     6.08408100E-04     1.55046167E+07     1.56039356E+07     1.73769721E+06     1.31495697E+00     1.32338045E+00     1.47380379E-01
    3.16000000E+03     1.96225000E+03     3.90163948E+00     1.22026020E+00     6.08408100E-04     1.62889160E+07     1.63922780E+07     1.77321024E+06     1.34649891E+00     1.35504333E+00     1.46592857E-01
    3.16000000E+03     1.98725000E+03     3.95134821E+00     1.22026020E+00     6.08408100E-04     1.71037160E+07     1.72112455E+07     1.76205122E+06     1.37850569E+00     1.38717240E+00     1.42036094E-01
    3.16000000E+03     2.01225000E+03     4.00105695E+00     1.22026020E+00     6.08408100E-04     1.79500325E+07     1.80618481E+07     1.70455654E+06     1.41099363E+00     1.41978325E+00     1.34015939E-01
    3.16000000E+03     2.03725000E+03     4.05076570E+00     1.22026020E+00     6.08408100E-04     1.88282464E+07     1.89444578E+07     1.60461189E+06     1.44392792E+00     1.45284027E+00     1.23087434E-01
    3.16000000E+03     2.06225000E+03     4.10047445E+00     1.22026020E+00     6.08408100E-04     1.97380515E+07     1.98587598E+07     1.46960890E+06     1.47722481E+00     1.48625897E+00     1.10020697E-01
    3.16000000E+03     2.08725000E+03     4.15018320E+00     1.22026020E+00     6.08408100E-04     2.06785001E+07     2.08037975E+07     1.31008300E+06     1.51076092E+00     1.51991526E+00     9.57473083E-02
    3.16000000E+03     2.11225000E+03     4.19989195E+00     1.22026020E+00     6.08408100E-04     2.16481456E+07     2.17781178E+07     1.13904627E+06     1.54438818E+00     1.55366061E+00     8.12915759E-02
    3.16000000E+03     2.13725000E+03     4.24960069E+00     1.22026020E+00     6.08408100E-04     2.26452717E+07     2.27800023E+07     9.71072360E+05     1.57795309E+00     1.58734146E+00     6.76934711E-02
    3.16000000E+03     2.16225000E+03     4.29930942E+00     1.22026020E+00     6.08408100E-04     2.36681761E+07     2.38077506E+07     8.21223338E+05     1.61131707E+00     1.62081939E+00     5.59310193E-02
    3.16000000E+03     2.18725000E+03     4.34901818E+00     1.22026020E+00     6.08408100E-04     2.47154698E+07     2.48599809E+07     7.03924809E+05     1.64437503E+00     1.65398983E+00     4.68497674E-02
    3.16000000E+03     2.21225000E+03     4.39872692E+00     1.22026020E+00     6.08408100E-04     2.57863388E+07     2.59358928E+07     6.31888868E+05     1.67706898E+00     1.68679569E+00     4.11051034E-02
    3.16000000E+03     2.23725000E+03     4.44843568E+00     1.22026020E+00     6.08408100E-04     2.68807404E+07     2.70354595E+07     6.15164547E+05     1.70939561E+00     1.71923462E+00     3.91208605E-02
    3.16000000E+03     2.26225000E+03     4.49814442E+00     1.22026020E+00     6.08408100E-04     2.79994952E+07     2.81595203E+07     6.60365440E+05     1.74140613E+00     1.75135888E+00     4.10650969E-02
    3.16000000E+03     2.28725000E+03     4.54785316E+00     1.22026020E+00     6.08408100E-04     2.91442680E+07     2.93097596E+07     7.70100361E+05     1.77319919E+00     1.78326817E+00     4.68422198E-02
    3.16000000E+03     2.31225000E+03     4.59756190E+00     1.22026020E+00     6.08408100E-04     3.03174411E+07     3.04885763E+07     9.42618282E+05     1.80490815E+00     1.81509656E+00     5.60997788E-02
    3.16000000E+03     2.33725000E+03     4.64727065E+00     1.22026020E+00     6.08408100E-04     3.15218883E+07     3.16988566E+07     1.17168202E+06     1.83668399E+00     1.84699549E+00     6.82486293E-02
    3.16000000E+03     2.36225000E+03     4.69697940E+00     1.22026020E+00     6.08408100E-04     3.27606716E+07     3.29436692E+07     1.44669044E+06     1.86867584E+00     1.87911416E+00     8.24955821E-02
    3.16000000E+03     2.38725000E+03     4.74668815E+00     1.22026020E+00     6.08408100E-04     3.40366945E+07     3.42259163E+07     1.75308492E+06     1.90101153E+00     1.91158000E+00     9.78886336E-02
    3.16000000E+03     2.41225000E+03     4.79639690E+00     1.22026020E+00     6.08408100E-04     3.53523325E+07     3.55479632E+07     2.07307265E+06     1.93377917E+00     1.94448028E+00     1.13374578E-01
    3.16000000E+03     2.43725000E+03     4.84610564E+00     1.22026020E+00     6.08408100E-04     3.67090906E+07     3.69112965E+07     2.38668598E+06     1.96701264E+00     1.97784769E+00     1.27868086E-01
    3.16000000E+03     2.46225000E+03     4.89581438E+00     1.22026020E+00     6.08408100E-04     3.81073215E+07     3.83162447E+07     2.67315598E+06     2.00068208E+00     2.01165090E+00     1.40329212E-01
    3.16000000E+03     2.48725000E+03     4.94552312E+00     1.22026020E+00     6.08408100E-04     3.95460601E+07     3.97618122E+07     2.91252456E+06     2.03469165E+00     2.04579244E+00     1.49843999E-01
    3.16000000E+03     2.52475000E+03     5.02008625E+00     1.22026020E+00     6.08408100E-04     4.17788464E+07     4.20049867E+07     3.13585361E+06     2.08597284E+00     2.09726418E+00     1.56575212E-01
    3.16000000E+03     2.57475000E+03     5.11950375E+00     1.22026020E+00     6.08408100E-04     4.48607614E+07     4.51008679E+07     3.15774999E+06     2.15372036E+00     2.16524807E+00     1.51658226E-01
    3.16000000E+03     2.62475000E+03     5.21892122E+00     1.22026020E+00     6.08408100E-04     4.80376838E+07     4.82918267E+07     2.84730091E+06     2.21923563E+00     2.23097691E+00     1.31634065E-01
    3.16000000E+03     2.67475000E+03     5.31833873E+00     1.22026020E+00     6.08408100E-04     5.12834454E+07     5.15518045E+07     2.29087701E+06     2.28145761E+00     2.29339654E+00     1.02022834E-01
    3.16000000E+03     2.72475000E+03     5.41775622E+00     1.22026020E+00     6.08408100E-04     5.45953271E+07     5.48783855E+07     1.64725838E+06     2.34049278E+00     2.35262776E+00     7.07133210E-02
    3.16000000E+03     2.77475000E+03     5.51717370E+00     1.22026020E+00     6.08408100E-04     5.79987671E+07     5.82974030E+07     1.10274797E+06     2.39761001E+00     2.40995552E+00     4.56491064E-02
    3.16000000E+03     2.82475000E+03     5.61659120E+00     1.22026020E+00     6.08408100E-04     6.15392550E+07     6.18546835E+07     8.21746582E+05     2.45471379E+00     2.46729592E+00     3.27970065E-02
    3.16000000E+03     2.87475000E+03     5.71600870E+00     1.22026020E+00     6.08408100E-04     6.52643393E+07     6.55979111E+07     9.01487909E+05     2.51353467E+00     2.52638164E+00     3.46950023E-02
    3.16000000E+03     2.92475000E+03     5.81542617E+00     1.22026020E+00     6.08408100E-04     6.92018792E+07     6.95547967E+07     1.33811956E+06     2.57483800E+00     2.58796931E+00     4.97342085E-02
    3.16000000E+03     2.97475000E+03     5.91484368E+00     1.22026020E+00     6.08408100E-04     7.33428465E+07     7.37159008E+07     2.01709713E+06     2.63795529E+00     2.65137323E+00     7.24867653E-02
    3.16000000E+03     3.02475000E+03     6.01426117E+00     1.22026020E+00     6.08408100E-04     7.76381235E+07     7.80315797E+07     2.74129305E+06     2.70090185E+00     2.71458969E+00     9.53149739E-02
    3.16000000E+03     3.07475000E+03     6.11367865E+00     1.22026020E+00     6.08408100E-04     8.20150982E+07     8.24288039E+07     3.29373654E+06     2.76114963E+00     2.77507778E+00     1.10867137E-01
    3.16000000E+03     3.12475000E+03     6.21309615E+00     1.22026020E+00     6.08408100E-04     8.64091784E+07     8.68428828E+07     3.50824686E+06     2.81675061E+00     2.83088861E+00     1.14375469E-01
    3.16000000E+03     3.17475000E+03     6.31251365E+00     1.22026020E+00     6.08408100E-04     9.07945379E+07     9.12482778E+07     3.31630427E+06     2.86723079E+00     2.88155974E+00     1.04772401E-01
    3.16000000E+03     3.22475000E+03     6.41193113E+00     1.22026020E+00     6.08408100E-04     9.51977426E+07     9.56721240E+07     2.75916761E+06     2.91379184E+00     2.92831168E+00     8.45178033E-02
    3.16000000E+03     3.27475000E+03     6.51134863E+00     1.22026020E+00     6.08408100E-04     9.96879370E+07     1.00184189E+08     1.97482909E+06     2.95876978E+00     2.97349871E+00     5.86835964E-02
    3.16000000E+03     3.32475000E+03     6.61076612E+00     1.22026020E+00     6.08408100E-04     1.04348228E+08     1.04868003E+08     1.16800804E+06     3.00463705E+00     3.01960358E+00     3.36897137E-02
    3.16000000E+03     3.37475000E+03     6.71018360E+00     1.22026020E+00     6.08408100E-04     1.09238701E+08     1.09783685E+08     5.59433703E+05     3.05293845E+00     3.06816927E+00     1.56674210E-02
    3.16000000E+03     3.42475000E+03     6.80960110E+00     1.22026020E+00     6.08408100E-04     1.14364546E+08     1.14936027E+08     3.14470309E+05     3.10354892E+00     3.11905732E+00     8.53722940E-03
    3.16000000E+03     3.47475000E+03     6.90901860E+00     1.22026020E+00     6.08408100E-04     1.19664955E+08     1.20263554E+08     4.76150395E+05     3.15461114E+00     3.17039141E+00     1.25318247E-02
    3.16000000E+03     3.52475000E+03     7.00843608E+00     1.22026020E+00     6.08408100E-04     1.25033870E+08     1.25659592E+08     9.45287272E+05     3.20330965E+00     3.21934038E+00     2.41860268E-02
    3.16000000E+03     3.57475000E+03     7.10785358E+00     1.22026020E+00     6.08408100E-04     1.30366975E+08     1.31019586E+08     1.52664435E+06     3.24718104E+00     3.26343625E+00     3.79962756E-02
    3.16000000E+03     3.62475000E+03     7.20727108E+00     1.22026020E+00     6.08408100E-04     1.35610602E+08     1.36290129E+08     2.00948776E+06     3.28526211E+00     3.30172407E+00     4.86646083E-02
    3.16000000E+03     3.67475000E+03     7.30668856E+00     1.22026020E+00     6.08408100E-04     1.40786036E+08     1.41493156E+08     2.23213649E+06     3.31847136E+00     3.33513880E+00     5.26149813E-02
    3.16000000E+03     3.72475000E+03     7.40610605E+00     1.22026020E+00     6.08408100E-04     1.45978956E+08     1.46715081E+08     2.11367415E+06     3.34912082E+00     3.36600919E+00     4.85118936E-02
    3.16000000E+03     3.77475000E+03     7.50552355E+00     1.22026020E+00     6.08408100E-04     1.51301048E+08     1.52068057E+08     1.67130444E+06     3.37987297E+00     3.39700672E+00     3.73660699E-02
    3.16000000E+03     3.82475000E+03     7.60494103E+00     1.22026020E+00     6.08408100E-04     1.56838408E+08     1.57638130E+08     1.03281696E+06     3.41256439E+00     3.42996492E+00     2.25061576E-02
    3.16000000E+03     3.87475000E+03     7.70435852E+00     1.22026020E+00     6.08408100E-04     1.62604947E+08     1.63438609E+08     4.18384581E+05     3.44731435E+00     3.46498825E+00     8.89454320E-03
    3.16000000E+03     3.92475000E+03     7.80377603E+00     1.22026020E+00     6.08408100E-04     1.68523496E+08     1.69391384E+08     6.14199961E+04     3.48234367E+00     3.50027743E+00     1.27681820E-03
    3.16000000E+03     3.97475000E+03     7.90319351E+00     1.22026020E+00     6.08408100E-04     1.74452901E+08     1.75354525E+08     9.27907368E+04     3.51475561E+00     3.53292077E+00     1.85997560E-03
    3.16000000E+03     4.02475000E+03     8.00261100E+00     1.22026020E+00     6.08408100E-04     1.80254602E+08     1.81189317E+08     4.71776920E+05     3.54198684E+00     3.56035377E+00     9.25048170E-03
    3.16000000E+03     4.07475000E+03     8.10202850E+00     1.22026020E+00     6.08408100E-04     1.85861896E+08     1.86829682E+08     1.02052202E+06     3.56310438E+00     3.58165736E+00     1.95432347E-02
    3.16000000E+03     4.12475000E+03     8.20144598E+00     1.22026020E+00     6.08408100E-04     1.91312052E+08     1.92314048E+08     1.52186109E+06     3.57921962E+00     3.59796548E+00     2.84581245E-02
    3.16000000E+03     4.17475000E+03     8.30086347E+00     1.22026020E+00     6.08408100E-04     1.96728349E+08     1.97766884E+08     1.79727568E+06     3.59292109E+00     3.61188792E+00     3.28216964E-02
    3.16000000E+03     4.22475000E+03     8.40028097E+00     1.22026020E+00     6.08408100E-04     2.02264702E+08     2.03342814E+08     1.73942451E+06     3.60711100E+00     3.62633725E+00     3.10303208E-02
    3.16000000E+03     4.27475000E+03     8.49969846E+00     1.22026020E+00     6.08408100E-04     2.08033450E+08     2.09154005E+08     1.34004987E+06     3.62370380E+00     3.64322218E+00     2.33618239E-02
    3.16000000E+03     4.32475000E+03     8.59911595E+00     1.22026020E+00     6.08408100E-04     2.14040543E+08     2.15205267E+08     7.37807373E+05     3.64262795E+00     3.66244933E+00     1.25773516E-02
    3.16000000E+03     4.37475000E+03     8.69853345E+00     1.22026020E+00     6.08408100E-04     2.20161066E+08     2.21369962E+08     2.31563558E+05     3.66163767E+00     3.68174325E+00     3.86228060E-03
    3.16000000E+03     4.42475000E+03     8.79795094E+00     1.22026020E+00     6.08408100E-04     2.26183817E+08     2.27435387E+08     1.77848092E+05     3.67727984E+00     3.69762748E+00     2.88348350E-03
    3.16000000E+03     4.47475000E+03     8.89736842E+00     1.22026020E+00     6.08408100E-04     2.31914003E+08     2.33206306E+08     7.96993154E+05     3.68666564E+00     3.70720872E+00     1.26415306E-02
    3.16000000E+03     4.52475000E+03     8.99678592E+00     1.22026020E+00     6.08408100E-04     2.37274027E+08     2.38606029E+08     2.04110185E+06     3.68898521E+00     3.70969402E+00     3.16925847E-02
    3.16000000E+03     4.57475000E+03     9.09620341E+00     1.22026020E+00     6.08408100E-04     2.42341828E+08     2.43714346E+08     3.63371145E+06     3.68587400E+00     3.70674881E+00     5.52228506E-02
    3.16000000E+03     4.62475000E+03     9.19562090E+00     1.22026020E+00     6.08408100E-04     2.47314943E+08     2.48730787E+08     5.21456010E+06     3.68061859E+00     3.70168919E+00     7.75682922E-02
    3.16000000E+03     4.67475000E+03     9.29503840E+00     1.22026020E+00     6.08408100E-04     2.52426608E+08     2.53889905E+08     6.44680012E+06     3.67675593E+00     3.69806929E+00     9.38802717E-02
    3.16000000E+03     4.72475000E+03     9.39445589E+00     1.22026020E+00     6.08408100E-04     2.57843276E+08     2.59358194E+08     7.04611411E+06     3.67657824E+00     3.69817889E+00     1.00468879E-01
    3.16000000E+03     4.77475000E+03     9.49387337E+00     1.22026020E+00     6.08408100E-04     2.63572526E+08     2.65141804E+08     6.82328661E+06     3.67996834E+00     3.70187793E+00     9.52854678E-02
    3.16000000E+03     4.82475000E+03     9.59329087E+00     1.22026020E+00     6.08408100E-04     2.69427163E+08     2.71051130E+08     5.81990152E+06     3.68415010E+00     3.70635580E+00     7.96150648E-02
    3.16000000E+03     4.87475000E+03     9.69270836E+00     1.22026020E+00     6.08408100E-04     2.75091912E+08     2.76768686E+08     4.44336811E+06     3.68485080E+00     3.70731076E+00     5.95518562E-02
    3.16000000E+03     4.92475000E+03     9.79212585E+00     1.22026020E+00     6.08408100E-04     2.80278499E+08     2.82005455E+08     3.39506135E+06     3.67849261E+00     3.70115748E+00     4.45738757E-02
    3.16000000E+03     4.97475000E+03     9.89154335E+00     1.22026020E+00     6.08408100E-04     2.84874647E+08     2.86650290E+08     3.36106601E+06     3.66404952E+00     3.68688732E+00     4.32175294E-02
    3.16000000E+03     5.00000000E+03     9.94174920E+00     1.22026020E+00     6.08408100E-04     2.87014800E+08     2.88815100E+08     3.80134260E+06     3.65438580E+00     3.67730800E+00     4.84001950E-02
