    3.08750000E+04     5.00000000E-01     1.01752000E-04     6.25739480E+00     3.01848100E+00     0.00000000E+00     1.47634000E-05     0.00000000E+00     0.00000000E+00     1.87974000E-05     0.00000000E+00
    3.08750000E+04     1.00000000E+00     2.03504000E-04     6.25739480E+00     3.01848100E+00     0.00000000E+00     1.18107300E-04     0.00000000E+00     0.00000000E+00     3.75947000E-05     0.00000000E+00
    3.08750000E+04     1.50000000E+00     3.05256000E-04     6.25739480E+00     3.01848100E+00     0.00000000E+00     3.98612900E-04     0.00000000E+00     0.00000000E+00     5.63922000E-05     0.00000000E+00
    3.08750000E+04     2.00000000E+00     4.07008000E-04     6.25739480E+00     3.01848100E+00     0.00000000E+00     9.44862100E-04     0.00000000E+00     0.00000000E+00     7.51897000E-05     0.00000000E+00
    3.08750000E+04     2.50000000E+00     5.08760000E-04     6.25739480E+00     3.01848100E+00     0.00000000E+00     1.84543880E-03     0.00000000E+00     0.00000000E+00     9.39874000E-05     0.00000000E+00
    3.08750000E+04     3.00000000E+00     6.10511900E-04     6.25739480E+00     3.01848100E+00     0.00000000E+00     3.18892870E-03     0.00000000E+00     0.00000000E+00     1.12785300E-04     0.00000000E+00
    3.08750000E+04     3.50000000E+00     7.12263900E-04     6.25739480E+00     3.01848100E+00     0.00000000E+00     5.06392020E-03     0.00000000E+00     0.00000000E+00     1.31583300E-04     0.00000000E+00
    3.08750000E+04     4.00000000E+00     8.14015900E-04     6.25739480E+00     3.01848100E+00     1.00000000E-10     7.55900510E-03     1.00000000E-10     0.00000000E+00     1.50381600E-04     0.00000000E+00
    3.08750000E+04     4.50000000E+00     9.15767900E-04     6.25739480E+00     3.01848100E+00     1.00000000E-10     1.07627780E-02     2.00000000E-10     0.00000000E+00     1.69180200E-04     0.00000000E+00
    3.08750000E+04     5.00000000E+00     1.01751990E-03     6.25739480E+00     3.01848100E+00     2.00000000E-10     1.47638400E-02     3.00000000E-10     0.00000000E+00     1.87979000E-04     0.00000000E+00
    3.08750000E+04     5.50000000E+00     1.11927190E-03     6.25739480E+00     3.01848100E+00     4.00000000E-10     1.96507920E-02     6.00000000E-10     0.00000000E+00     2.06778200E-04     0.00000000E+00
    3.08750000E+04     6.00000000E+00     1.22102390E-03     6.25739480E+00     3.01848100E+00     6.00000000E-10     2.55122470E-02     9.00000000E-10     0.00000000E+00     2.25577800E-04     0.00000000E+00
    3.08750000E+04     6.50000000E+00     1.32277590E-03     6.25739480E+00     3.01848100E+00     1.00000000E-09     3.24368190E-02     1.50000000E-09     0.00000000E+00     2.44377700E-04     0.00000000E+00
    3.08750000E+04     7.00000000E+00     1.42452790E-03     6.25739480E+00     3.01848100E+00     1.60000000E-09     4.05131300E-02     2.30000000E-09     0.00000000E+00     2.63178100E-04     0.00000000E+00
    3.08750000E+04     7.50000000E+00     1.52627990E-03     6.25739480E+00     3.01848100E+00     2.40000000E-09     4.98298070E-02     3.50000000E-09     0.00000000E+00     2.81979000E-04     0.00000000E+00
    3.08750000E+04     8.00000000E+00     1.62803190E-03     6.25739480E+00     3.01848100E+00     3.50000000E-09     6.04754910E-02     5.20000000E-09     0.00000000E+00     3.00780400E-04     0.00000000E+00
    3.08750000E+04     8.50000000E+00     1.72978390E-03     6.25739480E+00     3.01848100E+00     5.00000000E-09     7.25388140E-02     7.50000000E-09     0.00000000E+00     3.19582300E-04     0.00000000E+00
    3.08750000E+04     9.00000000E+00     1.83153580E-03     6.25739480E+00     3.01848100E+00     7.10000000E-09     8.61084400E-02     1.06000000E-08     0.00000000E+00     3.38384800E-04     0.00000000E+00
    3.08750000E+04     9.50000000E+00     1.93328780E-03     6.25739480E+00     3.01848100E+00     9.80000000E-09     1.01273030E-01     1.47000000E-08     0.00000000E+00     3.57187900E-04     1.00000000E-10
    3.08750000E+04     1.00000000E+01     2.03503980E-03     6.25739480E+00     3.01848100E+00     1.33000000E-08     1.18121250E-01     1.99000000E-08     0.00000000E+00     3.75991600E-04     1.00000000E-10
    3.08750000E+04     1.05000000E+01     2.13679180E-03     6.25739480E+00     3.01848100E+00     1.78000000E-08     1.36741770E-01     2.67000000E-08     1.00000000E-10     3.94796000E-04     1.00000000E-10
    3.08750000E+04     1.10000000E+01     2.23854380E-03     6.25739480E+00     3.01848100E+00     2.36000000E-08     1.57223300E-01     3.53000000E-08     1.00000000E-10     4.13601100E-04     1.00000000E-10
    3.08750000E+04     1.15000000E+01     2.34029580E-03     6.25739480E+00     3.01848100E+00     3.08000000E-08     1.79654540E-01     4.61000000E-08     1.00000000E-10     4.32406900E-04     1.00000000E-10
    3.08750000E+04     1.20000000E+01     2.44204780E-03     6.25739480E+00     3.01848100E+00     3.97000000E-08     2.04124190E-01     5.95000000E-08     1.00000000E-10     4.51213500E-04     1.00000000E-10
    3.08750000E+04     1.25000000E+01     2.54379980E-03     6.25739480E+00     3.01848100E+00     5.07000000E-08     2.30720980E-01     7.61000000E-08     1.00000000E-10     4.70020900E-04     2.00000000E-10
    3.08750000E+04     1.30000000E+01     2.64555180E-03     6.25739480E+00     3.01848100E+00     6.42000000E-08     2.59533670E-01     9.63000000E-08     1.00000000E-10     4.88829200E-04     2.00000000E-10
    3.08750000E+04     1.35000000E+01     2.74730380E-03     6.25739480E+00     3.01848100E+00     8.05000000E-08     2.90651000E-01     1.20700000E-07     1.00000000E-10     5.07638300E-04     2.00000000E-10
    3.08750000E+04     1.40000000E+01     2.84905580E-03     6.25739480E+00     3.01848100E+00     1.00100000E-07     3.24161700E-01     1.50200000E-07     2.00000000E-10     5.26448300E-04     2.00000000E-10
    3.08750000E+04     1.45000000E+01     2.95080780E-03     6.25739480E+00     3.01848100E+00     1.23600000E-07     3.60154610E-01     1.85400000E-07     2.00000000E-10     5.45259300E-04     3.00000000E-10
    3.08750000E+04     1.50000000E+01     3.05255970E-03     6.25739480E+00     3.01848100E+00     1.51400000E-07     3.98718490E-01     2.27200000E-07     2.00000000E-10     5.64071300E-04     3.00000000E-10
    3.08750000E+04     1.55000000E+01     3.15431170E-03     6.25739480E+00     3.01848100E+00     1.84400000E-07     4.39942120E-01     2.76600000E-07     2.00000000E-10     5.82884200E-04     4.00000000E-10
    3.08750000E+04     1.60000000E+01     3.25606370E-03     6.25739480E+00     3.01848100E+00     2.23100000E-07     4.83914420E-01     3.34600000E-07     3.00000000E-10     6.01698200E-04     4.00000000E-10
    3.08750000E+04     1.65000000E+01     3.35781570E-03     6.25739480E+00     3.01848100E+00     2.68300000E-07     5.30724120E-01     4.02400000E-07     3.00000000E-10     6.20513200E-04     5.00000000E-10
    3.08750000E+04     1.70000000E+01     3.45956770E-03     6.25739480E+00     3.01848100E+00     3.20900000E-07     5.80460180E-01     4.81400000E-07     4.00000000E-10     6.39329400E-04     5.00000000E-10
    3.08750000E+04     1.75000000E+01     3.56131970E-03     6.25739480E+00     3.01848100E+00     3.81900000E-07     6.33211370E-01     5.72800000E-07     4.00000000E-10     6.58146700E-04     6.00000000E-10
    3.08750000E+04     1.80000000E+01     3.66307170E-03     6.25739480E+00     3.01848100E+00     4.52200000E-07     6.89066680E-01     6.78300000E-07     4.00000000E-10     6.76965200E-04     7.00000000E-10
    3.08750000E+04     1.85000000E+01     3.76482370E-03     6.25739480E+00     3.01848100E+00     5.33000000E-07     7.48115020E-01     7.99500000E-07     5.00000000E-10     6.95785000E-04     7.00000000E-10
    3.08750000E+04     1.90000000E+01     3.86657570E-03     6.25739480E+00     3.01848100E+00     6.25500000E-07     8.10445180E-01     9.38200000E-07     6.00000000E-10     7.14605800E-04     8.00000000E-10
    3.08750000E+04     1.95000000E+01     3.96832770E-03     6.25739480E+00     3.01848100E+00     7.31000000E-07     8.76146360E-01     1.09650000E-06     6.00000000E-10     7.33428100E-04     9.00000000E-10
    3.08750000E+04     2.00000000E+01     4.07007970E-03     6.25739480E+00     3.01848100E+00     8.50900000E-07     9.45307340E-01     1.27630000E-06     7.00000000E-10     7.52251700E-04     1.00000000E-09
    3.08750000E+04     2.05000000E+01     4.17183170E-03     6.25739480E+00     3.01848100E+00     9.86800000E-07     1.01801710E+00     1.48010000E-06     7.00000000E-10     7.71076500E-04     1.10000000E-09
    3.08750000E+04     2.10000000E+01     4.27358360E-03     6.25739480E+00     3.01848100E+00     1.14030000E-06     1.09436480E+00     1.71040000E-06     8.00000000E-10     7.89902800E-04     1.20000000E-09
    3.08750000E+04     2.15000000E+01     4.37533560E-03     6.25739480E+00     3.01848100E+00     1.31320000E-06     1.17443940E+00     1.96980000E-06     9.00000000E-10     8.08730500E-04     1.40000000E-09
    3.08750000E+04     2.20000000E+01     4.47708760E-03     6.25739480E+00     3.01848100E+00     1.50750000E-06     1.25832990E+00     2.26110000E-06     1.00000000E-09     8.27559600E-04     1.50000000E-09
    3.08750000E+04     2.25000000E+01     4.57883960E-03     6.25739480E+00     3.01848100E+00     1.72510000E-06     1.34612540E+00     2.58750000E-06     1.10000000E-09     8.46390100E-04     1.60000000E-09
    3.08750000E+04     2.30000000E+01     4.68059160E-03     6.25739480E+00     3.01848100E+00     1.96820000E-06     1.43791510E+00     2.95220000E-06     1.20000000E-09     8.65222300E-04     1.80000000E-09
    3.08750000E+04     2.35000000E+01     4.78234360E-03     6.25739480E+00     3.01848100E+00     2.23930000E-06     1.53378800E+00     3.35880000E-06     1.30000000E-09     8.84055900E-04     1.90000000E-09
    3.08750000E+04     2.40000000E+01     4.88409560E-03     6.25739480E+00     3.01848100E+00     2.54080000E-06     1.63383340E+00     3.81110000E-06     1.40000000E-09     9.02891100E-04     2.10000000E-09
    3.08750000E+04     2.45000000E+01     4.98584760E-03     6.25739480E+00     3.01848100E+00     2.87550000E-06     1.73814040E+00     4.31300000E-06     1.50000000E-09     9.21728000E-04     2.30000000E-09
    3.08750000E+04     2.50000000E+01     5.08759960E-03     6.25739480E+00     3.01848100E+00     3.24600000E-06     1.84679800E+00     4.86880000E-06     1.70000000E-09     9.40566500E-04     2.50000000E-09
    3.08750000E+04     2.55000000E+01     5.18935160E-03     6.25739480E+00     3.01848100E+00     3.65560000E-06     1.95989590E+00     5.48300000E-06     1.80000000E-09     9.59406700E-04     2.70000000E-09
    3.08750000E+04     2.60000000E+01     5.29110360E-03     6.25739480E+00     3.01848100E+00     4.10730000E-06     2.07752290E+00     6.16050000E-06     1.90000000E-09     9.78248600E-04     2.90000000E-09
    3.08750000E+04     2.65000000E+01     5.39285560E-03     6.25739480E+00     3.01848100E+00     4.60460000E-06     2.19976850E+00     6.90640000E-06     2.10000000E-09     9.97092300E-04     3.10000000E-09
    3.08750000E+04     2.70000000E+01     5.49460750E-03     6.25739480E+00     3.01848100E+00     5.15110000E-06     2.32672180E+00     7.72610000E-06     2.20000000E-09     1.01593760E-03     3.40000000E-09
    3.08750000E+04     2.75000000E+01     5.59635950E-03     6.25739480E+00     3.01848100E+00     5.75060000E-06     2.45847260E+00     8.62520000E-06     2.40000000E-09     1.03478500E-03     3.60000000E-09
    3.08750000E+04     2.80000000E+01     5.69811150E-03     6.25739480E+00     3.01848100E+00     6.40710000E-06     2.59510980E+00     9.61000000E-06     2.60000000E-09     1.05363400E-03     3.90000000E-09
    3.08750000E+04     2.85000000E+01     5.79986350E-03     6.25739480E+00     3.01848100E+00     7.12500000E-06     2.73672310E+00     1.06867000E-05     2.80000000E-09     1.07248510E-03     4.20000000E-09
    3.08750000E+04     2.90000000E+01     5.90161550E-03     6.25739480E+00     3.01848100E+00     7.90870000E-06     2.88340170E+00     1.18621000E-05     3.00000000E-09     1.09133800E-03     4.50000000E-09
    3.08750000E+04     2.95000000E+01     6.00336750E-03     6.25739480E+00     3.01848100E+00     8.76290000E-06     3.03523520E+00     1.31433000E-05     3.20000000E-09     1.11019290E-03     4.80000000E-09
    3.08750000E+04     3.00000000E+01     6.10511950E-03     6.25739480E+00     3.01848100E+00     9.69270000E-06     3.19231290E+00     1.45378000E-05     3.40000000E-09     1.12904970E-03     5.10000000E-09
    3.08750000E+04     3.05000000E+01     6.20687150E-03     6.25739480E+00     3.01848100E+00     1.07033000E-05     3.35472430E+00     1.60535000E-05     3.70000000E-09     1.14790850E-03     5.50000000E-09
    3.08750000E+04     3.10000000E+01     6.30862350E-03     6.25739480E+00     3.01848100E+00     1.18002000E-05     3.52255940E+00     1.76987000E-05     3.90000000E-09     1.16676940E-03     5.90000000E-09
    3.08750000E+04     3.15000000E+01     6.41037550E-03     6.25739480E+00     3.01848100E+00     1.29892000E-05     3.69590750E+00     1.94820000E-05     4.20000000E-09     1.18563250E-03     6.20000000E-09
    3.08750000E+04     3.20000000E+01     6.51212750E-03     6.25739480E+00     3.01848100E+00     1.42765000E-05     3.87485820E+00     2.14126000E-05     4.40000000E-09     1.20449770E-03     6.70000000E-09
    3.08750000E+04     3.25000000E+01     6.61387950E-03     6.25739480E+00     3.01848100E+00     1.56683000E-05     4.05950080E+00     2.35001000E-05     4.70000000E-09     1.22336490E-03     7.10000000E-09
    3.08750000E+04     3.30000000E+01     6.71563140E-03     6.25739480E+00     3.01848100E+00     1.71714000E-05     4.24992550E+00     2.57544000E-05     5.00000000E-09     1.24223440E-03     7.50000000E-09
    3.08750000E+04     3.35000000E+01     6.81738340E-03     6.25739480E+00     3.01848100E+00     1.87928000E-05     4.44622180E+00     2.81862000E-05     5.30000000E-09     1.26110610E-03     8.00000000E-09
    3.08750000E+04     3.40000000E+01     6.91913540E-03     6.25739480E+00     3.01848100E+00     2.05398000E-05     4.64847990E+00     3.08064000E-05     5.70000000E-09     1.27998020E-03     8.50000000E-09
    3.08750000E+04     3.45000000E+01     7.02088740E-03     6.25739480E+00     3.01848100E+00     2.24202000E-05     4.85678850E+00     3.36264000E-05     6.00000000E-09     1.29885630E-03     9.00000000E-09
    3.08750000E+04     3.50000000E+01     7.12263940E-03     6.25739480E+00     3.01848100E+00     2.44418000E-05     5.07123860E+00     3.66584000E-05     6.40000000E-09     1.31773500E-03     9.50000000E-09
    3.08750000E+04     3.55000000E+01     7.22439140E-03     6.25739480E+00     3.01848100E+00     2.66131000E-05     5.29191920E+00     3.99149000E-05     6.70000000E-09     1.33661590E-03     1.01000000E-08
    3.08750000E+04     3.60000000E+01     7.32614340E-03     6.25739480E+00     3.01848100E+00     2.89429000E-05     5.51892100E+00     4.34089000E-05     7.10000000E-09     1.35549930E-03     1.07000000E-08
    3.08750000E+04     3.65000000E+01     7.42789540E-03     6.25739480E+00     3.01848100E+00     3.14401000E-05     5.75233340E+00     4.71542000E-05     7.50000000E-09     1.37438510E-03     1.13000000E-08
    3.08750000E+04     3.70000000E+01     7.52964740E-03     6.25739480E+00     3.01848100E+00     3.41144000E-05     5.99224650E+00     5.11650000E-05     7.90000000E-09     1.39327340E-03     1.19000000E-08
    3.08750000E+04     3.75000000E+01     7.63139940E-03     6.25739480E+00     3.01848100E+00     3.69757000E-05     6.23874990E+00     5.54561000E-05     8.40000000E-09     1.41216410E-03     1.26000000E-08
    3.08750000E+04     3.80000000E+01     7.73315140E-03     6.25739480E+00     3.01848100E+00     4.00342000E-05     6.49193390E+00     6.00430000E-05     8.80000000E-09     1.43105730E-03     1.32000000E-08
    3.08750000E+04     3.85000000E+01     7.83490340E-03     6.25739480E+00     3.01848100E+00     4.33007000E-05     6.75188950E+00     6.49418000E-05     9.30000000E-09     1.44995320E-03     1.39000000E-08
    3.08750000E+04     3.90000000E+01     7.93665530E-03     6.25739480E+00     3.01848100E+00     4.67863000E-05     7.01870570E+00     7.01692000E-05     9.80000000E-09     1.46885170E-03     1.47000000E-08
    3.08750000E+04     3.95000000E+01     8.03840730E-03     6.25739480E+00     3.01848100E+00     5.05027000E-05     7.29247300E+00     7.57427000E-05     1.03000000E-08     1.48775270E-03     1.55000000E-08
    3.08750000E+04     4.00000000E+01     8.14015930E-03     6.25739480E+00     3.01848100E+00     5.44619000E-05     7.57328130E+00     8.16803000E-05     1.08000000E-08     1.50665640E-03     1.62000000E-08
    3.08750000E+04     4.05000000E+01     8.24191130E-03     6.25739480E+00     3.01848100E+00     5.86764000E-05     7.86122190E+00     8.80008000E-05     1.14000000E-08     1.52556290E-03     1.71000000E-08
    3.08750000E+04     4.10000000E+01     8.34366330E-03     6.25739480E+00     3.01848100E+00     6.31593000E-05     8.15638370E+00     9.47238000E-05     1.20000000E-08     1.54447200E-03     1.79000000E-08
    3.08750000E+04     4.15000000E+01     8.44541530E-03     6.25739480E+00     3.01848100E+00     6.79241000E-05     8.45885830E+00     1.01869300E-04     1.26000000E-08     1.56338400E-03     1.88000000E-08
    3.08750000E+04     4.20000000E+01     8.54716730E-03     6.25739480E+00     3.01848100E+00     7.29847000E-05     8.76873530E+00     1.09458600E-04     1.32000000E-08     1.58229880E-03     1.98000000E-08
    3.08750000E+04     4.25000000E+01     8.64891930E-03     6.25739480E+00     3.01848100E+00     7.83556000E-05     9.08610490E+00     1.17513200E-04     1.38000000E-08     1.60121630E-03     2.07000000E-08
    3.08750000E+04     4.30000000E+01     8.75067130E-03     6.25739480E+00     3.01848100E+00     8.40521000E-05     9.41105850E+00     1.26055800E-04     1.45000000E-08     1.62013680E-03     2.17000000E-08
    3.08750000E+04     4.35000000E+01     8.85242330E-03     6.25739480E+00     3.01848100E+00     9.00895000E-05     9.74368670E+00     1.35109800E-04     1.52000000E-08     1.63906020E-03     2.27000000E-08
    3.08750000E+04     4.40000000E+01     8.95417530E-03     6.25739480E+00     3.01848100E+00     9.64840000E-05     1.00840790E+01     1.44699300E-04     1.59000000E-08     1.65798650E-03     2.38000000E-08
    3.08750000E+04     4.45000000E+01     9.05592730E-03     6.25739480E+00     3.01848100E+00     1.03252400E-04     1.04323260E+01     1.54849400E-04     1.66000000E-08     1.67691580E-03     2.49000000E-08
    3.08750000E+04     4.50000000E+01     9.15767920E-03     6.25739480E+00     3.01848100E+00     1.10412000E-04     1.07885190E+01     1.65586000E-04     1.74000000E-08     1.69584800E-03     2.60000000E-08
    3.08750000E+04     4.55000000E+01     9.25943120E-03     6.25739480E+00     3.01848100E+00     1.17980600E-04     1.11527500E+01     1.76935900E-04     1.81000000E-08     1.71478340E-03     2.72000000E-08
    3.08750000E+04     4.60000000E+01     9.36118320E-03     6.25739480E+00     3.01848100E+00     1.25976700E-04     1.15251070E+01     1.88926900E-04     1.90000000E-08     1.73372190E-03     2.84000000E-08
    3.08750000E+04     4.65000000E+01     9.46293520E-03     6.25739480E+00     3.01848100E+00     1.34419300E-04     1.19056820E+01     2.01587400E-04     1.98000000E-08     1.75266330E-03     2.97000000E-08
    3.08750000E+04     4.70000000E+01     9.56468720E-03     6.25739480E+00     3.01848100E+00     1.43328400E-04     1.22945670E+01     2.14947200E-04     2.07000000E-08     1.77160810E-03     3.10000000E-08
    3.08750000E+04     4.75000000E+01     9.66643920E-03     6.25739480E+00     3.01848100E+00     1.52724100E-04     1.26918520E+01     2.29036900E-04     2.15000000E-08     1.79055590E-03     3.23000000E-08
    3.08750000E+04     4.80000000E+01     9.76819120E-03     6.25739480E+00     3.01848100E+00     1.62627600E-04     1.30976270E+01     2.43887800E-04     2.25000000E-08     1.80950700E-03     3.37000000E-08
    3.08750000E+04     4.85000000E+01     9.86994320E-03     6.25739480E+00     3.01848100E+00     1.73060700E-04     1.35119840E+01     2.59532700E-04     2.34000000E-08     1.82846130E-03     3.51000000E-08
    3.08750000E+04     4.90000000E+01     9.97169520E-03     6.25739480E+00     3.01848100E+00     1.84045600E-04     1.39350150E+01     2.76005200E-04     2.44000000E-08     1.84741900E-03     3.66000000E-08
    3.08750000E+04     4.95000000E+01     1.00734470E-02     6.25739480E+00     3.01848100E+00     1.95605500E-04     1.43668090E+01     2.93339700E-04     2.54000000E-08     1.86637990E-03     3.81000000E-08
    3.08750000E+04     5.10000000E+01     1.03787030E-02     6.25739480E+00     3.01848100E+00     2.34652500E-04     1.57248168E+01     3.51891100E-04     2.87000000E-08     1.92328630E-03     4.30000000E-08
    3.08750000E+04     5.35000000E+01     1.08874630E-02     6.25739480E+00     3.01848100E+00     3.12620900E-04     1.81572054E+01     4.68803000E-04     3.47000000E-08     2.01819440E-03     5.21000000E-08
    3.08750000E+04     5.60000000E+01     1.13962230E-02     6.25739480E+00     3.01848100E+00     4.11083400E-04     2.08292604E+01     6.16440300E-04     4.17000000E-08     2.11319310E-03     6.25000000E-08
    3.08750000E+04     5.85000000E+01     1.19049830E-02     6.25739480E+00     3.01848100E+00     5.34141200E-04     2.37524508E+01     8.00949800E-04     4.96000000E-08     2.20828670E-03     7.44000000E-08
    3.08750000E+04     6.10000000E+01     1.24137430E-02     6.25739480E+00     3.01848100E+00     6.86482900E-04     2.69382894E+01     1.02935820E-03     5.87000000E-08     2.30347970E-03     8.79000000E-08
    3.08750000E+04     6.35000000E+01     1.29225030E-02     6.25739480E+00     3.01848100E+00     8.73437800E-04     3.03983234E+01     1.30965190E-03     6.89000000E-08     2.39877620E-03     1.03300000E-07
    3.08750000E+04     6.60000000E+01     1.34312630E-02     6.25739480E+00     3.01848100E+00     1.10103190E-03     3.41441432E+01     1.65086060E-03     8.04000000E-08     2.49418060E-03     1.20500000E-07
    3.08750000E+04     6.85000000E+01     1.39400230E-02     6.25739480E+00     3.01848100E+00     1.37604640E-03     3.81873814E+01     2.06314460E-03     9.33000000E-08     2.58969730E-03     1.39800000E-07
    3.08750000E+04     7.10000000E+01     1.44487830E-02     6.25739480E+00     3.01848100E+00     1.70607810E-03     4.25397148E+01     2.55788520E-03     1.07600000E-07     2.68533050E-03     1.61400000E-07
    3.08750000E+04     7.35000000E+01     1.49575430E-02     6.25739480E+00     3.01848100E+00     2.09960240E-03     4.72128664E+01     3.14777910E-03     1.23600000E-07     2.78108460E-03     1.85300000E-07
    3.08750000E+04     7.60000000E+01     1.54663030E-02     6.25739480E+00     3.01848100E+00     2.56603910E-03     5.22186098E+01     3.84693610E-03     1.41300000E-07     2.87696400E-03     2.11800000E-07
    3.08750000E+04     7.85000000E+01     1.59750630E-02     6.25739480E+00     3.01848100E+00     3.11581920E-03     5.75687630E+01     4.67097930E-03     1.60800000E-07     2.97297300E-03     2.41100000E-07
    3.08750000E+04     8.10000000E+01     1.64838230E-02     6.25739480E+00     3.01848100E+00     3.76045580E-03     6.32752004E+01     5.63715090E-03     1.82300000E-07     3.06911590E-03     2.73300000E-07
    3.08750000E+04     8.35000000E+01     1.69925830E-02     6.25739480E+00     3.01848100E+00     4.51261600E-03     6.93498478E+01     6.76441950E-03     2.05900000E-07     3.16539720E-03     3.08600000E-07
    3.08750000E+04     8.60000000E+01     1.75013430E-02     6.25739480E+00     3.01848100E+00     5.38619600E-03     7.58046844E+01     8.07359120E-03     2.31700000E-07     3.26182120E-03     3.47300000E-07
    3.08750000E+04     8.85000000E+01     1.80101028E-02     6.25739480E+00     3.01848100E+00     6.39639840E-03     8.26517518E+01     9.58742640E-03     2.59800000E-07     3.35839240E-03     3.89400000E-07
    3.08750000E+04     9.10000000E+01     1.85188620E-02     6.25739480E+00     3.01848100E+00     7.55981000E-03     8.99031402E+01     1.13307546E-02     2.90400000E-07     3.45511490E-03     4.35300000E-07
    3.08750000E+04     9.35000000E+01     1.90276220E-02     6.25739480E+00     3.01848100E+00     8.89448710E-03     9.75710136E+01     1.33306018E-02     3.23700000E-07     3.55199350E-03     4.85100000E-07
    3.08750000E+04     9.60000000E+01     1.95363820E-02     6.25739480E+00     3.01848100E+00     1.04200355E-02     1.05667586E+02     1.56163104E-02     3.59700000E-07     3.64903230E-03     5.39100000E-07
    3.08750000E+04     9.85000000E+01     2.00451420E-02     6.25739480E+00     3.01848100E+00     1.21576996E-02     1.14205136E+02     1.82196698E-02     3.98700000E-07     3.74623580E-03     5.97500000E-07
    3.08750000E+04     1.01000000E+02     2.05539020E-02     6.25739480E+00     3.01848100E+00     1.41304524E-02     1.23196018E+02     2.11750536E-02     4.40700000E-07     3.84360850E-03     6.60500000E-07
    3.08750000E+04     1.03500000E+02     2.10626620E-02     6.25739480E+00     3.01848100E+00     1.63630846E-02     1.32652652E+02     2.45195478E-02     4.86000000E-07     3.94115490E-03     7.28300000E-07
    3.08750000E+04     1.06000000E+02     2.15714220E-02     6.25739480E+00     3.01848100E+00     1.88822968E-02     1.42587516E+02     2.82930922E-02     5.34700000E-07     4.03887930E-03     8.01200000E-07
    3.08750000E+04     1.08500000E+02     2.20801820E-02     6.25739480E+00     3.01848100E+00     2.17168006E-02     1.53013168E+02     3.25386280E-02     5.87000000E-07     4.13678620E-03     8.79500000E-07
    3.08750000E+04     1.11000000E+02     2.25889420E-02     6.25739480E+00     3.01848100E+00     2.48974118E-02     1.63942240E+02     3.73022370E-02     6.43000000E-07     4.23488010E-03     9.63300000E-07
    3.08750000E+04     1.13500000E+02     2.30977020E-02     6.25739480E+00     3.01848100E+00     2.84571542E-02     1.75387432E+02     4.26332964E-02     7.02900000E-07     4.33316530E-03     1.05310000E-06
    3.08750000E+04     1.16000000E+02     2.36064620E-02     6.25739480E+00     3.01848100E+00     3.24313640E-02     1.87361532E+02     4.85846306E-02     7.66900000E-07     4.43164650E-03     1.14890000E-06
    3.08750000E+04     1.18500000E+02     2.41152220E-02     6.25739480E+00     3.01848100E+00     3.68577892E-02     1.99877392E+02     5.52126648E-02     8.35200000E-07     4.53032820E-03     1.25120000E-06
    3.08750000E+04     1.21000000E+02     2.46239820E-02     6.25739480E+00     3.01848100E+00     4.17767052E-02     2.12947962E+02     6.25775900E-02     9.08000000E-07     4.62921480E-03     1.36010000E-06
    3.08750000E+04     1.23500000E+02     2.51327420E-02     6.25739480E+00     3.01848100E+00     4.72310206E-02     2.26586258E+02     7.07435220E-02     9.85400000E-07     4.72831080E-03     1.47600000E-06
    3.08750000E+04     1.26000000E+02     2.56415020E-02     6.25739480E+00     3.01848100E+00     5.32663876E-02     2.40805382E+02     7.97786674E-02     1.06770000E-06     4.82762070E-03     1.59910000E-06
    3.08750000E+04     1.28500000E+02     2.61502620E-02     6.25739480E+00     3.01848100E+00     5.99313228E-02     2.55618528E+02     8.97554988E-02     1.15500000E-06     4.92714910E-03     1.72980000E-06
    3.08750000E+04     1.31000000E+02     2.66590220E-02     6.25739480E+00     3.01848100E+00     6.72773272E-02     2.71038992E+02     1.00750935E-01     1.24760000E-06     5.02690060E-03     1.86830000E-06
    3.08750000E+04     1.33500000E+02     2.71677820E-02     6.25739480E+00     3.01848100E+00     7.53589850E-02     2.87080116E+02     1.12846484E-01     1.34560000E-06     5.12687950E-03     2.01500000E-06
    3.08750000E+04     1.36000000E+02     2.76765420E-02     6.25739480E+00     3.01848100E+00     8.42341188E-02     3.03755382E+02     1.26128476E-01     1.44930000E-06     5.22709060E-03     2.17010000E-06
    3.08750000E+04     1.38500000E+02     2.81853020E-02     6.25739480E+00     3.01848100E+00     9.39638926E-02     3.21078346E+02     1.40688216E-01     1.55890000E-06     5.32753840E-03     2.33400000E-06
    3.08750000E+04     1.41000000E+02     2.86940620E-02     6.25739480E+00     3.01848100E+00     1.04612940E-01     3.39062660E+02     1.56622166E-01     1.67460000E-06     5.42822760E-03     2.50710000E-06
    3.08750000E+04     1.43500000E+02     2.92028220E-02     6.25739480E+00     3.01848100E+00     1.16249492E-01     3.57722060E+02     1.74032142E-01     1.79660000E-06     5.52916260E-03     2.68960000E-06
    3.08750000E+04     1.46000000E+02     2.97115820E-02     6.25739480E+00     3.01848100E+00     1.28945522E-01     3.77070398E+02     1.93025516E-01     1.92510000E-06     5.63034810E-03     2.88180000E-06
    3.08750000E+04     1.48500000E+02     3.02203418E-02     6.25739480E+00     3.01848100E+00     1.42776874E-01     3.97121632E+02     2.13715424E-01     2.06050000E-06     5.73178870E-03     3.08420000E-06
    3.08750000E+04     1.51000000E+02     3.07291010E-02     6.25739480E+00     3.01848100E+00     1.57823362E-01     4.17889778E+02     2.36220902E-01     2.20280000E-06     5.83348870E-03     3.29710000E-06
    3.08750000E+04     1.53500000E+02     3.12378610E-02     6.25739480E+00     3.01848100E+00     1.74169026E-01     4.39389062E+02     2.60667252E-01     2.35250000E-06     5.93545360E-03     3.52080000E-06
    3.08750000E+04     1.56000000E+02     3.17466210E-02     6.25739480E+00     3.01848100E+00     1.91902092E-01     4.61633684E+02     2.87185996E-01     2.50960000E-06     6.03768720E-03     3.75560000E-06
    3.08750000E+04     1.58500000E+02     3.22553810E-02     6.25739480E+00     3.01848100E+00     2.11115278E-01     4.84638050E+02     3.15915330E-01     2.67440000E-06     6.14019450E-03     4.00210000E-06
    3.08750000E+04     1.61000000E+02     3.27641410E-02     6.25739480E+00     3.01848100E+00     2.31905862E-01     5.08416638E+02     3.47000210E-01     2.84730000E-06     6.24298010E-03     4.26040000E-06
    3.08750000E+04     1.63500000E+02     3.32729010E-02     6.25739480E+00     3.01848100E+00     2.54375832E-01     5.32984040E+02     3.80592578E-01     3.02840000E-06     6.34604880E-03     4.53110000E-06
    3.08750000E+04     1.66000000E+02     3.37816610E-02     6.25739480E+00     3.01848100E+00     2.78632066E-01     5.58354966E+02     4.16851626E-01     3.21810000E-06     6.44940500E-03     4.81440000E-06
    3.08750000E+04     1.68500000E+02     3.42904210E-02     6.25739480E+00     3.01848100E+00     3.04786458E-01     5.84544250E+02     4.55944002E-01     3.41650000E-06     6.55305360E-03     5.11080000E-06
    3.08750000E+04     1.71000000E+02     3.47991810E-02     6.25739480E+00     3.01848100E+00     3.32956134E-01     6.11566864E+02     4.98044068E-01     3.62390000E-06     6.65699960E-03     5.42070000E-06
    3.08750000E+04     1.73500000E+02     3.53079410E-02     6.25739480E+00     3.01848100E+00     3.63263470E-01     6.39437842E+02     5.43333992E-01     3.84070000E-06     6.76124720E-03     5.74450000E-06
    3.08750000E+04     1.76000000E+02     3.58167010E-02     6.25739480E+00     3.01848100E+00     3.95836422E-01     6.68172398E+02     5.92004206E-01     4.06700000E-06     6.86580160E-03     6.08260000E-06
    3.08750000E+04     1.78500000E+02     3.63254610E-02     6.25739480E+00     3.01848100E+00     4.30808588E-01     6.97785842E+02     6.44253470E-01     4.30330000E-06     6.97066720E-03     6.43530000E-06
    3.08750000E+04     1.81000000E+02     3.68342210E-02     6.25739480E+00     3.01848100E+00     4.68319390E-01     7.28293620E+02     7.00289170E-01     4.54960000E-06     7.07584900E-03     6.80320000E-06
    3.08750000E+04     1.83500000E+02     3.73429810E-02     6.25739480E+00     3.01848100E+00     5.08514274E-01     7.59711320E+02     7.60327618E-01     4.80640000E-06     7.18135170E-03     7.18660000E-06
    3.08750000E+04     1.86000000E+02     3.78517410E-02     6.25739480E+00     3.01848100E+00     5.51544808E-01     7.92054624E+02     8.24594156E-01     5.07400000E-06     7.28718000E-03     7.58590000E-06
    3.08750000E+04     1.88500000E+02     3.83605010E-02     6.25739480E+00     3.01848100E+00     5.97568948E-01     8.25339380E+02     8.93323568E-01     5.35250000E-06     7.39333880E-03     8.00170000E-06
    3.08750000E+04     1.91000000E+02     3.88692610E-02     6.25739480E+00     3.01848100E+00     6.46751148E-01     8.59581562E+02     9.66760248E-01     5.64240000E-06     7.49983290E-03     8.43430000E-06
    3.08750000E+04     1.93500000E+02     3.93780210E-02     6.25739480E+00     3.01848100E+00     6.99262606E-01     8.94797308E+02     1.04515854E+00     5.94400000E-06     7.60666720E-03     8.88420000E-06
    3.08750000E+04     1.96000000E+02     3.98867810E-02     6.25739480E+00     3.01848100E+00     7.55281328E-01     9.31002852E+02     1.12878284E+00     6.25740000E-06     7.71384660E-03     9.35190000E-06
    3.08750000E+04     1.98500000E+02     4.03955410E-02     6.25739480E+00     3.01848100E+00     8.14992388E-01     9.68214574E+02     1.21790798E+00     6.58310000E-06     7.82137570E-03     9.83770000E-06
    3.08750000E+04     2.01000000E+02     4.09043010E-02     6.25739480E+00     3.01848100E+00     8.78588132E-01     1.00644903E+03     1.31281946E+00     6.92140000E-06     7.92925950E-03     1.03422000E-05
    3.08750000E+04     2.03500000E+02     4.14130610E-02     6.25739480E+00     3.01848100E+00     9.46268368E-01     1.04572290E+03     1.41381388E+00     7.27260000E-06     8.03750300E-03     1.08659000E-05
    3.08750000E+04     2.06000000E+02     4.19218210E-02     6.25739480E+00     3.01848100E+00     1.01824040E+00     1.08605302E+03     1.52119880E+00     7.63690000E-06     8.14611090E-03     1.14092000E-05
    3.08750000E+04     2.08500000E+02     4.24305806E-02     6.25739480E+00     3.01848100E+00     1.09471954E+00     1.12745634E+03     1.63529360E+00     8.01490000E-06     8.25508820E-03     1.19726000E-05
    3.08750000E+04     2.11000000E+02     4.29393400E-02     6.25739480E+00     3.01848100E+00     1.17592898E+00     1.16995004E+03     1.75642924E+00     8.40660000E-06     8.36443990E-03     1.25566000E-05
    3.08750000E+04     2.13500000E+02     4.34481000E-02     6.25739480E+00     3.01848100E+00     1.26210000E+00     1.21355140E+03     1.88494870E+00     8.81260000E-06     8.47417070E-03     1.31617000E-05
    3.08750000E+04     2.16000000E+02     4.39568600E-02     6.25739480E+00     3.01848100E+00     1.35347258E+00     1.25827784E+03     2.02120760E+00     9.23320000E-06     8.58428590E-03     1.37883000E-05
    3.08750000E+04     2.18500000E+02     4.44656200E-02     6.25739480E+00     3.01848100E+00     1.45029524E+00     1.30414702E+03     2.16557410E+00     9.66860000E-06     8.69479050E-03     1.44371000E-05
    3.08750000E+04     2.21000000E+02     4.49743800E-02     6.25739480E+00     3.01848100E+00     1.55282504E+00     1.35117668E+03     2.31842910E+00     1.01192000E-05     8.80568910E-03     1.51084000E-05
    3.08750000E+04     2.23500000E+02     4.54831400E-02     6.25739480E+00     3.01848100E+00     1.66132838E+00     1.39938474E+03     2.48016702E+00     1.05855000E-05     8.91698690E-03     1.58029000E-05
    3.08750000E+04     2.26000000E+02     4.59919000E-02     6.25739480E+00     3.01848100E+00     1.77608060E+00     1.44878926E+03     2.65119548E+00     1.10677000E-05     9.02868870E-03     1.65210000E-05
    3.08750000E+04     2.28500000E+02     4.65006600E-02     6.25739480E+00     3.01848100E+00     1.89736688E+00     1.49940862E+03     2.83193662E+00     1.15662000E-05     9.14080000E-03     1.72633000E-05
    3.08750000E+04     2.31000000E+02     4.70094200E-02     6.25739480E+00     3.01848100E+00     2.02548168E+00     1.55126112E+03     3.02282594E+00     1.20814000E-05     9.25332530E-03     1.80303000E-05
    3.08750000E+04     2.33500000E+02     4.75181800E-02     6.25739480E+00     3.01848100E+00     2.16072950E+00     1.60436546E+03     3.22431404E+00     1.26137000E-05     9.36627000E-03     1.88225000E-05
    3.08750000E+04     2.36000000E+02     4.80269400E-02     6.25739480E+00     3.01848100E+00     2.30342500E+00     1.65874038E+03     3.43686610E+00     1.31633000E-05     9.47963930E-03     1.96406000E-05
    3.08750000E+04     2.38500000E+02     4.85357000E-02     6.25739480E+00     3.01848100E+00     2.45389302E+00     1.71440488E+03     3.66096222E+00     1.37308000E-05     9.59343790E-03     2.04849000E-05
    3.08750000E+04     2.41000000E+02     4.90444600E-02     6.25739480E+00     3.01848100E+00     2.61246888E+00     1.77137804E+03     3.89709798E+00     1.43164000E-05     9.70767090E-03     2.13562000E-05
    3.08750000E+04     2.43500000E+02     4.95532200E-02     6.25739480E+00     3.01848100E+00     2.77949932E+00     1.82967930E+03     4.14578566E+00     1.49206000E-05     9.82234430E-03     2.22549000E-05
    3.08750000E+04     2.46000000E+02     5.00619800E-02     6.25739480E+00     3.01848100E+00     2.95534076E+00     1.88932798E+03     4.40755144E+00     1.55437000E-05     9.93746180E-03     2.31817000E-05
    3.08750000E+04     2.48500000E+02     5.05707400E-02     6.25739480E+00     3.01848100E+00     3.14036220E+00     1.95034394E+03     4.68294032E+00     1.61862000E-05     1.00530298E-02     2.41371000E-05
    3.08750000E+04     2.52250000E+02     5.13338800E-02     6.25739480E+00     3.01848100E+00     3.43720986E+00     2.04465210E+03     5.12467960E+00     1.71896000E-05     1.02272945E-02     2.56288000E-05
    3.08750000E+04     2.57250000E+02     5.23514000E-02     6.25739480E+00     3.01848100E+00     3.86719298E+00     2.17513763E+03     5.76436619E+00     1.85957000E-05     1.04611948E-02     2.77185000E-05
    3.08750000E+04     2.62250000E+02     5.33689200E-02     6.25739480E+00     3.01848100E+00     4.34112805E+00     2.31145627E+03     6.46921120E+00     2.00865000E-05     1.06969888E-02     2.99332000E-05
    3.08750000E+04     2.67250000E+02     5.43864397E-02     6.25739480E+00     3.01848100E+00     4.86254290E+00     2.45377492E+03     7.24441245E+00     2.16653000E-05     1.09347183E-02     3.22779000E-05
    3.08750000E+04     2.72250000E+02     5.54039590E-02     6.25739480E+00     3.01848100E+00     5.43517486E+00     2.60226380E+03     8.09547250E+00     2.33356000E-05     1.11744262E-02     3.47575000E-05
    3.08750000E+04     2.77250000E+02     5.64214790E-02     6.25739480E+00     3.01848100E+00     6.06297767E+00     2.75709636E+03     9.02820855E+00     2.51008000E-05     1.14161539E-02     3.73770000E-05
    3.08750000E+04     2.82250000E+02     5.74389990E-02     6.25739480E+00     3.01848100E+00     6.75013101E+00     2.91844961E+03     1.00487658E+01     2.69645000E-05     1.16599454E-02     4.01415000E-05
    3.08750000E+04     2.87250000E+02     5.84565190E-02     6.25739480E+00     3.01848100E+00     7.50104859E+00     3.08650401E+03     1.11636286E+01     2.89304000E-05     1.19058432E-02     4.30564000E-05
    3.08750000E+04     2.92250000E+02     5.94740390E-02     6.25739480E+00     3.01848100E+00     8.32038640E+00     3.26144360E+03     1.23796329E+01     3.10020000E-05     1.21538910E-02     4.61269000E-05
    3.08750000E+04     2.97250000E+02     6.04915590E-02     6.25739480E+00     3.01848100E+00     9.21305206E+00     3.44345613E+03     1.37039779E+01     3.31832000E-05     1.24041321E-02     4.93585000E-05
    3.08750000E+04     3.02250000E+02     6.15090790E-02     6.25739480E+00     3.01848100E+00     1.01842139E+01     3.63273310E+03     1.51442393E+01     3.54778000E-05     1.26566108E-02     5.27566000E-05
    3.08750000E+04     3.07250000E+02     6.25265990E-02     6.25739480E+00     3.01848100E+00     1.12393091E+01     3.82946977E+03     1.67083817E+01     3.78896000E-05     1.29113714E-02     5.63269000E-05
    3.08750000E+04     3.12250000E+02     6.35441190E-02     6.25739480E+00     3.01848100E+00     1.23840554E+01     4.03386555E+03     1.84047730E+01     4.04227000E-05     1.31684587E-02     6.00749000E-05
    3.08750000E+04     3.17250000E+02     6.45616390E-02     6.25739480E+00     3.01848100E+00     1.36244573E+01     4.24612360E+03     2.02421944E+01     4.30810000E-05     1.34279175E-02     6.40066000E-05
    3.08750000E+04     3.22250000E+02     6.55791590E-02     6.25739480E+00     3.01848100E+00     1.49668188E+01     4.46645139E+03     2.22298570E+01     4.58687000E-05     1.36897930E-02     6.81277000E-05
    3.08750000E+04     3.27250000E+02     6.65966786E-02     6.25739480E+00     3.01848100E+00     1.64177503E+01     4.69506033E+03     2.43774125E+01     4.87898000E-05     1.39541305E-02     7.24441000E-05
    3.08750000E+04     3.32250000E+02     6.76141980E-02     6.25739480E+00     3.01848100E+00     1.79841828E+01     4.93216645E+03     2.66949709E+01     5.18487000E-05     1.42209763E-02     7.69621000E-05
    3.08750000E+04     3.37250000E+02     6.86317180E-02     6.25739480E+00     3.01848100E+00     1.96733727E+01     5.17798989E+03     2.91931095E+01     5.50496000E-05     1.44903766E-02     8.16875000E-05
    3.08750000E+04     3.42250000E+02     6.96492380E-02     6.25739480E+00     3.01848100E+00     2.14929170E+01     5.43275530E+03     3.18828909E+01     5.83969000E-05     1.47623778E-02     8.66268000E-05
    3.08750000E+04     3.47250000E+02     7.06667580E-02     6.25739480E+00     3.01848100E+00     2.34507620E+01     5.69669207E+03     3.47758771E+01     6.18950000E-05     1.50370272E-02     9.17861000E-05
    3.08750000E+04     3.52250000E+02     7.16842780E-02     6.25739480E+00     3.01848100E+00     2.55552117E+01     5.97003393E+03     3.78841400E+01     6.55485000E-05     1.53143716E-02     9.71719000E-05
    3.08750000E+04     3.57250000E+02     7.27017980E-02     6.25739480E+00     3.01848100E+00     2.78149419E+01     6.25301946E+03     4.12202799E+01     6.93618000E-05     1.55944585E-02     1.02790600E-04
    3.08750000E+04     3.62250000E+02     7.37193180E-02     6.25739480E+00     3.01848100E+00     3.02390121E+01     6.54589227E+03     4.47974431E+01     7.33397000E-05     1.58773365E-02     1.08648900E-04
    3.08750000E+04     3.67250000E+02     7.47368380E-02     6.25739480E+00     3.01848100E+00     3.28368715E+01     6.84890065E+03     4.86293280E+01     7.74869000E-05     1.61630530E-02     1.14753300E-04
    3.08750000E+04     3.72250000E+02     7.57543580E-02     6.25739480E+00     3.01848100E+00     3.56183778E+01     7.16229818E+03     5.27302127E+01     8.18081000E-05     1.64516577E-02     1.21110600E-04
    3.08750000E+04     3.77250000E+02     7.67718780E-02     6.25739480E+00     3.01848100E+00     3.85937991E+01     7.48634307E+03     5.71149550E+01     8.63083000E-05     1.67431988E-02     1.27727700E-04
    3.08750000E+04     3.82250000E+02     7.77893980E-02     6.25739480E+00     3.01848100E+00     4.17738393E+01     7.82129966E+03     6.17990288E+01     9.09922000E-05     1.70377263E-02     1.34611400E-04
    3.08750000E+04     3.87250000E+02     7.88069175E-02     6.25739480E+00     3.01848100E+00     4.51696323E+01     8.16743649E+03     6.67985141E+01     9.58650000E-05     1.73352893E-02     1.41768700E-04
    3.08750000E+04     3.92250000E+02     7.98244370E-02     6.25739480E+00     3.01848100E+00     4.87927739E+01     8.52502860E+03     7.21301409E+01     1.00931600E-04     1.76359387E-02     1.49206900E-04
    3.08750000E+04     3.97250000E+02     8.08419570E-02     6.25739480E+00     3.01848100E+00     5.26553167E+01     8.89435580E+03     7.78112819E+01     1.06197300E-04     1.79397248E-02     1.56932900E-04
    3.08750000E+04     4.02250000E+02     8.18594770E-02     6.25739480E+00     3.01848100E+00     5.67697942E+01     9.27570401E+03     8.38599841E+01     1.11667100E-04     1.82466984E-02     1.64954100E-04
    3.08750000E+04     4.07250000E+02     8.28769970E-02     6.25739480E+00     3.01848100E+00     6.11492253E+01     9.66936447E+03     9.02949753E+01     1.17346500E-04     1.85569106E-02     1.73277900E-04
    3.08750000E+04     4.12250000E+02     8.38945170E-02     6.25739480E+00     3.01848100E+00     6.58071389E+01     1.00756350E+04     9.71356965E+01     1.23240700E-04     1.88704138E-02     1.81911600E-04
    3.08750000E+04     4.17250000E+02     8.49120370E-02     6.25739480E+00     3.01848100E+00     7.07575711E+01     1.04948188E+04     1.04402293E+02     1.29355200E-04     1.91872600E-02     1.90862800E-04
    3.08750000E+04     4.22250000E+02     8.59295570E-02     6.25739480E+00     3.01848100E+00     7.60150904E+01     1.09272248E+04     1.12115664E+02     1.35695400E-04     1.95075016E-02     2.00139100E-04
    3.08750000E+04     4.27250000E+02     8.69470770E-02     6.25739480E+00     3.01848100E+00     8.15948077E+01     1.13731691E+04     1.20297447E+02     1.42267000E-04     1.98311915E-02     2.09748300E-04
    3.08750000E+04     4.32250000E+02     8.79645970E-02     6.25739480E+00     3.01848100E+00     8.75123889E+01     1.18329740E+04     1.28970066E+02     1.49075500E-04     2.01583832E-02     2.19698000E-04
    3.08750000E+04     4.37250000E+02     8.89821170E-02     6.25739480E+00     3.01848100E+00     9.37840694E+01     1.23069669E+04     1.38156727E+02     1.56126700E-04     2.04891304E-02     2.29996100E-04
    3.08750000E+04     4.42250000E+02     8.99996370E-02     6.25739480E+00     3.01848100E+00     1.00426671E+02     1.27954836E+04     1.47881439E+02     1.63426400E-04     2.08234880E-02     2.40650700E-04
    3.08750000E+04     4.47250000E+02     9.10171565E-02     6.25739480E+00     3.01848100E+00     1.07457608E+02     1.32988651E+04     1.58169054E+02     1.70980300E-04     2.11615098E-02     2.51669600E-04
    3.08750000E+04     4.52250000E+02     9.20346760E-02     6.25739480E+00     3.01848100E+00     1.14894904E+02     1.38174596E+04     1.69045245E+02     1.78794500E-04     2.15032511E-02     2.63061100E-04
    3.08750000E+04     4.57250000E+02     9.30521960E-02     6.25739480E+00     3.01848100E+00     1.22757225E+02     1.43516226E+04     1.80536569E+02     1.86874900E-04     2.18487679E-02     2.74833400E-04
    3.08750000E+04     4.62250000E+02     9.40697160E-02     6.25739480E+00     3.01848100E+00     1.31063869E+02     1.49017169E+04     1.92670468E+02     1.95227700E-04     2.21981165E-02     2.86994700E-04
    3.08750000E+04     4.67250000E+02     9.50872360E-02     6.25739480E+00     3.01848100E+00     1.39834784E+02     1.54681107E+04     2.05475259E+02     2.03858900E-04     2.25513524E-02     2.99553400E-04
    3.08750000E+04     4.72250000E+02     9.61047560E-02     6.25739480E+00     3.01848100E+00     1.49090595E+02     1.60511815E+04     2.18980198E+02     2.12774800E-04     2.29085328E-02     3.12518000E-04
    3.08750000E+04     4.77250000E+02     9.71222760E-02     6.25739480E+00     3.01848100E+00     1.58852622E+02     1.66513132E+04     2.33215484E+02     2.21981600E-04     2.32697159E-02     3.25897000E-04
    3.08750000E+04     4.82250000E+02     9.81397960E-02     6.25739480E+00     3.01848100E+00     1.69142877E+02     1.72688970E+04     2.48212261E+02     2.31485900E-04     2.36349586E-02     3.39699100E-04
    3.08750000E+04     4.87250000E+02     9.91573160E-02     6.25739480E+00     3.01848100E+00     1.79984103E+02     1.79043330E+04     2.64002670E+02     2.41293900E-04     2.40043204E-02     3.53932900E-04
    3.08750000E+04     4.92250000E+02     1.00174836E-01     6.25739480E+00     3.01848100E+00     1.91399756E+02     1.85580269E+04     2.80619831E+02     2.51412300E-04     2.43778589E-02     3.68607300E-04
    3.08750000E+04     4.97250000E+02     1.01192356E-01     6.25739480E+00     3.01848100E+00     2.03414061E+02     1.92303946E+04     2.98097891E+02     2.61847700E-04     2.47556337E-02     3.83731100E-04
    3.08750000E+04     5.12250000E+02     1.04244916E-01     6.25739480E+00     3.01848100E+00     2.44006283E+02     2.13842268E+04     3.57063050E+02     2.95466600E-04     2.59194581E-02     4.32375000E-04
    3.08750000E+04     5.37250000E+02     1.09332515E-01     6.25739480E+00     3.01848100E+00     3.25100977E+02     2.53568832E+04     4.74583210E+02     3.57937300E-04     2.79424266E-02     5.22527800E-04
    3.08750000E+04     5.62250000E+02     1.14420114E-01     6.25739480E+00     3.01848100E+00     4.27595348E+02     2.98999092E+04     6.22633883E+02     4.29909200E-04     3.00852625E-02     6.26015000E-04
    3.08750000E+04     5.87250000E+02     1.19507714E-01     6.25739480E+00     3.01848100E+00     5.55820731E+02     3.50784918E+04     8.07229156E+02     5.12324200E-04     3.23561595E-02     7.44072300E-04
    3.08750000E+04     6.12250000E+02     1.24595314E-01     6.25739480E+00     3.01848100E+00     7.14746877E+02     4.09641437E+04     1.03522466E+03     6.06174800E-04     3.47636622E-02     8.77987600E-04
    3.08750000E+04     6.37250000E+02     1.29682914E-01     6.25739480E+00     3.01848100E+00     9.10045214E+02     4.76352140E+04     1.31439213E+03     7.12505400E-04     3.73166788E-02     1.02910150E-03
    3.08750000E+04     6.62250000E+02     1.34770512E-01     6.25739480E+00     3.01848100E+00     1.14815609E+03     5.51774324E+04     1.65349759E+03     8.32413000E-04     4.00244985E-02     1.19880780E-03
    3.08750000E+04     6.87250000E+02     1.39858112E-01     6.25739480E+00     3.01848100E+00     1.43635985E+03     6.36844789E+04     2.06238346E+03     9.67049500E-04     4.28968029E-02     1.38855410E-03
    3.08750000E+04     7.12250000E+02     1.44945712E-01     6.25739480E+00     3.01848100E+00     1.78285245E+03     7.32585883E+04     2.55205488E+03     1.11762230E-03     4.59436817E-02     1.59984360E-03
    3.08750000E+04     7.37250000E+02     1.50033312E-01     6.25739480E+00     3.01848100E+00     2.19682523E+03     8.40111806E+04     3.13477077E+03     1.28539660E-03     4.91756430E-02     1.83423610E-03
    3.08750000E+04     7.62250000E+02     1.55120912E-01     6.25739480E+00     3.01848100E+00     2.68854945E+03     9.60635217E+04     3.82413997E+03     1.47169720E-03     5.26036228E-02     2.09335020E-03
    3.08750000E+04     7.87250000E+02     1.60208510E-01     6.25739480E+00     3.01848100E+00     3.26946609E+03     1.09547419E+05     4.63522385E+03     1.67790980E-03     5.62389967E-02     2.37886650E-03
    3.08750000E+04     8.12250000E+02     1.65296110E-01     6.25739480E+00     3.01848100E+00     3.95228046E+03     1.24605928E+05     5.58464505E+03     1.90548380E-03     6.00935826E-02     2.69252990E-03
    3.08750000E+04     8.37250000E+02     1.70383710E-01     6.25739480E+00     3.01848100E+00     4.75106265E+03     1.41394110E+05     6.69070474E+03     2.15593400E-03     6.41796465E-02     3.03615470E-03
    3.08750000E+04     8.62250000E+02     1.75471310E-01     6.25739480E+00     3.01848100E+00     5.68135401E+03     1.60079780E+05     7.97350861E+03     2.43084340E-03     6.85099017E-02     3.41162890E-03
    3.08750000E+04     8.87250000E+02     1.80558910E-01     6.25739480E+00     3.01848100E+00     6.76027945E+03     1.80844291E+05     9.45510336E+03     2.73186550E-03     7.30975046E-02     3.82092030E-03
    3.08750000E+04     9.12250000E+02     1.85646508E-01     6.25739480E+00     3.01848100E+00     8.00666708E+03     2.03883330E+05     1.11596258E+04     3.06072710E-03     7.79560469E-02     4.26608340E-03
    3.08750000E+04     9.37250000E+02     1.90734108E-01     6.25739480E+00     3.01848100E+00     9.44117419E+03     2.29407697E+05     1.31134659E+04     3.41923140E-03     8.30995394E-02     4.74926790E-03
    3.08750000E+04     9.62250000E+02     1.95821708E-01     6.25739480E+00     3.01848100E+00     1.10864217E+04     2.57644107E+05     1.53454468E+04     3.80926120E-03     8.85423938E-02     5.27272810E-03
    3.08750000E+04     9.87250000E+02     2.00909308E-01     6.25739480E+00     3.01848100E+00     1.29671365E+04     2.88835957E+05     1.78870244E+04     4.23278210E-03     9.42993954E-02     5.83883490E-03
    3.08750000E+04     1.01225000E+03     2.05996907E-01     6.25739480E+00     3.01848100E+00     1.51103010E+04     3.23244059E+05     2.07725080E+04     4.69184620E-03     1.00385663E-01     6.45008780E-03
    3.08750000E+04     1.03725000E+03     2.11084506E-01     6.25739480E+00     3.01848100E+00     1.75453138E+04     3.61147340E+05     2.40393084E+04     5.18859610E-03     1.06816603E-01     7.10913030E-03
    3.08750000E+04     1.06225000E+03     2.16172106E-01     6.25739480E+00     3.01848100E+00     2.03041596E+04     4.02843480E+05     2.77282159E+04     5.72526880E-03     1.13607861E-01     7.81876740E-03
    3.08750000E+04     1.08725000E+03     2.21259706E-01     6.25739480E+00     3.01848100E+00     2.34215874E+04     4.48649444E+05     3.18837108E+04     6.30419960E-03     1.20775241E-01     8.58198410E-03
    3.08750000E+04     1.11225000E+03     2.26347306E-01     6.25739480E+00     3.01848100E+00     2.69353037E+04     4.98901943E+05     3.65543165E+04     6.92782780E-03     1.28334634E-01     9.40196820E-03
    3.08750000E+04     1.13725000E+03     2.31434905E-01     6.25739480E+00     3.01848100E+00     3.08861706E+04     5.53957695E+05     4.17929910E+04     7.59869990E-03     1.36301911E-01     1.02821335E-02
    3.08750000E+04     1.16225000E+03     2.36522504E-01     6.25739480E+00     3.01848100E+00     3.53184236E+04     6.14193598E+05     4.76575754E+04     8.31947530E-03     1.44692819E-01     1.12261481E-02
    3.08750000E+04     1.18725000E+03     2.41610104E-01     6.25739480E+00     3.01848100E+00     4.02798947E+04     6.80006630E+05     5.42112934E+04     9.09293120E-03     1.53522849E-01     1.22379637E-02
    3.08750000E+04     1.21225000E+03     2.46697704E-01     6.25739480E+00     3.01848100E+00     4.58222557E+04     7.51813584E+05     6.15233196E+04     9.92196820E-03     1.62807088E-01     1.33218496E-02
    3.08750000E+04     1.23725000E+03     2.51785304E-01     6.25739480E+00     3.01848100E+00     5.20012653E+04     8.30050427E+05     6.96694056E+04     1.08096144E-02     1.72560049E-01     1.44824273E-02
    3.08750000E+04     1.26225000E+03     2.56872902E-01     6.25739480E+00     3.01848100E+00     5.88770370E+04     9.15171430E+05     7.87325917E+04     1.17590311E-02     1.82795485E-01     1.57247099E-02
    3.08750000E+04     1.28725000E+03     2.61960502E-01     6.25739480E+00     3.01848100E+00     6.65143188E+04     1.00764790E+06     8.88039979E+04     1.27735183E-02     1.93526187E-01     1.70541438E-02
    3.08750000E+04     1.31225000E+03     2.67048102E-01     6.25739480E+00     3.01848100E+00     7.49827867E+04     1.10796652E+06     9.99837013E+04     1.38565196E-02     2.04763757E-01     1.84766531E-02
    3.08750000E+04     1.33725000E+03     2.72135702E-01     6.25739480E+00     3.01848100E+00     8.43573444E+04     1.21662721E+06     1.12381702E+05     1.50116259E-02     2.16518358E-01     1.99986840E-02
    3.08750000E+04     1.36225000E+03     2.77223302E-01     6.25739480E+00     3.01848100E+00     9.47184433E+04     1.33414054E+06     1.26118982E+05     1.62425807E-02     2.28798452E-01     2.16272533E-02
    3.08750000E+04     1.38725000E+03     2.82310900E-01     6.25739480E+00     3.01848100E+00     1.06152410E+05     1.46102462E+06     1.41328677E+05     1.75532828E-02     2.41610529E-01     2.33699962E-02
    3.08750000E+04     1.41225000E+03     2.87398500E-01     6.25739480E+00     3.01848100E+00     1.18751784E+05     1.59780151E+06     1.58157326E+05     1.89477907E-02     2.54958819E-01     2.52352155E-02
    3.08750000E+04     1.43725000E+03     2.92486100E-01     6.25739480E+00     3.01848100E+00     1.32615660E+05     1.74499291E+06     1.76766219E+05     2.04303231E-02     2.68844988E-01     2.72319261E-02
    3.08750000E+04     1.46225000E+03     2.97573700E-01     6.25739480E+00     3.01848100E+00     1.47850044E+05     1.90311561E+06     1.97332833E+05     2.20052617E-02     2.83267862E-01     2.93699008E-02
    3.08750000E+04     1.48725000E+03     3.02661299E-01     6.25739480E+00     3.01848100E+00     1.64568197E+05     2.07267608E+06     2.20052344E+05     2.36771493E-02     2.98223120E-01     3.16597099E-02
    3.08750000E+04     1.51225000E+03     3.07748898E-01     6.25739480E+00     3.01848100E+00     1.82890992E+05     2.25416487E+06     2.45139188E+05     2.54506897E-02     3.13703031E-01     3.41127543E-02
    3.08750000E+04     1.53725000E+03     3.12836498E-01     6.25739480E+00     3.01848100E+00     2.02947261E+05     2.44805051E+06     2.72828667E+05     2.73307432E-02     3.29696202E-01     3.67412927E-02
    3.08750000E+04     1.56225000E+03     3.17924098E-01     6.25739480E+00     3.01848100E+00     2.24874123E+05     2.65477298E+06     3.03378567E+05     2.93223227E-02     3.46187362E-01     3.95584570E-02
    3.08750000E+04     1.58725000E+03     3.23011698E-01     6.25739480E+00     3.01848100E+00     2.48817335E+05     2.87473734E+06     3.37070765E+05     3.14305871E-02     3.63157205E-01     4.25782595E-02
    3.08750000E+04     1.61225000E+03     3.28099297E-01     6.25739480E+00     3.01848100E+00     2.74931576E+05     3.10830710E+06     3.74212773E+05     3.36608322E-02     3.80582273E-01     4.58155813E-02
    3.08750000E+04     1.63725000E+03     3.33186896E-01     6.25739480E+00     3.01848100E+00     3.03380736E+05     3.35579769E+06     4.15139165E+05     3.60184788E-02     3.98434913E-01     4.92861473E-02
    3.08750000E+04     1.66225000E+03     3.38274496E-01     6.25739480E+00     3.01848100E+00     3.34338203E+05     3.61747076E+06     4.60212938E+05     3.85090630E-02     4.16683339E-01     5.30064878E-02
    3.08750000E+04     1.68725000E+03     3.43362096E-01     6.25739480E+00     3.01848100E+00     3.67987049E+05     3.89352860E+06     5.09826580E+05     4.11382177E-02     4.35291741E-01     5.69938716E-02
    3.08750000E+04     1.71225000E+03     3.48449696E-01     6.25739480E+00     3.01848100E+00     4.04520270E+05     4.18410991E+06     5.64403018E+05     4.39116590E-02     4.54220546E-01     6.12662308E-02
    3.08750000E+04     1.73725000E+03     3.53537294E-01     6.25739480E+00     3.01848100E+00     4.44140906E+05     4.48928625E+06     6.24396187E+05     4.68351656E-02     4.73426725E-01     6.58420551E-02
    3.08750000E+04     1.76225000E+03     3.58624894E-01     6.25739480E+00     3.01848100E+00     4.87062223E+05     4.80906050E+06     6.90291415E+05     4.99145640E-02     4.92864287E-01     7.07402800E-02
    3.08750000E+04     1.78725000E+03     3.63712494E-01     6.25739480E+00     3.01848100E+00     5.33507737E+05     5.14336616E+06     7.62605294E+05     5.31557030E-02     5.12484782E-01     7.59801407E-02
    3.08750000E+04     1.81225000E+03     3.68800094E-01     6.25739480E+00     3.01848100E+00     5.83711290E+05     5.49206899E+06     8.41885299E+05     5.65644347E-02     5.32237979E-01     8.15810212E-02
    3.08750000E+04     1.83725000E+03     3.73887694E-01     6.25739480E+00     3.01848100E+00     6.37917105E+05     5.85497055E+06     9.28709043E+05     6.01465985E-02     5.52072616E-01     8.75622929E-02
    3.08750000E+04     1.86225000E+03     3.78975292E-01     6.25739480E+00     3.01848100E+00     6.96379683E+05     6.23181310E+06     1.02368296E+06     6.39079914E-02     5.71937164E-01     9.39431258E-02
    3.08750000E+04     1.88725000E+03     3.84062892E-01     6.25739480E+00     3.01848100E+00     7.59363898E+05     6.62228757E+06     1.12744093E+06     6.78543624E-02     5.91780758E-01     1.00742325E-01
    3.08750000E+04     1.91225000E+03     3.89150492E-01     6.25739480E+00     3.01848100E+00     8.27144768E+05     7.02604182E+06     1.24064216E+06     7.19913785E-02     6.11554011E-01     1.07978126E-01
    3.08750000E+04     1.93725000E+03     3.94238092E-01     6.25739480E+00     3.01848100E+00     9.00007536E+05     7.44269224E+06     1.36396918E+06     7.63246231E-02     6.31209964E-01     1.15668036E-01
    3.08750000E+04     1.96225000E+03     3.99325691E-01     6.25739480E+00     3.01848100E+00     9.78247517E+05     7.87183555E+06     1.49812528E+06     8.08595756E-02     6.50704929E-01     1.23828658E-01
    3.08750000E+04     1.98725000E+03     4.04413290E-01     6.25739480E+00     3.01848100E+00     1.06217001E+06     8.31306210E+06     1.64383192E+06     8.56015989E-02     6.69999292E-01     1.32475534E-01
    3.08750000E+04     2.01225000E+03     4.09500890E-01     6.25739480E+00     3.01848100E+00     1.15209026E+06     8.76596997E+06     1.80182602E+06     9.05559346E-02     6.89058257E-01     1.41623017E-01
    3.08750000E+04     2.03725000E+03     4.14588490E-01     6.25739480E+00     3.01848100E+00     1.24833330E+06     9.23017898E+06     1.97285712E+06     9.57276901E-02     7.07852450E-01     1.51284147E-01
    3.08750000E+04     2.06225000E+03     4.19676090E-01     6.25739480E+00     3.01848100E+00     1.35123394E+06     9.70534488E+06     2.15768468E+06     1.01121839E-01     7.26358431E-01     1.61470569E-01
    3.08750000E+04     2.08725000E+03     4.24763689E-01     6.25739480E+00     3.01848100E+00     1.46113682E+06     1.01911730E+07     2.35707558E+06     1.06743220E-01     7.44559067E-01     1.72192477E-01
    3.08750000E+04     2.11225000E+03     4.29851288E-01     6.25739480E+00     3.01848100E+00     1.57839596E+06     1.06874294E+07     2.57180125E+06     1.12596518E-01     7.62443669E-01     1.83458546E-01
    3.08750000E+04     2.13725000E+03     4.34938888E-01     6.25739480E+00     3.01848100E+00     1.70337521E+06     1.11939539E+07     2.80263597E+06     1.18686291E-01     7.80008156E-01     1.95275963E-01
    3.08750000E+04     2.16225000E+03     4.40026488E-01     6.25739480E+00     3.01848100E+00     1.83644773E+06     1.17106671E+07     3.05035430E+06     1.25016940E-01     7.97254851E-01     2.07650402E-01
    3.08750000E+04     2.18725000E+03     4.45114088E-01     6.25739480E+00     3.01848100E+00     1.97799622E+06     1.22375793E+07     3.31572967E+06     1.31592730E-01     8.14192330E-01     2.20586081E-01
    3.08750000E+04     2.21225000E+03     4.50201686E-01     6.25739480E+00     3.01848100E+00     2.12841265E+06     1.27747951E+07     3.59953272E+06     1.38417773E-01     8.30835018E-01     2.34085803E-01
    3.08750000E+04     2.23725000E+03     4.55289286E-01     6.25739480E+00     3.01848100E+00     2.28809791E+06     1.33225159E+07     3.90252973E+06     1.45496025E-01     8.47202675E-01     2.48151006E-01
    3.08750000E+04     2.26225000E+03     4.60376886E-01     6.25739480E+00     3.01848100E+00     2.45746225E+06     1.38810429E+07     4.22548238E+06     1.52831300E-01     8.63319955E-01     2.62781885E-01
    3.08750000E+04     2.28725000E+03     4.65464486E-01     6.25739480E+00     3.01848100E+00     2.63692428E+06     1.44507733E+07     4.56914591E+06     1.60427231E-01     8.79215630E-01     2.77977418E-01
    3.08750000E+04     2.31225000E+03     4.70552086E-01     6.25739480E+00     3.01848100E+00     2.82691113E+06     1.50321993E+07     4.93426903E+06     1.68287288E-01     8.94921988E-01     2.93735490E-01
    3.08750000E+04     2.33725000E+03     4.75639684E-01     6.25739480E+00     3.01848100E+00     3.02785807E+06     1.56259035E+07     5.32159337E+06     1.76414757E-01     9.10474136E-01     3.10052976E-01
    3.08750000E+04     2.36225000E+03     4.80727284E-01     6.25739480E+00     3.01848100E+00     3.24020776E+06     1.62325512E+07     5.73185244E+06     1.84812715E-01     9.25909213E-01     3.26925792E-01
    3.08750000E+04     2.38725000E+03     4.85814884E-01     6.25739480E+00     3.01848100E+00     3.46441004E+06     1.68528848E+07     6.16577161E+06     1.93484036E-01     9.41265752E-01     3.44349011E-01
    3.08750000E+04     2.41225000E+03     4.90902484E-01     6.25739480E+00     3.01848100E+00     3.70092145E+06     1.74877150E+07     6.62406790E+06     2.02431368E-01     9.56583012E-01     3.62316933E-01
    3.08750000E+04     2.43725000E+03     4.95990083E-01     6.25739480E+00     3.01848100E+00     3.95020390E+06     1.81379103E+07     7.10744829E+06     2.11657093E-01     9.71900252E-01     3.80823092E-01
    3.08750000E+04     2.46225000E+03     5.01077682E-01     6.25739480E+00     3.01848100E+00     4.21272501E+06     1.88043904E+07     7.61661085E+06     2.21163351E-01     9.87256276E-01     3.99860406E-01
    3.08750000E+04     2.48725000E+03     5.06165282E-01     6.25739480E+00     3.01848100E+00     4.48895624E+06     1.94881135E+07     8.15224248E+06     2.30951978E-01     1.00268877E+00     4.19421129E-01
    3.08750000E+04     2.52475000E+03     5.13796682E-01     6.25739480E+00     3.01848100E+00     4.93191347E+06     2.05506680E+07     9.01031370E+06     2.46203390E-01     1.02608010E+00     4.49788057E-01
    3.08750000E+04     2.57475000E+03     5.23971880E-01     6.25739480E+00     3.01848100E+00     5.57260193E+06     2.20340986E+07     1.02487321E+07     2.67491207E-01     1.05783735E+00     4.91941278E-01
    3.08750000E+04     2.62475000E+03     5.34147080E-01     6.25739480E+00     3.01848100E+00     6.27674960E+06     2.36046933E+07     1.16047869E+07     2.89925559E-01     1.09047961E+00     5.36021847E-01
    3.08750000E+04     2.67475000E+03     5.44322279E-01     6.25739480E+00     3.01848100E+00     7.04819529E+06     2.52704484E+07     1.30833484E+07     3.13505235E-01     1.12419783E+00     5.81943961E-01
    3.08750000E+04     2.72475000E+03     5.54497478E-01     6.25739480E+00     3.01848100E+00     7.89074753E+06     2.70389862E+07     1.46890261E+07     3.38223271E-01     1.15913560E+00     6.29615319E-01
    3.08750000E+04     2.77475000E+03     5.64672678E-01     6.25739480E+00     3.01848100E+00     8.80816266E+06     2.89173817E+07     1.64261454E+07     3.64067077E-01     1.19538919E+00     6.78937898E-01
    3.08750000E+04     2.82475000E+03     5.74847876E-01     6.25739480E+00     3.01848100E+00     9.80412599E+06     3.09120406E+07     1.82987279E+07     3.91018714E-01     1.23301004E+00     7.29808733E-01
    3.08750000E+04     2.87475000E+03     5.85023076E-01     6.25739480E+00     3.01848100E+00     1.08822401E+07     3.30286302E+07     2.03104815E+07     4.19055446E-01     1.27200933E+00     7.82120973E-01
    3.08750000E+04     2.92475000E+03     5.95198275E-01     6.25739480E+00     3.01848100E+00     1.20460154E+07     3.52720524E+07     2.24647912E+07     4.48150306E-01     1.31236338E+00     8.35764819E-01
    3.08750000E+04     2.97475000E+03     6.05373474E-01     6.25739480E+00     3.01848100E+00     1.32988665E+07     3.76464593E+07     2.47647187E+07     4.78272801E-01     1.35402004E+00     8.90628585E-01
    3.08750000E+04     3.02475000E+03     6.15548674E-01     6.25739480E+00     3.01848100E+00     1.46441114E+07     4.01552999E+07     2.72130023E+07     5.09389588E-01     1.39690509E+00     9.46599624E-01
    3.08750000E+04     3.07475000E+03     6.25723872E-01     6.25739480E+00     3.01848100E+00     1.60849674E+07     4.28013834E+07     2.98120532E+07     5.41464989E-01     1.44092819E+00     1.00356492E+00
    3.08750000E+04     3.12475000E+03     6.35899072E-01     6.25739480E+00     3.01848100E+00     1.76245491E+07     4.55869594E+07     3.25639486E+07     5.74461455E-01     1.48598844E+00     1.06141154E+00
    3.08750000E+04     3.17475000E+03     6.46074270E-01     6.25739480E+00     3.01848100E+00     1.92658596E+07     4.85137931E+07     3.54704141E+07     6.08339747E-01     1.53197885E+00     1.12002658E+00
    3.08750000E+04     3.22475000E+03     6.56249470E-01     6.25739480E+00     3.01848100E+00     2.10117766E+07     5.15832381E+07     3.85327957E+07     6.43058960E-01     1.57879003E+00     1.17929691E+00
    3.08750000E+04     3.27475000E+03     6.66424669E-01     6.25739480E+00     3.01848100E+00     2.28650294E+07     5.47962884E+07     4.17520157E+07     6.78576288E-01     1.62631254E+00     1.23910834E+00
    3.08750000E+04     3.32475000E+03     6.76599868E-01     6.25739480E+00     3.01848100E+00     2.48281705E+07     5.81536192E+07     4.51285185E+07     7.14846654E-01     1.67443863E+00     1.29934481E+00
    3.08750000E+04     3.37475000E+03     6.86775068E-01     6.25739480E+00     3.01848100E+00     2.69035357E+07     6.16555992E+07     4.86621988E+07     7.51822130E-01     1.72306274E+00     1.35988713E+00
    3.08750000E+04     3.42475000E+03     6.96950266E-01     6.25739480E+00     3.01848100E+00     2.90931977E+07     6.53022845E+07     5.23523196E+07     7.89451282E-01     1.77208154E+00     1.42061168E+00
    3.08750000E+04     3.47475000E+03     7.07125466E-01     6.25739480E+00     3.01848100E+00     3.13989152E+07     6.90933955E+07     5.61974254E+07     8.27678530E-01     1.82139345E+00     1.48138929E+00
    3.08750000E+04     3.52475000E+03     7.17300665E-01     6.25739480E+00     3.01848100E+00     3.38220728E+07     7.30282688E+07     6.01952422E+07     8.66443385E-01     1.87089752E+00     1.54208393E+00
    3.08750000E+04     3.57475000E+03     7.27475864E-01     6.25739480E+00     3.01848100E+00     3.63636252E+07     7.71058121E+07     6.43425885E+07     9.05679977E-01     1.92049267E+00     1.60255196E+00
    3.08750000E+04     3.62475000E+03     7.37651063E-01     6.25739480E+00     3.01848100E+00     3.90240330E+07     8.13244340E+07     6.86352766E+07     9.45316461E-01     1.97007634E+00     1.66264131E+00
    3.08750000E+04     3.67475000E+03     7.47826262E-01     6.25739480E+00     3.01848100E+00     4.18032064E+07     8.56819832E+07     7.30680293E+07     9.85274730E-01     2.01954369E+00     1.72219113E+00
    3.08750000E+04     3.72475000E+03     7.58001462E-01     6.25739480E+00     3.01848100E+00     4.47004519E+07     9.01756892E+07     7.76344077E+07     1.02547030E+00     2.06878687E+00     1.78103194E+00
    3.08750000E+04     3.77475000E+03     7.68176660E-01     6.25739480E+00     3.01848100E+00     4.77144276E+07     9.48021070E+07     8.23267568E+07     1.06581241E+00     2.11769455E+00     1.83898605E+00
    3.08750000E+04     3.82475000E+03     7.78351860E-01     6.25739480E+00     3.01848100E+00     5.08431021E+07     9.95570703E+07     8.71361601E+07     1.10620426E+00     2.16615177E+00     1.89586825E+00
    3.08750000E+04     3.87475000E+03     7.88527059E-01     6.25739480E+00     3.01848100E+00     5.40837329E+07     1.04435666E+08     9.20524300E+07     1.14654358E+00     2.21404016E+00     1.95148712E+00
    3.08750000E+04     3.92475000E+03     7.98702258E-01     6.25739480E+00     3.01848100E+00     5.74328471E+07     1.09432216E+08     9.70641077E+07     1.18672329E+00     2.26123839E+00     2.00564646E+00
    3.08750000E+04     3.97475000E+03     8.08877458E-01     6.25739480E+00     3.01848100E+00     6.08862469E+07     1.14540286E+08     1.02158502E+08     1.22663249E+00     2.30762316E+00     2.05814723E+00
    3.08750000E+04     4.02475000E+03     8.19052656E-01     6.25739480E+00     3.01848100E+00     6.44390202E+07     1.19752699E+08     1.07321741E+08     1.26615751E+00     2.35307003E+00     2.10878960E+00
    3.08750000E+04     4.07475000E+03     8.29227856E-01     6.25739480E+00     3.01848100E+00     6.80855697E+07     1.25061585E+08     1.12538857E+08     1.30518311E+00     2.39745478E+00     2.15737518E+00
    3.08750000E+04     4.12475000E+03     8.39403054E-01     6.25739480E+00     3.01848100E+00     7.18196591E+07     1.30458430E+08     1.17793895E+08     1.34359389E+00     2.44065493E+00     2.20370949E+00
    3.08750000E+04     4.17475000E+03     8.49578254E-01     6.25739480E+00     3.01848100E+00     7.56344718E+07     1.35934166E+08     1.23070042E+08     1.38127567E+00     2.48255123E+00     2.24760450E+00
    3.08750000E+04     4.22475000E+03     8.59753453E-01     6.25739480E+00     3.01848100E+00     7.95226756E+07     1.41479241E+08     1.28349772E+08     1.41811687E+00     2.52302904E+00     2.28888084E+00
    3.08750000E+04     4.27475000E+03     8.69928652E-01     6.25739480E+00     3.01848100E+00     8.34765154E+07     1.47083739E+08     1.33615017E+08     1.45401013E+00     2.56198025E+00     2.32737048E+00
    3.08750000E+04     4.32475000E+03     8.80103852E-01     6.25739480E+00     3.01848100E+00     8.74878899E+07     1.52737477E+08     1.38847330E+08     1.48885340E+00     2.59930435E+00     2.36291851E+00
    3.08750000E+04     4.37475000E+03     8.90279050E-01     6.25739480E+00     3.01848100E+00     9.15484671E+07     1.58430141E+08     1.44028085E+08     1.52255154E+00     2.63491019E+00     2.39538558E+00
    3.08750000E+04     4.42475000E+03     9.00454250E-01     6.25739480E+00     3.01848100E+00     9.56497808E+07     1.64151401E+08     1.49138662E+08     1.55501743E+00     2.66871709E+00     2.42464936E+00
    3.08750000E+04     4.47475000E+03     9.10629449E-01     6.25739480E+00     3.01848100E+00     9.97833250E+07     1.69891026E+08     1.54160604E+08     1.58617271E+00     2.70065560E+00     2.45060568E+00
    3.08750000E+04     4.52475000E+03     9.20804648E-01     6.25739480E+00     3.01848100E+00     1.03940678E+08     1.75639023E+08     1.59075833E+08     1.61594910E+00     2.73066879E+00     2.47317008E+00
    3.08750000E+04     4.57475000E+03     9.30979848E-01     6.25739480E+00     3.01848100E+00     1.08113589E+08     1.81385738E+08     1.63866789E+08     1.64428868E+00     2.75871250E+00     2.49227805E+00
    3.08750000E+04     4.62475000E+03     9.41155046E-01     6.25739480E+00     3.01848100E+00     1.12294081E+08     1.87121976E+08     1.68516588E+08     1.67114451E+00     2.78475584E+00     2.50788547E+00
    3.08750000E+04     4.67475000E+03     9.51330246E-01     6.25739480E+00     3.01848100E+00     1.16474527E+08     1.92839077E+08     1.73009145E+08     1.69648077E+00     2.80878112E+00     2.51996835E+00
    3.08750000E+04     4.72475000E+03     9.61505444E-01     6.25739480E+00     3.01848100E+00     1.20647743E+08     1.98529028E+08     1.77329309E+08     1.72027290E+00     2.83078398E+00     2.52852271E+00
    3.08750000E+04     4.77475000E+03     9.71680644E-01     6.25739480E+00     3.01848100E+00     1.24807037E+08     2.04184506E+08     1.81462923E+08     1.74250734E+00     2.85077282E+00     2.53356348E+00
    3.08750000E+04     4.82475000E+03     9.81855843E-01     6.25739480E+00     3.01848100E+00     1.28946277E+08     2.09798954E+08     1.85396912E+08     1.76318119E+00     2.86876829E+00     2.53512364E+00
    3.08750000E+04     4.87475000E+03     9.92031042E-01     6.25739480E+00     3.01848100E+00     1.33059918E+08     2.15366606E+08     1.89119314E+08     1.78230171E+00     2.88480259E+00     2.53325287E+00
    3.08750000E+04     4.92475000E+03     1.00220624E+00     6.25739480E+00     3.01848100E+00     1.37143043E+08     2.20882521E+08     1.92619316E+08     1.79988568E+00     2.89891859E+00     2.52801618E+00
    3.08750000E+04     4.97475000E+03     1.01238144E+00     6.25739480E+00     3.01848100E+00     1.41191366E+08     2.26342587E+08     1.95887242E+08     1.81595859E+00     2.91116876E+00     2.51949220E+00
    3.08750000E+04     5.00000000E+03     1.01751990E+00     6.25739480E+00     3.01848100E+00     1.43223040E+08     2.29080160E+08     1.97456800E+08     1.82357240E+00     2.91673910E+00     2.51409800E+00
