    3.08750000E+04     5.00000000E-01     1.01752000E-04     1.43097640E+00     1.20728700E-04     0.00000000E+00     2.02000000E-08     0.00000000E+00     0.00000000E+00     2.58000000E-08     0.00000000E+00
    3.08750000E+04     1.00000000E+00     2.03504000E-04     1.43097640E+00     1.20728700E-04     0.00000000E+00     1.61800000E-07     0.00000000E+00     0.00000000E+00     5.15000000E-08     0.00000000E+00
    3.08750000E+04     1.50000000E+00     3.05256000E-04     1.43097640E+00     1.20728700E-04     0.00000000E+00     5.46100000E-07     0.00000000E+00     0.00000000E+00     7.73000000E-08     0.00000000E+00
    3.08750000E+04     2.00000000E+00     4.07008000E-04     1.43097640E+00     1.20728700E-04     0.00000000E+00     1.29430000E-06     0.00000000E+00     0.00000000E+00     1.03000000E-07     0.00000000E+00
    3.08750000E+04     2.50000000E+00     5.08760000E-04     1.43097640E+00     1.20728700E-04     0.00000000E+00     2.52800000E-06     0.00000000E+00     0.00000000E+00     1.28800000E-07     0.00000000E+00
    3.08750000E+04     3.00000000E+00     6.10511900E-04     1.43097640E+00     1.20728700E-04     0.00000000E+00     4.36840000E-06     0.00000000E+00     0.00000000E+00     1.54500000E-07     0.00000000E+00
    3.08750000E+04     3.50000000E+00     7.12263900E-04     1.43097640E+00     1.20728700E-04     0.00000000E+00     6.93690000E-06     0.00000000E+00     0.00000000E+00     1.80300000E-07     0.00000000E+00
    3.08750000E+04     4.00000000E+00     8.14015900E-04     1.43097640E+00     1.20728700E-04     0.00000000E+00     1.03548000E-05     0.00000000E+00     0.00000000E+00     2.06000000E-07     0.00000000E+00
    3.08750000E+04     4.50000000E+00     9.15767900E-04     1.43097640E+00     1.20728700E-04     0.00000000E+00     1.47435000E-05     0.00000000E+00     0.00000000E+00     2.31800000E-07     0.00000000E+00
    3.08750000E+04     5.00000000E+00     1.01751990E-03     1.43097640E+00     1.20728700E-04     0.00000000E+00     2.02242000E-05     0.00000000E+00     0.00000000E+00     2.57500000E-07     0.00000000E+00
    3.08750000E+04     5.50000000E+00     1.11927190E-03     1.43097640E+00     1.20728700E-04     0.00000000E+00     2.69185000E-05     0.00000000E+00     0.00000000E+00     2.83300000E-07     0.00000000E+00
    3.08750000E+04     6.00000000E+00     1.22102390E-03     1.43097640E+00     1.20728700E-04     0.00000000E+00     3.49475000E-05     1.00000000E-10     0.00000000E+00     3.09000000E-07     0.00000000E+00
    3.08750000E+04     6.50000000E+00     1.32277590E-03     1.43097640E+00     1.20728700E-04     1.00000000E-10     4.44327000E-05     1.00000000E-10     0.00000000E+00     3.34800000E-07     0.00000000E+00
    3.08750000E+04     7.00000000E+00     1.42452790E-03     1.43097640E+00     1.20728700E-04     1.00000000E-10     5.54954000E-05     2.00000000E-10     0.00000000E+00     3.60500000E-07     0.00000000E+00
    3.08750000E+04     7.50000000E+00     1.52627990E-03     1.43097640E+00     1.20728700E-04     2.00000000E-10     6.82570000E-05     3.00000000E-10     0.00000000E+00     3.86300000E-07     0.00000000E+00
    3.08750000E+04     8.00000000E+00     1.62803190E-03     1.43097640E+00     1.20728700E-04     3.00000000E-10     8.28387000E-05     4.00000000E-10     0.00000000E+00     4.12000000E-07     0.00000000E+00
    3.08750000E+04     8.50000000E+00     1.72978390E-03     1.43097640E+00     1.20728700E-04     4.00000000E-10     9.93621000E-05     5.00000000E-10     0.00000000E+00     4.37800000E-07     0.00000000E+00
    3.08750000E+04     9.00000000E+00     1.83153580E-03     1.43097640E+00     1.20728700E-04     5.00000000E-10     1.17948300E-04     8.00000000E-10     0.00000000E+00     4.63500000E-07     0.00000000E+00
    3.08750000E+04     9.50000000E+00     1.93328780E-03     1.43097640E+00     1.20728700E-04     7.00000000E-10     1.38718800E-04     1.10000000E-09     0.00000000E+00     4.89300000E-07     0.00000000E+00
    3.08750000E+04     1.00000000E+01     2.03503980E-03     1.43097640E+00     1.20728700E-04     1.00000000E-09     1.61795000E-04     1.40000000E-09     0.00000000E+00     5.15000000E-07     0.00000000E+00
    3.08750000E+04     1.05000000E+01     2.13679180E-03     1.43097640E+00     1.20728700E-04     1.30000000E-09     1.87298200E-04     1.90000000E-09     0.00000000E+00     5.40800000E-07     0.00000000E+00
    3.08750000E+04     1.10000000E+01     2.23854380E-03     1.43097640E+00     1.20728700E-04     1.70000000E-09     2.15349700E-04     2.60000000E-09     0.00000000E+00     5.66500000E-07     0.00000000E+00
    3.08750000E+04     1.15000000E+01     2.34029580E-03     1.43097640E+00     1.20728700E-04     2.20000000E-09     2.46070900E-04     3.30000000E-09     0.00000000E+00     5.92300000E-07     0.00000000E+00
    3.08750000E+04     1.20000000E+01     2.44204780E-03     1.43097640E+00     1.20728700E-04     2.90000000E-09     2.79583200E-04     4.30000000E-09     0.00000000E+00     6.18000000E-07     0.00000000E+00
    3.08750000E+04     1.25000000E+01     2.54379980E-03     1.43097640E+00     1.20728700E-04     3.70000000E-09     3.16008000E-04     5.50000000E-09     0.00000000E+00     6.43800000E-07     0.00000000E+00
    3.08750000E+04     1.30000000E+01     2.64555180E-03     1.43097640E+00     1.20728700E-04     4.60000000E-09     3.55466700E-04     7.00000000E-09     0.00000000E+00     6.69500000E-07     0.00000000E+00
    3.08750000E+04     1.35000000E+01     2.74730380E-03     1.43097640E+00     1.20728700E-04     5.80000000E-09     3.98080500E-04     8.70000000E-09     0.00000000E+00     6.95300000E-07     0.00000000E+00
    3.08750000E+04     1.40000000E+01     2.84905580E-03     1.43097640E+00     1.20728700E-04     7.20000000E-09     4.43971000E-04     1.09000000E-08     0.00000000E+00     7.21000000E-07     0.00000000E+00
    3.08750000E+04     1.45000000E+01     2.95080780E-03     1.43097640E+00     1.20728700E-04     8.90000000E-09     4.93259400E-04     1.34000000E-08     0.00000000E+00     7.46800000E-07     0.00000000E+00
    3.08750000E+04     1.50000000E+01     3.05255970E-03     1.43097640E+00     1.20728700E-04     1.10000000E-08     5.46067300E-04     1.64000000E-08     0.00000000E+00     7.72500000E-07     0.00000000E+00
    3.08750000E+04     1.55000000E+01     3.15431170E-03     1.43097640E+00     1.20728700E-04     1.33000000E-08     6.02515800E-04     2.00000000E-08     0.00000000E+00     7.98300000E-07     0.00000000E+00
    3.08750000E+04     1.60000000E+01     3.25606370E-03     1.43097640E+00     1.20728700E-04     1.62000000E-08     6.62726700E-04     2.42000000E-08     0.00000000E+00     8.24000000E-07     0.00000000E+00
    3.08750000E+04     1.65000000E+01     3.35781570E-03     1.43097640E+00     1.20728700E-04     1.94000000E-08     7.26821000E-04     2.91000000E-08     0.00000000E+00     8.49800000E-07     0.00000000E+00
    3.08750000E+04     1.70000000E+01     3.45956770E-03     1.43097640E+00     1.20728700E-04     2.32000000E-08     7.94920400E-04     3.49000000E-08     0.00000000E+00     8.75500000E-07     0.00000000E+00
    3.08750000E+04     1.75000000E+01     3.56131970E-03     1.43097640E+00     1.20728700E-04     2.76000000E-08     8.67146200E-04     4.15000000E-08     0.00000000E+00     9.01300000E-07     0.00000000E+00
    3.08750000E+04     1.80000000E+01     3.66307170E-03     1.43097640E+00     1.20728700E-04     3.27000000E-08     9.43619900E-04     4.91000000E-08     0.00000000E+00     9.27000000E-07     0.00000000E+00
    3.08750000E+04     1.85000000E+01     3.76482370E-03     1.43097640E+00     1.20728700E-04     3.86000000E-08     1.02446290E-03     5.79000000E-08     0.00000000E+00     9.52800000E-07     1.00000000E-10
    3.08750000E+04     1.90000000E+01     3.86657570E-03     1.43097640E+00     1.20728700E-04     4.53000000E-08     1.10979640E-03     6.79000000E-08     0.00000000E+00     9.78600000E-07     1.00000000E-10
    3.08750000E+04     1.95000000E+01     3.96832770E-03     1.43097640E+00     1.20728700E-04     5.29000000E-08     1.19974240E-03     7.94000000E-08     0.00000000E+00     1.00430000E-06     1.00000000E-10
    3.08750000E+04     2.00000000E+01     4.07007970E-03     1.43097640E+00     1.20728700E-04     6.16000000E-08     1.29442180E-03     9.24000000E-08     0.00000000E+00     1.03010000E-06     1.00000000E-10
    3.08750000E+04     2.05000000E+01     4.17183170E-03     1.43097640E+00     1.20728700E-04     7.14000000E-08     1.39395640E-03     1.07200000E-07     1.00000000E-10     1.05580000E-06     1.00000000E-10
    3.08750000E+04     2.10000000E+01     4.27358360E-03     1.43097640E+00     1.20728700E-04     8.26000000E-08     1.49846750E-03     1.23800000E-07     1.00000000E-10     1.08160000E-06     1.00000000E-10
    3.08750000E+04     2.15000000E+01     4.37533560E-03     1.43097640E+00     1.20728700E-04     9.51000000E-08     1.60807680E-03     1.42600000E-07     1.00000000E-10     1.10730000E-06     1.00000000E-10
    3.08750000E+04     2.20000000E+01     4.47708760E-03     1.43097640E+00     1.20728700E-04     1.09100000E-07     1.72290550E-03     1.63700000E-07     1.00000000E-10     1.13310000E-06     1.00000000E-10
    3.08750000E+04     2.25000000E+01     4.57883960E-03     1.43097640E+00     1.20728700E-04     1.24900000E-07     1.84307520E-03     1.87300000E-07     1.00000000E-10     1.15890000E-06     1.00000000E-10
    3.08750000E+04     2.30000000E+01     4.68059160E-03     1.43097640E+00     1.20728700E-04     1.42500000E-07     1.96870770E-03     2.13800000E-07     1.00000000E-10     1.18460000E-06     1.00000000E-10
    3.08750000E+04     2.35000000E+01     4.78234360E-03     1.43097640E+00     1.20728700E-04     1.62100000E-07     2.09992420E-03     2.43200000E-07     1.00000000E-10     1.21040000E-06     1.00000000E-10
    3.08750000E+04     2.40000000E+01     4.88409560E-03     1.43097640E+00     1.20728700E-04     1.84000000E-07     2.23684630E-03     2.75900000E-07     1.00000000E-10     1.23610000E-06     2.00000000E-10
    3.08750000E+04     2.45000000E+01     4.98584760E-03     1.43097640E+00     1.20728700E-04     2.08200000E-07     2.37959570E-03     3.12300000E-07     1.00000000E-10     1.26190000E-06     2.00000000E-10
    3.08750000E+04     2.50000000E+01     5.08759960E-03     1.43097640E+00     1.20728700E-04     2.35000000E-07     2.52829370E-03     3.52500000E-07     1.00000000E-10     1.28760000E-06     2.00000000E-10
    3.08750000E+04     2.55000000E+01     5.18935160E-03     1.43097640E+00     1.20728700E-04     2.64700000E-07     2.68306220E-03     3.97000000E-07     1.00000000E-10     1.31340000E-06     2.00000000E-10
    3.08750000E+04     2.60000000E+01     5.29110360E-03     1.43097640E+00     1.20728700E-04     2.97400000E-07     2.84402260E-03     4.46100000E-07     1.00000000E-10     1.33920000E-06     2.00000000E-10
    3.08750000E+04     2.65000000E+01     5.39285560E-03     1.43097640E+00     1.20728700E-04     3.33400000E-07     3.01129650E-03     5.00100000E-07     2.00000000E-10     1.36490000E-06     2.00000000E-10
    3.08750000E+04     2.70000000E+01     5.49460750E-03     1.43097640E+00     1.20728700E-04     3.72900000E-07     3.18500540E-03     5.59400000E-07     2.00000000E-10     1.39070000E-06     2.00000000E-10
    3.08750000E+04     2.75000000E+01     5.59635950E-03     1.43097640E+00     1.20728700E-04     4.16400000E-07     3.36527150E-03     6.24500000E-07     2.00000000E-10     1.41650000E-06     3.00000000E-10
    3.08750000E+04     2.80000000E+01     5.69811150E-03     1.43097640E+00     1.20728700E-04     4.63900000E-07     3.55221580E-03     6.95800000E-07     2.00000000E-10     1.44220000E-06     3.00000000E-10
    3.08750000E+04     2.85000000E+01     5.79986350E-03     1.43097640E+00     1.20728700E-04     5.15900000E-07     3.74596030E-03     7.73800000E-07     2.00000000E-10     1.46800000E-06     3.00000000E-10
    3.08750000E+04     2.90000000E+01     5.90161550E-03     1.43097640E+00     1.20728700E-04     5.72600000E-07     3.94662660E-03     8.58900000E-07     2.00000000E-10     1.49380000E-06     3.00000000E-10
    3.08750000E+04     2.95000000E+01     6.00336750E-03     1.43097640E+00     1.20728700E-04     6.34400000E-07     4.15433650E-03     9.51700000E-07     2.00000000E-10     1.51950000E-06     3.00000000E-10
    3.08750000E+04     3.00000000E+01     6.10511950E-03     1.43097640E+00     1.20728700E-04     7.01800000E-07     4.36921160E-03     1.05260000E-06     2.00000000E-10     1.54530000E-06     4.00000000E-10
    3.08750000E+04     3.05000000E+01     6.20687150E-03     1.43097640E+00     1.20728700E-04     7.74900000E-07     4.59137350E-03     1.16240000E-06     3.00000000E-10     1.57110000E-06     4.00000000E-10
    3.08750000E+04     3.10000000E+01     6.30862350E-03     1.43097640E+00     1.20728700E-04     8.54300000E-07     4.82094430E-03     1.28150000E-06     3.00000000E-10     1.59680000E-06     4.00000000E-10
    3.08750000E+04     3.15000000E+01     6.41037550E-03     1.43097640E+00     1.20728700E-04     9.40400000E-07     5.05804590E-03     1.41060000E-06     3.00000000E-10     1.62260000E-06     5.00000000E-10
    3.08750000E+04     3.20000000E+01     6.51212750E-03     1.43097640E+00     1.20728700E-04     1.03360000E-06     5.30279990E-03     1.55040000E-06     3.00000000E-10     1.64840000E-06     5.00000000E-10
    3.08750000E+04     3.25000000E+01     6.61387950E-03     1.43097640E+00     1.20728700E-04     1.13440000E-06     5.55532760E-03     1.70160000E-06     3.00000000E-10     1.67410000E-06     5.00000000E-10
    3.08750000E+04     3.30000000E+01     6.71563140E-03     1.43097640E+00     1.20728700E-04     1.24320000E-06     5.81575170E-03     1.86480000E-06     4.00000000E-10     1.69990000E-06     5.00000000E-10
    3.08750000E+04     3.35000000E+01     6.81738340E-03     1.43097640E+00     1.20728700E-04     1.36060000E-06     6.08419360E-03     2.04090000E-06     4.00000000E-10     1.72570000E-06     6.00000000E-10
    3.08750000E+04     3.40000000E+01     6.91913540E-03     1.43097640E+00     1.20728700E-04     1.48710000E-06     6.36077580E-03     2.23060000E-06     4.00000000E-10     1.75150000E-06     6.00000000E-10
    3.08750000E+04     3.45000000E+01     7.02088740E-03     1.43097640E+00     1.20728700E-04     1.62320000E-06     6.64561900E-03     2.43480000E-06     4.00000000E-10     1.77720000E-06     7.00000000E-10
    3.08750000E+04     3.50000000E+01     7.12263940E-03     1.43097640E+00     1.20728700E-04     1.76960000E-06     6.93884650E-03     2.65430000E-06     5.00000000E-10     1.80300000E-06     7.00000000E-10
    3.08750000E+04     3.55000000E+01     7.22439140E-03     1.43097640E+00     1.20728700E-04     1.92680000E-06     7.24057930E-03     2.89010000E-06     5.00000000E-10     1.82880000E-06     7.00000000E-10
    3.08750000E+04     3.60000000E+01     7.32614340E-03     1.43097640E+00     1.20728700E-04     2.09550000E-06     7.55094040E-03     3.14310000E-06     5.00000000E-10     1.85460000E-06     8.00000000E-10
    3.08750000E+04     3.65000000E+01     7.42789540E-03     1.43097640E+00     1.20728700E-04     2.27630000E-06     7.87005110E-03     3.41430000E-06     5.00000000E-10     1.88040000E-06     8.00000000E-10
    3.08750000E+04     3.70000000E+01     7.52964740E-03     1.43097640E+00     1.20728700E-04     2.46990000E-06     8.19803360E-03     3.70470000E-06     6.00000000E-10     1.90610000E-06     9.00000000E-10
    3.08750000E+04     3.75000000E+01     7.63139940E-03     1.43097640E+00     1.20728700E-04     2.67700000E-06     8.53500950E-03     4.01540000E-06     6.00000000E-10     1.93190000E-06     9.00000000E-10
    3.08750000E+04     3.80000000E+01     7.73315140E-03     1.43097640E+00     1.20728700E-04     2.89840000E-06     8.88110140E-03     4.34760000E-06     6.00000000E-10     1.95770000E-06     1.00000000E-09
    3.08750000E+04     3.85000000E+01     7.83490340E-03     1.43097640E+00     1.20728700E-04     3.13490000E-06     9.23643240E-03     4.70230000E-06     7.00000000E-10     1.98350000E-06     1.00000000E-09
    3.08750000E+04     3.90000000E+01     7.93665530E-03     1.43097640E+00     1.20728700E-04     3.38730000E-06     9.60112340E-03     5.08080000E-06     7.00000000E-10     2.00930000E-06     1.10000000E-09
    3.08750000E+04     3.95000000E+01     8.03840730E-03     1.43097640E+00     1.20728700E-04     3.65630000E-06     9.97529690E-03     5.48430000E-06     7.00000000E-10     2.03510000E-06     1.10000000E-09
    3.08750000E+04     4.00000000E+01     8.14015930E-03     1.43097640E+00     1.20728700E-04     3.94300000E-06     1.03590750E-02     5.91430000E-06     8.00000000E-10     2.06090000E-06     1.20000000E-09
    3.08750000E+04     4.05000000E+01     8.24191130E-03     1.43097640E+00     1.20728700E-04     4.24810000E-06     1.07525810E-02     6.37190000E-06     8.00000000E-10     2.08670000E-06     1.20000000E-09
    3.08750000E+04     4.10000000E+01     8.34366330E-03     1.43097640E+00     1.20728700E-04     4.57260000E-06     1.11559350E-02     6.85870000E-06     9.00000000E-10     2.11250000E-06     1.30000000E-09
    3.08750000E+04     4.15000000E+01     8.44541530E-03     1.43097640E+00     1.20728700E-04     4.91760000E-06     1.15692620E-02     7.37610000E-06     9.00000000E-10     2.13830000E-06     1.40000000E-09
    3.08750000E+04     4.20000000E+01     8.54716730E-03     1.43097640E+00     1.20728700E-04     5.28400000E-06     1.19926830E-02     7.92570000E-06     1.00000000E-09     2.16410000E-06     1.40000000E-09
    3.08750000E+04     4.25000000E+01     8.64891930E-03     1.43097640E+00     1.20728700E-04     5.67280000E-06     1.24263210E-02     8.50890000E-06     1.00000000E-09     2.18990000E-06     1.50000000E-09
    3.08750000E+04     4.30000000E+01     8.75067130E-03     1.43097640E+00     1.20728700E-04     6.08520000E-06     1.28702970E-02     9.12750000E-06     1.00000000E-09     2.21570000E-06     1.60000000E-09
    3.08750000E+04     4.35000000E+01     8.85242330E-03     1.43097640E+00     1.20728700E-04     6.52230000E-06     1.33247370E-02     9.78310000E-06     1.10000000E-09     2.24150000E-06     1.60000000E-09
    3.08750000E+04     4.40000000E+01     8.95417530E-03     1.43097640E+00     1.20728700E-04     6.98520000E-06     1.37897590E-02     1.04774000E-05     1.10000000E-09     2.26730000E-06     1.70000000E-09
    3.08750000E+04     4.45000000E+01     9.05592730E-03     1.43097640E+00     1.20728700E-04     7.47520000E-06     1.42654890E-02     1.12124000E-05     1.20000000E-09     2.29310000E-06     1.80000000E-09
    3.08750000E+04     4.50000000E+01     9.15767920E-03     1.43097640E+00     1.20728700E-04     7.99350000E-06     1.47520480E-02     1.19898000E-05     1.30000000E-09     2.31890000E-06     1.90000000E-09
    3.08750000E+04     4.55000000E+01     9.25943120E-03     1.43097640E+00     1.20728700E-04     8.54150000E-06     1.52495590E-02     1.28117000E-05     1.30000000E-09     2.34470000E-06     2.00000000E-09
    3.08750000E+04     4.60000000E+01     9.36118320E-03     1.43097640E+00     1.20728700E-04     9.12030000E-06     1.57581460E-02     1.36800000E-05     1.40000000E-09     2.37050000E-06     2.10000000E-09
    3.08750000E+04     4.65000000E+01     9.46293520E-03     1.43097640E+00     1.20728700E-04     9.73150000E-06     1.62779290E-02     1.45967000E-05     1.40000000E-09     2.39630000E-06     2.10000000E-09
    3.08750000E+04     4.70000000E+01     9.56468720E-03     1.43097640E+00     1.20728700E-04     1.03765000E-05     1.68090340E-02     1.55641000E-05     1.50000000E-09     2.42210000E-06     2.20000000E-09
    3.08750000E+04     4.75000000E+01     9.66643920E-03     1.43097640E+00     1.20728700E-04     1.10567000E-05     1.73515810E-02     1.65843000E-05     1.60000000E-09     2.44790000E-06     2.30000000E-09
    3.08750000E+04     4.80000000E+01     9.76819120E-03     1.43097640E+00     1.20728700E-04     1.17737000E-05     1.79056950E-02     1.76597000E-05     1.60000000E-09     2.47380000E-06     2.40000000E-09
    3.08750000E+04     4.85000000E+01     9.86994320E-03     1.43097640E+00     1.20728700E-04     1.25289000E-05     1.84714990E-02     1.87926000E-05     1.70000000E-09     2.49960000E-06     2.50000000E-09
    3.08750000E+04     4.90000000E+01     9.97169520E-03     1.43097640E+00     1.20728700E-04     1.33242000E-05     1.90491150E-02     1.99854000E-05     1.80000000E-09     2.52540000E-06     2.60000000E-09
    3.08750000E+04     4.95000000E+01     1.00734470E-02     1.43097640E+00     1.20728700E-04     1.41611000E-05     1.96386660E-02     2.12406000E-05     1.80000000E-09     2.55120000E-06     2.80000000E-09
    3.08750000E+04     5.10000000E+01     1.03787030E-02     1.43097640E+00     1.20728700E-04     1.69878000E-05     2.14925910E-02     2.54804000E-05     2.10000000E-09     2.62870000E-06     3.10000000E-09
    3.08750000E+04     5.35000000E+01     1.08874630E-02     1.43097640E+00     1.20728700E-04     2.26320000E-05     2.48125806E-02     3.39462000E-05     2.50000000E-09     2.75800000E-06     3.80000000E-09
    3.08750000E+04     5.60000000E+01     1.13962230E-02     1.43097640E+00     1.20728700E-04     2.97598000E-05     2.84587158E-02     4.46371000E-05     3.00000000E-09     2.88720000E-06     4.50000000E-09
    3.08750000E+04     5.85000000E+01     1.19049830E-02     1.43097640E+00     1.20728700E-04     3.86679000E-05     3.24464676E-02     5.79981000E-05     3.60000000E-09     3.01660000E-06     5.40000000E-09
    3.08750000E+04     6.10000000E+01     1.24137430E-02     1.43097640E+00     1.20728700E-04     4.96956000E-05     3.67913574E-02     7.45382000E-05     4.20000000E-09     3.14600000E-06     6.40000000E-09
    3.08750000E+04     6.35000000E+01     1.29225030E-02     1.43097640E+00     1.20728700E-04     6.32287000E-05     4.15089478E-02     9.48357000E-05     5.00000000E-09     3.27550000E-06     7.50000000E-09
    3.08750000E+04     6.60000000E+01     1.34312630E-02     1.43097640E+00     1.20728700E-04     7.97032000E-05     4.66148554E-02     1.19544800E-04     5.80000000E-09     3.40520000E-06     8.70000000E-09
    3.08750000E+04     6.85000000E+01     1.39400230E-02     1.43097640E+00     1.20728700E-04     9.96098000E-05     5.21247522E-02     1.49401300E-04     6.80000000E-09     3.53490000E-06     1.01000000E-08
    3.08750000E+04     7.10000000E+01     1.44487830E-02     1.43097640E+00     1.20728700E-04     1.23498200E-04     5.80543694E-02     1.85229500E-04     7.80000000E-09     3.66470000E-06     1.17000000E-08
    3.08750000E+04     7.35000000E+01     1.49575430E-02     1.43097640E+00     1.20728700E-04     1.51981800E-04     6.44195028E-02     2.27949200E-04     8.90000000E-09     3.79460000E-06     1.34000000E-08
    3.08750000E+04     7.60000000E+01     1.54663030E-02     1.43097640E+00     1.20728700E-04     1.85742100E-04     7.12360206E-02     2.78582400E-04     1.02000000E-08     3.92470000E-06     1.53000000E-08
    3.08750000E+04     7.85000000E+01     1.59750630E-02     1.43097640E+00     1.20728700E-04     2.25533700E-04     7.85198598E-02     3.38260800E-04     1.16000000E-08     4.05490000E-06     1.75000000E-08
    3.08750000E+04     8.10000000E+01     1.64838230E-02     1.43097640E+00     1.20728700E-04     2.72189700E-04     8.62870406E-02     4.08233400E-04     1.32000000E-08     4.18530000E-06     1.98000000E-08
    3.08750000E+04     8.35000000E+01     1.69925830E-02     1.43097640E+00     1.20728700E-04     3.26626300E-04     9.45536680E-02     4.89874400E-04     1.49000000E-08     4.31580000E-06     2.24000000E-08
    3.08750000E+04     8.60000000E+01     1.75013430E-02     1.43097640E+00     1.20728700E-04     3.89849000E-04     1.03335935E-01     5.84691000E-04     1.68000000E-08     4.44650000E-06     2.51000000E-08
    3.08750000E+04     8.85000000E+01     1.80101028E-02     1.43097640E+00     1.20728700E-04     4.62957300E-04     1.12650134E-01     6.94332300E-04     1.88000000E-08     4.57730000E-06     2.82000000E-08
    3.08750000E+04     9.10000000E+01     1.85188620E-02     1.43097640E+00     1.20728700E-04     5.47151100E-04     1.22512650E-01     8.20597000E-04     2.10000000E-08     4.70840000E-06     3.15000000E-08
    3.08750000E+04     9.35000000E+01     1.90276220E-02     1.43097640E+00     1.20728700E-04     6.43736200E-04     1.32939988E-01     9.65443400E-04     2.34000000E-08     4.83960000E-06     3.51000000E-08
    3.08750000E+04     9.60000000E+01     1.95363820E-02     1.43097640E+00     1.20728700E-04     7.54130800E-04     1.43948758E-01     1.13099750E-03     2.60000000E-08     4.97100000E-06     3.90000000E-08
    3.08750000E+04     9.85000000E+01     2.00451420E-02     1.43097640E+00     1.20728700E-04     8.79871100E-04     1.55555688E-01     1.31956260E-03     2.89000000E-08     5.10260000E-06     4.33000000E-08
    3.08750000E+04     1.01000000E+02     2.05539020E-02     1.43097640E+00     1.20728700E-04     1.02261850E-03     1.67777642E-01     1.53362950E-03     3.19000000E-08     5.23450000E-06     4.78000000E-08
    3.08750000E+04     1.03500000E+02     2.10626620E-02     1.43097640E+00     1.20728700E-04     1.18416550E-03     1.80631610E-01     1.77588560E-03     3.52000000E-08     5.36660000E-06     5.27000000E-08
    3.08750000E+04     1.06000000E+02     2.15714220E-02     1.43097640E+00     1.20728700E-04     1.36644280E-03     1.94134722E-01     2.04922520E-03     3.87000000E-08     5.49900000E-06     5.80000000E-08
    3.08750000E+04     1.08500000E+02     2.20801820E-02     1.43097640E+00     1.20728700E-04     1.57152630E-03     2.08304260E-01     2.35676050E-03     4.25000000E-08     5.63160000E-06     6.37000000E-08
    3.08750000E+04     1.11000000E+02     2.25889420E-02     1.43097640E+00     1.20728700E-04     1.80164370E-03     2.23157646E-01     2.70183090E-03     4.65000000E-08     5.76450000E-06     6.98000000E-08
    3.08750000E+04     1.13500000E+02     2.30977020E-02     1.43097640E+00     1.20728700E-04     2.05918240E-03     2.38712476E-01     3.08801530E-03     5.09000000E-08     5.89770000E-06     7.63000000E-08
    3.08750000E+04     1.16000000E+02     2.36064620E-02     1.43097640E+00     1.20728700E-04     2.34669670E-03     2.54986518E-01     3.51914230E-03     5.55000000E-08     6.03120000E-06     8.32000000E-08
    3.08750000E+04     1.18500000E+02     2.41152220E-02     1.43097640E+00     1.20728700E-04     2.66691490E-03     2.71997696E-01     3.99930190E-03     6.04000000E-08     6.16500000E-06     9.06000000E-08
    3.08750000E+04     1.21000000E+02     2.46239820E-02     1.43097640E+00     1.20728700E-04     3.02274810E-03     2.89764144E-01     4.53285710E-03     6.57000000E-08     6.29910000E-06     9.85000000E-08
    3.08750000E+04     1.23500000E+02     2.51327420E-02     1.43097640E+00     1.20728700E-04     3.41729710E-03     3.08304170E-01     5.12445580E-03     7.13000000E-08     6.43360000E-06     1.06900000E-07
    3.08750000E+04     1.26000000E+02     2.56415020E-02     1.43097640E+00     1.20728700E-04     3.85386080E-03     3.27636278E-01     5.77904240E-03     7.72000000E-08     6.56840000E-06     1.15800000E-07
    3.08750000E+04     1.28500000E+02     2.61502620E-02     1.43097640E+00     1.20728700E-04     4.33594510E-03     3.47779200E-01     6.50187110E-03     8.36000000E-08     6.70360000E-06     1.25300000E-07
    3.08750000E+04     1.31000000E+02     2.66590220E-02     1.43097640E+00     1.20728700E-04     4.86727080E-03     3.68751878E-01     7.29851870E-03     9.03000000E-08     6.83920000E-06     1.35300000E-07
    3.08750000E+04     1.33500000E+02     2.71677820E-02     1.43097640E+00     1.20728700E-04     5.45178140E-03     3.90573458E-01     8.17489500E-03     9.73000000E-08     6.97510000E-06     1.46000000E-07
    3.08750000E+04     1.36000000E+02     2.76765420E-02     1.43097640E+00     1.20728700E-04     6.09365400E-03     4.13263348E-01     9.13725960E-03     1.04800000E-07     7.11150000E-06     1.57200000E-07
    3.08750000E+04     1.38500000E+02     2.81853020E-02     1.43097640E+00     1.20728700E-04     6.79730660E-03     4.36841202E-01     1.01922334E-02     1.12800000E-07     7.24830000E-06     1.69100000E-07
    3.08750000E+04     1.41000000E+02     2.86940620E-02     1.43097640E+00     1.20728700E-04     7.56740740E-03     4.61326904E-01     1.13468112E-02     1.21100000E-07     7.38560000E-06     1.81600000E-07
    3.08750000E+04     1.43500000E+02     2.92028220E-02     1.43097640E+00     1.20728700E-04     8.40888430E-03     4.86740606E-01     1.26083776E-02     1.30000000E-07     7.52330000E-06     1.94900000E-07
    3.08750000E+04     1.46000000E+02     2.97115820E-02     1.43097640E+00     1.20728700E-04     9.32693430E-03     5.13102738E-01     1.39847196E-02     1.39200000E-07     7.66160000E-06     2.08800000E-07
    3.08750000E+04     1.48500000E+02     3.02203418E-02     1.43097640E+00     1.20728700E-04     1.03270339E-02     5.40434014E-01     1.54840424E-02     1.49000000E-07     7.80030000E-06     2.23500000E-07
    3.08750000E+04     1.51000000E+02     3.07291010E-02     1.43097640E+00     1.20728700E-04     1.14149458E-02     5.68755388E-01     1.71149806E-02     1.59300000E-07     7.93950000E-06     2.38900000E-07
    3.08750000E+04     1.53500000E+02     3.12378610E-02     1.43097640E+00     1.20728700E-04     1.25967372E-02     5.98088252E-01     1.88866232E-02     1.70100000E-07     8.07920000E-06     2.55100000E-07
    3.08750000E+04     1.56000000E+02     3.17466210E-02     1.43097640E+00     1.20728700E-04     1.38787764E-02     6.28454138E-01     2.08085120E-02     1.81500000E-07     8.21950000E-06     2.72100000E-07
    3.08750000E+04     1.58500000E+02     3.22553810E-02     1.43097640E+00     1.20728700E-04     1.52677554E-02     6.59875012E-01     2.28906718E-02     1.93400000E-07     8.36040000E-06     2.90000000E-07
    3.08750000E+04     1.61000000E+02     3.27641410E-02     1.43097640E+00     1.20728700E-04     1.67706950E-02     6.92373134E-01     2.51436198E-02     2.05900000E-07     8.50180000E-06     3.08700000E-07
    3.08750000E+04     1.63500000E+02     3.32729010E-02     1.43097640E+00     1.20728700E-04     1.83949554E-02     7.25971098E-01     2.75783806E-02     2.19000000E-07     8.64390000E-06     3.28300000E-07
    3.08750000E+04     1.66000000E+02     3.37816610E-02     1.43097640E+00     1.20728700E-04     2.01482476E-02     7.60691866E-01     3.02065056E-02     2.32700000E-07     8.78650000E-06     3.48900000E-07
    3.08750000E+04     1.68500000E+02     3.42904210E-02     1.43097640E+00     1.20728700E-04     2.20386452E-02     7.96558762E-01     3.30400872E-02     2.47000000E-07     8.92980000E-06     3.70400000E-07
    3.08750000E+04     1.71000000E+02     3.47991810E-02     1.43097640E+00     1.20728700E-04     2.40745972E-02     8.33595526E-01     3.60917790E-02     2.62000000E-07     9.07380000E-06     3.92800000E-07
    3.08750000E+04     1.73500000E+02     3.53079410E-02     1.43097640E+00     1.20728700E-04     2.62649310E-02     8.71826188E-01     3.93748036E-02     2.77700000E-07     9.21850000E-06     4.16300000E-07
    3.08750000E+04     1.76000000E+02     3.58167010E-02     1.43097640E+00     1.20728700E-04     2.86188752E-02     9.11275268E-01     4.29029812E-02     2.94000000E-07     9.36380000E-06     4.40800000E-07
    3.08750000E+04     1.78500000E+02     3.63254610E-02     1.43097640E+00     1.20728700E-04     3.11460644E-02     9.51967652E-01     4.66907394E-02     3.11100000E-07     9.50990000E-06     4.66400000E-07
    3.08750000E+04     1.81000000E+02     3.68342210E-02     1.43097640E+00     1.20728700E-04     3.38565516E-02     9.93928650E-01     5.07531332E-02     3.28900000E-07     9.65670000E-06     4.93100000E-07
    3.08750000E+04     1.83500000E+02     3.73429810E-02     1.43097640E+00     1.20728700E-04     3.67608234E-02     1.03718402E+00     5.51058654E-02     3.47500000E-07     9.80420000E-06     5.20900000E-07
    3.08750000E+04     1.86000000E+02     3.78517410E-02     1.43097640E+00     1.20728700E-04     3.98698064E-02     1.08176000E+00     5.97652970E-02     3.66800000E-07     9.95260000E-06     5.49800000E-07
    3.08750000E+04     1.88500000E+02     3.83605010E-02     1.43097640E+00     1.20728700E-04     4.31948862E-02     1.12768314E+00     6.47484746E-02     3.86900000E-07     1.01017000E-05     5.80000000E-07
    3.08750000E+04     1.91000000E+02     3.88692610E-02     1.43097640E+00     1.20728700E-04     4.67479154E-02     1.17498068E+00     7.00731444E-02     4.07800000E-07     1.02517000E-05     6.11300000E-07
    3.08750000E+04     1.93500000E+02     3.93780210E-02     1.43097640E+00     1.20728700E-04     5.05412314E-02     1.22368022E+00     7.57577766E-02     4.29600000E-07     1.04025000E-05     6.44000000E-07
    3.08750000E+04     1.96000000E+02     3.98867810E-02     1.43097640E+00     1.20728700E-04     5.45876596E-02     1.27380980E+00     8.18215724E-02     4.52300000E-07     1.05542000E-05     6.77900000E-07
    3.08750000E+04     1.98500000E+02     4.03955410E-02     1.43097640E+00     1.20728700E-04     5.89005344E-02     1.32539810E+00     8.82844912E-02     4.75800000E-07     1.07067000E-05     7.13100000E-07
    3.08750000E+04     2.01000000E+02     4.09043010E-02     1.43097640E+00     1.20728700E-04     6.34937114E-02     1.37847420E+00     9.51672750E-02     5.00200000E-07     1.08602000E-05     7.49700000E-07
    3.08750000E+04     2.03500000E+02     4.14130610E-02     1.43097640E+00     1.20728700E-04     6.83815818E-02     1.43306790E+00     1.02491465E-01     5.25500000E-07     1.10147000E-05     7.87700000E-07
    3.08750000E+04     2.06000000E+02     4.19218210E-02     1.43097640E+00     1.20728700E-04     7.35790770E-02     1.48920928E+00     1.10279404E-01     5.51900000E-07     1.11700000E-05     8.27100000E-07
    3.08750000E+04     2.08500000E+02     4.24305806E-02     1.43097640E+00     1.20728700E-04     7.91016962E-02     1.54692920E+00     1.18554296E-01     5.79100000E-07     1.13264000E-05     8.68000000E-07
    3.08750000E+04     2.11000000E+02     4.29393400E-02     1.43097640E+00     1.20728700E-04     8.49655110E-02     1.60625908E+00     1.27340192E-01     6.07400000E-07     1.14838000E-05     9.10300000E-07
    3.08750000E+04     2.13500000E+02     4.34481000E-02     1.43097640E+00     1.20728700E-04     9.11871744E-02     1.66723074E+00     1.36662008E-01     6.36700000E-07     1.16422000E-05     9.54200000E-07
    3.08750000E+04     2.16000000E+02     4.39568600E-02     1.43097640E+00     1.20728700E-04     9.77839562E-02     1.72987690E+00     1.46545594E-01     6.67100000E-07     1.18016000E-05     9.99700000E-07
    3.08750000E+04     2.18500000E+02     4.44656200E-02     1.43097640E+00     1.20728700E-04     1.04773744E-01     1.79423074E+00     1.57017702E-01     6.98500000E-07     1.19622000E-05     1.04680000E-06
    3.08750000E+04     2.21000000E+02     4.49743800E-02     1.43097640E+00     1.20728700E-04     1.12175028E-01     1.86032600E+00     1.68106020E-01     7.31000000E-07     1.21238000E-05     1.09550000E-06
    3.08750000E+04     2.23500000E+02     4.54831400E-02     1.43097640E+00     1.20728700E-04     1.20006980E-01     1.92819720E+00     1.79839210E-01     7.64600000E-07     1.22866000E-05     1.14590000E-06
    3.08750000E+04     2.26000000E+02     4.59919000E-02     1.43097640E+00     1.20728700E-04     1.28289406E-01     1.99787940E+00     1.92246920E-01     7.99400000E-07     1.24505000E-05     1.19800000E-06
    3.08750000E+04     2.28500000E+02     4.65006600E-02     1.43097640E+00     1.20728700E-04     1.37042826E-01     2.06940854E+00     2.05359822E-01     8.35400000E-07     1.26157000E-05     1.25190000E-06
    3.08750000E+04     2.31000000E+02     4.70094200E-02     1.43097640E+00     1.20728700E-04     1.46288400E-01     2.14282100E+00     2.19209592E-01     8.72600000E-07     1.27820000E-05     1.30750000E-06
    3.08750000E+04     2.33500000E+02     4.75181800E-02     1.43097640E+00     1.20728700E-04     1.56048032E-01     2.21815414E+00     2.33828992E-01     9.11000000E-07     1.29495000E-05     1.36500000E-06
    3.08750000E+04     2.36000000E+02     4.80269400E-02     1.43097640E+00     1.20728700E-04     1.66344344E-01     2.29544582E+00     2.49251852E-01     9.50600000E-07     1.31184000E-05     1.42440000E-06
    3.08750000E+04     2.38500000E+02     4.85357000E-02     1.43097640E+00     1.20728700E-04     1.77200684E-01     2.37473478E+00     2.65513084E-01     9.91500000E-07     1.32885000E-05     1.48570000E-06
    3.08750000E+04     2.41000000E+02     4.90444600E-02     1.43097640E+00     1.20728700E-04     1.88641152E-01     2.45606036E+00     2.82648738E-01     1.03380000E-06     1.34599000E-05     1.54890000E-06
    3.08750000E+04     2.43500000E+02     4.95532200E-02     1.43097640E+00     1.20728700E-04     2.00690664E-01     2.53946308E+00     3.00696078E-01     1.07730000E-06     1.36327000E-05     1.61420000E-06
    3.08750000E+04     2.46000000E+02     5.00619800E-02     1.43097640E+00     1.20728700E-04     2.13374828E-01     2.62498352E+00     3.19693380E-01     1.12230000E-06     1.38068000E-05     1.68140000E-06
    3.08750000E+04     2.48500000E+02     5.05707400E-02     1.43097640E+00     1.20728700E-04     2.26720150E-01     2.71266378E+00     3.39680294E-01     1.16860000E-06     1.39824000E-05     1.75080000E-06
    3.08750000E+04     2.52250000E+02     5.13338800E-02     1.43097640E+00     1.20728700E-04     2.48129079E-01     2.84861079E+00     3.71742477E-01     1.24090000E-06     1.42486000E-05     1.85910000E-06
    3.08750000E+04     2.57250000E+02     5.23514000E-02     1.43097640E+00     1.20728700E-04     2.79135715E-01     3.03747094E+00     4.18175757E-01     1.34220000E-06     1.46084000E-05     2.01080000E-06
    3.08750000E+04     2.62250000E+02     5.33689200E-02     1.43097640E+00     1.20728700E-04     3.13306250E-01     3.23576600E+00     4.69343713E-01     1.44970000E-06     1.49744000E-05     2.17170000E-06
    3.08750000E+04     2.67250000E+02     5.43864397E-02     1.43097640E+00     1.20728700E-04     3.50893849E-01     3.44387198E+00     5.25624732E-01     1.56340000E-06     1.53467000E-05     2.34200000E-06
    3.08750000E+04     2.72250000E+02     5.54039590E-02     1.43097640E+00     1.20728700E-04     3.92166618E-01     3.66218020E+00     5.87419467E-01     1.68370000E-06     1.57257000E-05     2.52210000E-06
    3.08750000E+04     2.77250000E+02     5.64214790E-02     1.43097640E+00     1.20728700E-04     4.37408089E-01     3.89109722E+00     6.55151563E-01     1.81090000E-06     1.61115000E-05     2.71230000E-06
    3.08750000E+04     2.82250000E+02     5.74389990E-02     1.43097640E+00     1.20728700E-04     4.86917883E-01     4.13104586E+00     7.29268649E-01     1.94510000E-06     1.65044000E-05     2.91320000E-06
    3.08750000E+04     2.87250000E+02     5.84565190E-02     1.43097640E+00     1.20728700E-04     5.41012275E-01     4.38246565E+00     8.10243159E-01     2.08660000E-06     1.69047000E-05     3.12500000E-06
    3.08750000E+04     2.92250000E+02     5.94740390E-02     1.43097640E+00     1.20728700E-04     6.00024792E-01     4.64581347E+00     8.98573215E-01     2.23570000E-06     1.73126000E-05     3.34810000E-06
    3.08750000E+04     2.97250000E+02     6.04915590E-02     1.43097640E+00     1.20728700E-04     6.64306839E-01     4.92156414E+00     9.94783566E-01     2.39270000E-06     1.77285000E-05     3.58300000E-06
    3.08750000E+04     3.02250000E+02     6.15090790E-02     1.43097640E+00     1.20728700E-04     7.34228329E-01     5.21021098E+00     1.09942652E+00     2.55780000E-06     1.81524000E-05     3.83000000E-06
    3.08750000E+04     3.07250000E+02     6.25265990E-02     1.43097640E+00     1.20728700E-04     8.10178298E-01     5.51226652E+00     1.21308282E+00     2.73130000E-06     1.85849000E-05     4.08950000E-06
    3.08750000E+04     3.12250000E+02     6.35441190E-02     1.43097640E+00     1.20728700E-04     8.92565650E-01     5.82826340E+00     1.33636280E+00     2.91340000E-06     1.90260000E-05     4.36200000E-06
    3.08750000E+04     3.17250000E+02     6.45616390E-02     1.43097640E+00     1.20728700E-04     9.81819647E-01     6.15875449E+00     1.46990705E+00     3.10450000E-06     1.94762000E-05     4.64790000E-06
    3.08750000E+04     3.22250000E+02     6.55791590E-02     1.43097640E+00     1.20728700E-04     1.07839074E+00     6.50431408E+00     1.61438768E+00     3.30490000E-06     1.99357000E-05     4.94760000E-06
    3.08750000E+04     3.27250000E+02     6.65966786E-02     1.43097640E+00     1.20728700E-04     1.18275110E+00     6.86553789E+00     1.77050914E+00     3.51490000E-06     2.04048000E-05     5.26160000E-06
    3.08750000E+04     3.32250000E+02     6.76141980E-02     1.43097640E+00     1.20728700E-04     1.29539558E+00     7.24304511E+00     1.93900947E+00     3.73460000E-06     2.08837000E-05     5.59020000E-06
    3.08750000E+04     3.37250000E+02     6.86317180E-02     1.43097640E+00     1.20728700E-04     1.41684205E+00     7.63747748E+00     2.12066097E+00     3.96460000E-06     2.13729000E-05     5.93400000E-06
    3.08750000E+04     3.42250000E+02     6.96492380E-02     1.43097640E+00     1.20728700E-04     1.54763235E+00     8.04950075E+00     2.31627160E+00     4.20500000E-06     2.18726000E-05     6.29340000E-06
    3.08750000E+04     3.47250000E+02     7.06667580E-02     1.43097640E+00     1.20728700E-04     1.68833309E+00     8.47980585E+00     2.52668603E+00     4.45610000E-06     2.23831000E-05     6.66880000E-06
    3.08750000E+04     3.52250000E+02     7.16842780E-02     1.43097640E+00     1.20728700E-04     1.83953608E+00     8.92910887E+00     2.75278635E+00     4.71840000E-06     2.29048000E-05     7.06080000E-06
    3.08750000E+04     3.57250000E+02     7.27017980E-02     1.43097640E+00     1.20728700E-04     2.00185925E+00     9.39815182E+00     2.99549344E+00     4.99200000E-06     2.34379000E-05     7.46980000E-06
    3.08750000E+04     3.62250000E+02     7.37193180E-02     1.43097640E+00     1.20728700E-04     2.17594765E+00     9.88770435E+00     3.25576835E+00     5.27740000E-06     2.39828000E-05     7.89630000E-06
    3.08750000E+04     3.67250000E+02     7.47368380E-02     1.43097640E+00     1.20728700E-04     2.36247371E+00     1.03985636E+01     3.53461278E+00     5.57490000E-06     2.45398000E-05     8.34080000E-06
    3.08750000E+04     3.72250000E+02     7.57543580E-02     1.43097640E+00     1.20728700E-04     2.56213859E+00     1.09315549E+01     3.83307105E+00     5.88470000E-06     2.51093000E-05     8.80380000E-06
    3.08750000E+04     3.77250000E+02     7.67718780E-02     1.43097640E+00     1.20728700E-04     2.77567221E+00     1.14875329E+01     4.15223003E+00     6.20730000E-06     2.56916000E-05     9.28570000E-06
    3.08750000E+04     3.82250000E+02     7.77893980E-02     1.43097640E+00     1.20728700E-04     3.00383516E+00     1.20673830E+01     4.49322211E+00     6.54300000E-06     2.62870000E-05     9.78720000E-06
    3.08750000E+04     3.87250000E+02     7.88069175E-02     1.43097640E+00     1.20728700E-04     3.24741818E+00     1.26720212E+01     4.85722424E+00     6.89210000E-06     2.68959000E-05     1.03086000E-05
    3.08750000E+04     3.92250000E+02     7.98244370E-02     1.43097640E+00     1.20728700E-04     3.50724425E+00     1.33023950E+01     5.24546123E+00     7.25500000E-06     2.75187000E-05     1.08506000E-05
    3.08750000E+04     3.97250000E+02     8.08419570E-02     1.43097640E+00     1.20728700E-04     3.78416845E+00     1.39594842E+01     5.65920531E+00     7.63210000E-06     2.81556000E-05     1.14137000E-05
    3.08750000E+04     4.02250000E+02     8.18594770E-02     1.43097640E+00     1.20728700E-04     4.07907945E+00     1.46443039E+01     6.09977841E+00     8.02360000E-06     2.88072000E-05     1.19984000E-05
    3.08750000E+04     4.07250000E+02     8.28769970E-02     1.43097640E+00     1.20728700E-04     4.39289978E+00     1.53579006E+01     6.56855258E+00     8.43010000E-06     2.94737000E-05     1.26052000E-05
    3.08750000E+04     4.12250000E+02     8.38945170E-02     1.43097640E+00     1.20728700E-04     4.72658765E+00     1.61013583E+01     7.06695257E+00     8.85170000E-06     3.01555000E-05     1.32347000E-05
    3.08750000E+04     4.17250000E+02     8.49120370E-02     1.43097640E+00     1.20728700E-04     5.08113654E+00     1.68757960E+01     7.59645536E+00     9.28910000E-06     3.08530000E-05     1.38874000E-05
    3.08750000E+04     4.22250000E+02     8.59295570E-02     1.43097640E+00     1.20728700E-04     5.45757714E+00     1.76823692E+01     8.15859270E+00     9.74240000E-06     3.15665000E-05     1.45640000E-05
    3.08750000E+04     4.27250000E+02     8.69470770E-02     1.43097640E+00     1.20728700E-04     5.85697774E+00     1.85222731E+01     8.75495209E+00     1.02121000E-05     3.22966000E-05     1.52650000E-05
    3.08750000E+04     4.32250000E+02     8.79645970E-02     1.43097640E+00     1.20728700E-04     6.28044532E+00     1.93967395E+01     9.38717807E+00     1.06986000E-05     3.30434000E-05     1.59909000E-05
    3.08750000E+04     4.37250000E+02     8.89821170E-02     1.43097640E+00     1.20728700E-04     6.72912635E+00     2.03070413E+01     1.00569735E+01     1.12023000E-05     3.38076000E-05     1.67423000E-05
    3.08750000E+04     4.42250000E+02     8.99996370E-02     1.43097640E+00     1.20728700E-04     7.20420802E+00     2.12544909E+01     1.07661011E+01     1.17236000E-05     3.45893000E-05     1.75199000E-05
    3.08750000E+04     4.47250000E+02     9.10171565E-02     1.43097640E+00     1.20728700E-04     7.70691843E+00     2.22404430E+01     1.15163842E+01     1.22628000E-05     3.53891000E-05     1.83242000E-05
    3.08750000E+04     4.52250000E+02     9.20346760E-02     1.43097640E+00     1.20728700E-04     8.23852836E+00     2.32662941E+01     1.23097088E+01     1.28204000E-05     3.62074000E-05     1.91558000E-05
    3.08750000E+04     4.57250000E+02     9.30521960E-02     1.43097640E+00     1.20728700E-04     8.80035221E+00     2.43334855E+01     1.31480257E+01     1.33969000E-05     3.70446000E-05     2.00154000E-05
    3.08750000E+04     4.62250000E+02     9.40697160E-02     1.43097640E+00     1.20728700E-04     9.39374882E+00     2.54435024E+01     1.40333499E+01     1.39926000E-05     3.79011000E-05     2.09035000E-05
    3.08750000E+04     4.67250000E+02     9.50872360E-02     1.43097640E+00     1.20728700E-04     1.00201213E+01     2.65978736E+01     1.49677634E+01     1.46079000E-05     3.87772000E-05     2.18208000E-05
    3.08750000E+04     4.72250000E+02     9.61047560E-02     1.43097640E+00     1.20728700E-04     1.06809199E+01     2.77981761E+01     1.59534158E+01     1.52433000E-05     3.96736000E-05     2.27679000E-05
    3.08750000E+04     4.77250000E+02     9.71222760E-02     1.43097640E+00     1.20728700E-04     1.13776421E+01     2.90460354E+01     1.69925277E+01     1.58992000E-05     4.05905000E-05     2.37455000E-05
    3.08750000E+04     4.82250000E+02     9.81397960E-02     1.43097640E+00     1.20728700E-04     1.21118337E+01     3.03431217E+01     1.80873893E+01     1.65760000E-05     4.15284000E-05     2.47541000E-05
    3.08750000E+04     4.87250000E+02     9.91573160E-02     1.43097640E+00     1.20728700E-04     1.28850902E+01     3.16911600E+01     1.92403648E+01     1.72743000E-05     4.24878000E-05     2.57944000E-05
    3.08750000E+04     4.92250000E+02     1.00174836E-01     1.43097640E+00     1.20728700E-04     1.36990563E+01     3.30919215E+01     2.04538906E+01     1.79943000E-05     4.34691000E-05     2.68671000E-05
    3.08750000E+04     4.97250000E+02     1.01192356E-01     1.43097640E+00     1.20728700E-04     1.45554289E+01     3.45472279E+01     2.17304797E+01     1.87367000E-05     4.44727000E-05     2.79729000E-05
    3.08750000E+04     5.12250000E+02     1.04244916E-01     1.43097640E+00     1.20728700E-04     1.74464956E+01     3.93218645E+01     2.60388452E+01     2.11261000E-05     4.76466000E-05     3.15308000E-05
    3.08750000E+04     5.37250000E+02     1.09332515E-01     1.43097640E+00     1.20728700E-04     2.32147119E+01     4.84636292E+01     3.46305577E+01     2.55597000E-05     5.33891000E-05     3.81289000E-05
    3.08750000E+04     5.62250000E+02     1.14420114E-01     1.43097640E+00     1.20728700E-04     3.04919583E+01     5.94466912E+01     4.54625506E+01     3.06573000E-05     5.97976000E-05     4.57092000E-05
    3.08750000E+04     5.87250000E+02     1.19507714E-01     1.43097640E+00     1.20728700E-04     3.95788643E+01     7.25877656E+01     5.89784990E+01     3.64819000E-05     6.69354000E-05     5.43638000E-05
    3.08750000E+04     6.12250000E+02     1.24595314E-01     1.43097640E+00     1.20728700E-04     5.08189172E+01     8.82465096E+01     7.56845644E+01     4.30998000E-05     7.48687000E-05     6.41888000E-05
    3.08750000E+04     6.37250000E+02     1.29682914E-01     1.43097640E+00     1.20728700E-04     6.46023525E+01     1.06829420E+02     9.61548890E+01     5.05799000E-05     8.36665000E-05     7.52840000E-05
    3.08750000E+04     6.62250000E+02     1.34770512E-01     1.43097640E+00     1.20728700E-04     8.13702218E+01     1.28793897E+02     1.21037312E+02     5.89940000E-05     9.34009000E-05     8.77533000E-05
    3.08750000E+04     6.87250000E+02     1.39858112E-01     1.43097640E+00     1.20728700E-04     1.01618621E+02     1.54652479E+02     1.51059275E+02     6.84169000E-05     1.04146500E-04     1.01704300E-04
    3.08750000E+04     7.12250000E+02     1.44945712E-01     1.43097640E+00     1.20728700E-04     1.25903098E+02     1.84977264E+02     1.87033947E+02     7.89261000E-05     1.15981200E-04     1.17248300E-04
    3.08750000E+04     7.37250000E+02     1.50033312E-01     1.43097640E+00     1.20728700E-04     1.54843222E+02     2.20404473E+02     2.29866526E+02     9.06022000E-05     1.28985400E-04     1.34500500E-04
    3.08750000E+04     7.62250000E+02     1.55120912E-01     1.43097640E+00     1.20728700E-04     1.89127316E+02     2.61639169E+02     2.80560733E+02     1.03528400E-04     1.43242600E-04     1.53579700E-04
    3.08750000E+04     7.87250000E+02     1.60208510E-01     1.43097640E+00     1.20728700E-04     2.29517385E+02     3.09460227E+02     3.40225522E+02     1.17791000E-04     1.58839100E-04     1.74608400E-04
    3.08750000E+04     8.12250000E+02     1.65296110E-01     1.43097640E+00     1.20728700E-04     2.76854177E+02     3.64725379E+02     4.10081922E+02     1.33479200E-04     1.75864200E-04     1.97712800E-04
    3.08750000E+04     8.37250000E+02     1.70383710E-01     1.43097640E+00     1.20728700E-04     3.32062434E+02     4.28376451E+02     4.91470100E+02     1.50684800E-04     1.94409900E-04     2.23022400E-04
    3.08750000E+04     8.62250000E+02     1.75471310E-01     1.43097640E+00     1.20728700E-04     3.96156323E+02     5.01444831E+02     5.85856583E+02     1.69502700E-04     2.14571100E-04     2.50670500E-04
    3.08750000E+04     8.87250000E+02     1.80558910E-01     1.43097640E+00     1.20728700E-04     4.70244991E+02     5.85056985E+02     6.94841614E+02     1.90030700E-04     2.36445700E-04     2.80793600E-04
    3.08750000E+04     9.12250000E+02     1.85646508E-01     1.43097640E+00     1.20728700E-04     5.55538350E+02     6.80440311E+02     8.20166736E+02     2.12369400E-04     2.60134300E-04     3.13532000E-04
    3.08750000E+04     9.37250000E+02     1.90734108E-01     1.43097640E+00     1.20728700E-04     6.53352957E+02     7.88928953E+02     9.63722434E+02     2.36622200E-04     2.85740500E-04     3.49028900E-04
    3.08750000E+04     9.62250000E+02     1.95821708E-01     1.43097640E+00     1.20728700E-04     7.65118140E+02     9.11969944E+02     1.12755605E+03     2.62895500E-04     3.13370700E-04     3.87431100E-04
    3.08750000E+04     9.87250000E+02     2.00909308E-01     1.43097640E+00     1.20728700E-04     8.92382259E+02     1.05112954E+03     1.31387977E+03     2.91298400E-04     3.43134300E-04     4.28888600E-04
    3.08750000E+04     1.01225000E+03     2.05996907E-01     1.43097640E+00     1.20728700E-04     1.03681907E+03     1.20809950E+03     1.52507865E+03     3.21943000E-04     3.75143300E-04     4.73554500E-04
    3.08750000E+04     1.03725000E+03     2.11084506E-01     1.43097640E+00     1.20728700E-04     1.20023435E+03     1.38470373E+03     1.76371899E+03     3.54944300E-04     4.09512900E-04     5.21585200E-04
    3.08750000E+04     1.06225000E+03     2.16172106E-01     1.43097640E+00     1.20728700E-04     1.38457267E+03     1.58290509E+03     2.03255668E+03     3.90420000E-04     4.46360800E-04     5.73140000E-04
    3.08750000E+04     1.08725000E+03     2.21259706E-01     1.43097640E+00     1.20728700E-04     1.59192426E+03     1.80481227E+03     2.33454565E+03     4.28490900E-04     4.85807900E-04     6.28381300E-04
    3.08750000E+04     1.11225000E+03     2.26347306E-01     1.43097640E+00     1.20728700E-04     1.82453222E+03     2.05268699E+03     2.67284662E+03     4.69280300E-04     5.27977700E-04     6.87474500E-04
    3.08750000E+04     1.13725000E+03     2.31434905E-01     1.43097640E+00     1.20728700E-04     2.08479951E+03     2.32895092E+03     3.05083557E+03     5.12914800E-04     5.72996600E-04     7.50587700E-04
    3.08750000E+04     1.16225000E+03     2.36522504E-01     1.43097640E+00     1.20728700E-04     2.37529661E+03     2.63619342E+03     3.47211272E+03     5.59523400E-04     6.20994000E-04     8.17892000E-04
    3.08750000E+04     1.18725000E+03     2.41610104E-01     1.43097640E+00     1.20728700E-04     2.69876898E+03     2.97717913E+03     3.94051136E+03     6.09238200E-04     6.72102100E-04     8.89561000E-04
    3.08750000E+04     1.21225000E+03     2.46697704E-01     1.43097640E+00     1.20728700E-04     3.05814494E+03     3.35485558E+03     4.46010705E+03     6.62194200E-04     7.26455700E-04     9.65771300E-04
    3.08750000E+04     1.23725000E+03     2.51785304E-01     1.43097640E+00     1.20728700E-04     3.45654329E+03     3.77236085E+03     5.03522620E+03     7.18529000E-04     7.84192700E-04     1.04670190E-03
    3.08750000E+04     1.26225000E+03     2.56872902E-01     1.43097640E+00     1.20728700E-04     3.89728153E+03     4.23303228E+03     5.67045546E+03     7.78383200E-04     8.45453800E-04     1.13253430E-03
    3.08750000E+04     1.28725000E+03     2.61960502E-01     1.43097640E+00     1.20728700E-04     4.38388411E+03     4.74041372E+03     6.37065092E+03     8.41900200E-04     9.10382300E-04     1.22345240E-03
    3.08750000E+04     1.31225000E+03     2.67048102E-01     1.43097640E+00     1.20728700E-04     4.92009089E+03     5.29826527E+03     7.14094742E+03     9.09226200E-04     9.79124700E-04     1.31964280E-03
    3.08750000E+04     1.33725000E+03     2.72135702E-01     1.43097640E+00     1.20728700E-04     5.50986538E+03     5.91057049E+03     7.98676742E+03     9.80510200E-04     1.05183000E-03     1.42129400E-03
    3.08750000E+04     1.36225000E+03     2.77223302E-01     1.43097640E+00     1.20728700E-04     6.15740357E+03     6.58154538E+03     8.91383044E+03     1.05590410E-03     1.12865010E-03     1.52859690E-03
    3.08750000E+04     1.38725000E+03     2.82310900E-01     1.43097640E+00     1.20728700E-04     6.86714277E+03     7.31564830E+03     9.92816240E+03     1.13556240E-03     1.20973980E-03     1.64174440E-03
    3.08750000E+04     1.41225000E+03     2.87398500E-01     1.43097640E+00     1.20728700E-04     7.64377084E+03     8.11758695E+03     1.10361051E+04     1.21964270E-03     1.29525650E-03     1.76093170E-03
    3.08750000E+04     1.43725000E+03     2.92486100E-01     1.43097640E+00     1.20728700E-04     8.49223482E+03     8.99232999E+03     1.22443254E+04     1.30830500E-03     1.38536050E-03     1.88635580E-03
    3.08750000E+04     1.46225000E+03     2.97573700E-01     1.43097640E+00     1.20728700E-04     9.41775074E+03     9.94511421E+03     1.35598240E+04     1.40171240E-03     1.48021490E-03     2.01821540E-03
    3.08750000E+04     1.48725000E+03     3.02661299E-01     1.43097640E+00     1.20728700E-04     1.04258128E+04     1.09814550E+04     1.49899458E+04     1.50003060E-03     1.57998550E-03     2.15671120E-03
    3.08750000E+04     1.51225000E+03     3.07748898E-01     1.43097640E+00     1.20728700E-04     1.15222030E+04     1.21071556E+04     1.65423881E+04     1.60342810E-03     1.68484090E-03     2.30204560E-03
    3.08750000E+04     1.53725000E+03     3.12836498E-01     1.43097640E+00     1.20728700E-04     1.27130005E+04     1.33283173E+04     1.82252103E+04     1.71207630E-03     1.79495240E-03     2.45442250E-03
    3.08750000E+04     1.56225000E+03     3.17924098E-01     1.43097640E+00     1.20728700E-04     1.40045924E+04     1.46513487E+04     2.00468428E+04     1.82614890E-03     1.91049410E-03     2.61404730E-03
    3.08750000E+04     1.58725000E+03     3.23011698E-01     1.43097640E+00     1.20728700E-04     1.54036829E+04     1.60829757E+04     2.20160966E+04     1.94582280E-03     2.03164260E-03     2.78112670E-03
    3.08750000E+04     1.61225000E+03     3.28099297E-01     1.43097640E+00     1.20728700E-04     1.69173039E+04     1.76302534E+04     2.41421722E+04     2.07127730E-03     2.15857770E-03     2.95586900E-03
    3.08750000E+04     1.63725000E+03     3.33186896E-01     1.43097640E+00     1.20728700E-04     1.85528247E+04     1.93005739E+04     2.64346669E+04     2.20269460E-03     2.29148160E-03     3.13848340E-03
    3.08750000E+04     1.66225000E+03     3.38274496E-01     1.43097640E+00     1.20728700E-04     2.03179639E+04     2.11016765E+04     2.89035877E+04     2.34025950E-03     2.43053880E-03     3.32918040E-03
    3.08750000E+04     1.68725000E+03     3.43362096E-01     1.43097640E+00     1.20728700E-04     2.22207976E+04     2.30416607E+04     3.15593547E+04     2.48415940E-03     2.57593690E-03     3.52817140E-03
    3.08750000E+04     1.71225000E+03     3.48449696E-01     1.43097640E+00     1.20728700E-04     2.42697727E+04     2.51289987E+04     3.44128145E+04     2.63458440E-03     2.72786650E-03     3.73566870E-03
    3.08750000E+04     1.73725000E+03     3.53537294E-01     1.43097640E+00     1.20728700E-04     2.64737147E+04     2.73725362E+04     3.74752441E+04     2.79172730E-03     2.88651990E-03     3.95188520E-03
    3.08750000E+04     1.76225000E+03     3.58624894E-01     1.43097640E+00     1.20728700E-04     2.88418421E+04     2.97815175E+04     4.07583649E+04     2.95578340E-03     3.05209300E-03     4.17703500E-03
    3.08750000E+04     1.78725000E+03     3.63712494E-01     1.43097640E+00     1.20728700E-04     3.13837746E+04     3.23655848E+04     4.42743453E+04     3.12695070E-03     3.22478340E-03     4.41133210E-03
    3.08750000E+04     1.81225000E+03     3.68800094E-01     1.43097640E+00     1.20728700E-04     3.41095448E+04     3.51347954E+04     4.80358109E+04     3.30542970E-03     3.40479200E-03     4.65499140E-03
    3.08750000E+04     1.83725000E+03     3.73887694E-01     1.43097640E+00     1.20728700E-04     3.70296119E+04     3.80996323E+04     5.20558556E+04     3.49142360E-03     3.59232190E-03     4.90822800E-03
    3.08750000E+04     1.86225000E+03     3.78975292E-01     1.43097640E+00     1.20728700E-04     4.01548677E+04     4.12710120E+04     5.63480410E+04     3.68513790E-03     3.78757870E-03     5.17125690E-03
    3.08750000E+04     1.88725000E+03     3.84062892E-01     1.43097640E+00     1.20728700E-04     4.34966564E+04     4.46603034E+04     6.09264158E+04     3.88678090E-03     3.99077090E-03     5.44429400E-03
    3.08750000E+04     1.91225000E+03     3.89150492E-01     1.43097640E+00     1.20728700E-04     4.70667757E+04     4.82793287E+04     6.58055086E+04     4.09656310E-03     4.20210900E-03     5.72755420E-03
    3.08750000E+04     1.93725000E+03     3.94238092E-01     1.43097640E+00     1.20728700E-04     5.08774975E+04     5.21403854E+04     7.10003476E+04     4.31469770E-03     4.42180620E-03     6.02125290E-03
    3.08750000E+04     1.96225000E+03     3.99325691E-01     1.43097640E+00     1.20728700E-04     5.49415755E+04     5.62562514E+04     7.65264610E+04     4.54140030E-03     4.65007810E-03     6.32560490E-03
    3.08750000E+04     1.98725000E+03     4.04413290E-01     1.43097640E+00     1.20728700E-04     5.92722567E+04     6.06401991E+04     8.23998828E+04     4.77688870E-03     4.88714260E-03     6.64082470E-03
    3.08750000E+04     2.01225000E+03     4.09500890E-01     1.43097640E+00     1.20728700E-04     6.38832953E+04     6.53060122E+04     8.86371631E+04     5.02138340E-03     5.13322060E-03     6.96712630E-03
    3.08750000E+04     2.03725000E+03     4.14588490E-01     1.43097640E+00     1.20728700E-04     6.87889624E+04     7.02679838E+04     9.52553689E+04     5.27510710E-03     5.38853450E-03     7.30472300E-03
    3.08750000E+04     2.06225000E+03     4.19676090E-01     1.43097640E+00     1.20728700E-04     7.40040594E+04     7.55409417E+04     1.02272093E+05     5.53828470E-03     5.65330930E-03     7.65382710E-03
    3.08750000E+04     2.08725000E+03     4.24763689E-01     1.43097640E+00     1.20728700E-04     7.95439340E+04     8.11402616E+04     1.09705463E+05     5.81114390E-03     5.92777280E-03     8.01465050E-03
    3.08750000E+04     2.11225000E+03     4.29851288E-01     1.43097640E+00     1.20728700E-04     8.54244786E+04     8.70818627E+04     1.17574131E+05     6.09391380E-03     6.21215420E-03     8.38740310E-03
    3.08750000E+04     2.13725000E+03     4.34938888E-01     1.43097640E+00     1.20728700E-04     9.16621640E+04     9.33822414E+04     1.25897301E+05     6.38682660E-03     6.50668570E-03     8.77229470E-03
    3.08750000E+04     2.16225000E+03     4.40026488E-01     1.43097640E+00     1.20728700E-04     9.82740299E+04     1.00058466E+05     1.34694711E+05     6.69011610E-03     6.81160120E-03     9.16953270E-03
    3.08750000E+04     2.18725000E+03     4.45114088E-01     1.43097640E+00     1.20728700E-04     1.05277714E+05     1.07128201E+05     1.43986652E+05     7.00401850E-03     7.12713710E-03     9.57932370E-03
    3.08750000E+04     2.21225000E+03     4.50201686E-01     1.43097640E+00     1.20728700E-04     1.12691456E+05     1.14609712E+05     1.53793967E+05     7.32877240E-03     7.45353170E-03     1.00018726E-02
    3.08750000E+04     2.23725000E+03     4.55289286E-01     1.43097640E+00     1.20728700E-04     1.20534103E+05     1.22521875E+05     1.64138039E+05     7.66461740E-03     7.79102500E-03     1.04373816E-02
    3.08750000E+04     2.26225000E+03     4.60376886E-01     1.43097640E+00     1.20728700E-04     1.28825144E+05     1.30884215E+05     1.75040826E+05     8.01179670E-03     8.13986030E-03     1.08860523E-02
    3.08750000E+04     2.28725000E+03     4.65464486E-01     1.43097640E+00     1.20728700E-04     1.37584699E+05     1.39716868E+05     1.86524834E+05     8.37055420E-03     8.50028100E-03     1.13480833E-02
    3.08750000E+04     2.31225000E+03     4.70552086E-01     1.43097640E+00     1.20728700E-04     1.46833542E+05     1.49040640E+05     1.98613124E+05     8.74113610E-03     8.87253390E-03     1.18236710E-02
    3.08750000E+04     2.33725000E+03     4.75639684E-01     1.43097640E+00     1.20728700E-04     1.56593118E+05     1.58877010E+05     2.11329332E+05     9.12379110E-03     9.25686770E-03     1.23130098E-02
    3.08750000E+04     2.36225000E+03     4.80727284E-01     1.43097640E+00     1.20728700E-04     1.66885539E+05     1.69248117E+05     2.24697639E+05     9.51876880E-03     9.65353190E-03     1.28162913E-02
    3.08750000E+04     2.38725000E+03     4.85814884E-01     1.43097640E+00     1.20728700E-04     1.77733615E+05     1.80176792E+05     2.38742794E+05     9.92632110E-03     1.00627782E-02     1.33337039E-02
    3.08750000E+04     2.41225000E+03     4.90902484E-01     1.43097640E+00     1.20728700E-04     1.89160860E+05     1.91686591E+05     2.53490114E+05     1.03467020E-02     1.04848611E-02     1.38654344E-02
    3.08750000E+04     2.43725000E+03     4.95990083E-01     1.43097640E+00     1.20728700E-04     2.01191485E+05     2.03801750E+05     2.68965452E+05     1.07801661E-02     1.09200351E-02     1.44116646E-02
    3.08750000E+04     2.46225000E+03     5.01077682E-01     1.43097640E+00     1.20728700E-04     2.13850454E+05     2.16547262E+05     2.85195246E+05     1.12269709E-02     1.13685577E-02     1.49725748E-02
    3.08750000E+04     2.48725000E+03     5.06165282E-01     1.43097640E+00     1.20728700E-04     2.27163439E+05     2.29948828E+05     3.02206459E+05     1.16873740E-02     1.18306867E-02     1.55483405E-02
    3.08750000E+04     2.52475000E+03     5.13796682E-01     1.43097640E+00     1.20728700E-04     2.48507451E+05     2.51429862E+05     3.29355256E+05     1.24058275E-02     1.25517447E-02     1.64421317E-02
    3.08750000E+04     2.57475000E+03     5.23971880E-01     1.43097640E+00     1.20728700E-04     2.79395331E+05     2.82507521E+05     3.68415605E+05     1.34114905E-02     1.35609073E-02     1.76849215E-02
    3.08750000E+04     2.62475000E+03     5.34147080E-01     1.43097640E+00     1.20728700E-04     3.13400709E+05     3.16711393E+05     4.11115171E+05     1.44762741E-02     1.46292231E-02     1.89901134E-02
    3.08750000E+04     2.67475000E+03     5.44322279E-01     1.43097640E+00     1.20728700E-04     3.50766546E+05     3.54284676E+05     4.57695683E+05     1.56023099E-02     1.57588234E-02     2.03589232E-02
    3.08750000E+04     2.72475000E+03     5.54497478E-01     1.43097640E+00     1.20728700E-04     3.91749001E+05     3.95483807E+05     5.08407106E+05     1.67917468E-02     1.69518585E-02     2.17924907E-02
    3.08750000E+04     2.77475000E+03     5.64672678E-01     1.43097640E+00     1.20728700E-04     4.36617804E+05     4.40578769E+05     5.63507386E+05     1.80467492E-02     1.82104922E-02     2.32918751E-02
    3.08750000E+04     2.82475000E+03     5.74847876E-01     1.43097640E+00     1.20728700E-04     4.85656547E+05     4.89853396E+05     6.23262053E+05     1.93694919E-02     1.95368991E-02     2.48580460E-02
    3.08750000E+04     2.87475000E+03     5.85023076E-01     1.43097640E+00     1.20728700E-04     5.39163056E+05     5.43605802E+05     6.87943906E+05     2.07621603E-02     2.09332655E-02     2.64918804E-02
    3.08750000E+04     2.92475000E+03     5.95198275E-01     1.43097640E+00     1.20728700E-04     5.97449643E+05     6.02148572E+05     7.57832500E+05     2.22269448E-02     2.24017821E-02     2.81941534E-02
    3.08750000E+04     2.97475000E+03     6.05373474E-01     1.43097640E+00     1.20728700E-04     6.60843426E+05     6.65809068E+05     8.33213674E+05     2.37660392E-02     2.39446422E-02     2.99655339E-02
    3.08750000E+04     3.02475000E+03     6.15548674E-01     1.43097640E+00     1.20728700E-04     7.29686609E+05     7.34929793E+05     9.14379012E+05     2.53816383E-02     2.55640411E-02     3.18065781E-02
    3.08750000E+04     3.07475000E+03     6.25723872E-01     1.43097640E+00     1.20728700E-04     8.04336675E+05     8.09868490E+05     1.00162515E+06     2.70759320E-02     2.72621684E-02     3.37177213E-02
    3.08750000E+04     3.12475000E+03     6.35899072E-01     1.43097640E+00     1.20728700E-04     8.85166661E+05     8.90998503E+05     1.09525313E+06     2.88511045E-02     2.90412091E-02     3.56992736E-02
    3.08750000E+04     3.17475000E+03     6.46074270E-01     1.43097640E+00     1.20728700E-04     9.72565307E+05     9.78708790E+05     1.19556761E+06     3.07093283E-02     3.09033336E-02     3.77514113E-02
    3.08750000E+04     3.22475000E+03     6.56249470E-01     1.43097640E+00     1.20728700E-04     1.06693726E+06     1.07340438E+06     1.30287603E+06     3.26527619E-02     3.28507039E-02     3.98741719E-02
    3.08750000E+04     3.27475000E+03     6.66424669E-01     1.43097640E+00     1.20728700E-04     1.16870314E+06     1.17550609E+06     1.41748770E+06     3.46835447E-02     3.48854563E-02     4.20674456E-02
    3.08750000E+04     3.32475000E+03     6.76599868E-01     1.43097640E+00     1.20728700E-04     1.27829972E+06     1.28545104E+06     1.53971283E+06     3.68037942E-02     3.70097095E-02     4.43309707E-02
    3.08750000E+04     3.37475000E+03     6.86775068E-01     1.43097640E+00     1.20728700E-04     1.39617995E+06     1.40369239E+06     1.66986150E+06     3.90156007E-02     3.92255521E-02     4.66643260E-02
    3.08750000E+04     3.42475000E+03     6.96950266E-01     1.43097640E+00     1.20728700E-04     1.52281294E+06     1.53069963E+06     1.80824239E+06     4.13210215E-02     4.15350438E-02     4.90669229E-02
    3.08750000E+04     3.47475000E+03     7.07125466E-01     1.43097640E+00     1.20728700E-04     1.65868405E+06     1.66695839E+06     1.95516182E+06     4.37220807E-02     4.39402077E-02     5.15380029E-02
    3.08750000E+04     3.52475000E+03     7.17300665E-01     1.43097640E+00     1.20728700E-04     1.80429466E+06     1.81297031E+06     2.11092213E+06     4.62207581E-02     4.64430220E-02     5.40766252E-02
    3.08750000E+04     3.57475000E+03     7.27475864E-01     1.43097640E+00     1.20728700E-04     1.96016233E+06     1.96925329E+06     2.27582071E+06     4.88189919E-02     4.90454263E-02     5.66816682E-02
    3.08750000E+04     3.62475000E+03     7.37651063E-01     1.43097640E+00     1.20728700E-04     2.12682039E+06     2.13634090E+06     2.45014823E+06     5.15186675E-02     5.17493046E-02     5.93518171E-02
    3.08750000E+04     3.67475000E+03     7.47826262E-01     1.43097640E+00     1.20728700E-04     2.30481783E+06     2.31478245E+06     2.63418719E+06     5.43216144E-02     5.45564862E-02     6.20855595E-02
    3.08750000E+04     3.72475000E+03     7.58001462E-01     1.43097640E+00     1.20728700E-04     2.49471912E+06     2.50514276E+06     2.82821044E+06     5.72296023E-02     5.74687418E-02     6.48811807E-02
    3.08750000E+04     3.77475000E+03     7.68176660E-01     1.43097640E+00     1.20728700E-04     2.69710388E+06     2.70800169E+06     3.03247950E+06     6.02443362E-02     6.04877751E-02     6.77367608E-02
    3.08750000E+04     3.82475000E+03     7.78351860E-01     1.43097640E+00     1.20728700E-04     2.91256642E+06     2.92395388E+06     3.24724261E+06     6.33674481E-02     6.36152176E-02     7.06501633E-02
    3.08750000E+04     3.87475000E+03     7.88527059E-01     1.43097640E+00     1.20728700E-04     3.14171554E+06     3.15360839E+06     3.47273323E+06     6.66004961E-02     6.68526272E-02     7.36190376E-02
    3.08750000E+04     3.92475000E+03     7.98702258E-01     1.43097640E+00     1.20728700E-04     3.38517382E+06     3.39758803E+06     3.70916788E+06     6.99449549E-02     7.02014760E-02     7.66408083E-02
    3.08750000E+04     3.97475000E+03     8.08877458E-01     1.43097640E+00     1.20728700E-04     3.64357736E+06     3.65652940E+06     3.95674444E+06     7.34022147E-02     7.36631587E-02     7.97126770E-02
    3.08750000E+04     4.02475000E+03     8.19052656E-01     1.43097640E+00     1.20728700E-04     3.91757502E+06     3.93108147E+06     4.21564000E+06     7.69735734E-02     7.72389683E-02     8.28316154E-02
    3.08750000E+04     4.07475000E+03     8.29227856E-01     1.43097640E+00     1.20728700E-04     4.20782780E+06     4.22190559E+06     4.48600882E+06     8.06602308E-02     8.09301056E-02     8.59943616E-02
    3.08750000E+04     4.12475000E+03     8.39403054E-01     1.43097640E+00     1.20728700E-04     4.51500822E+06     4.52967461E+06     4.76798027E+06     8.44632859E-02     8.47376695E-02     8.91974204E-02
    3.08750000E+04     4.17475000E+03     8.49578254E-01     1.43097640E+00     1.20728700E-04     4.83979977E+06     4.85507225E+06     5.06165692E+06     8.83837342E-02     8.86626539E-02     9.24370644E-02
    3.08750000E+04     4.22475000E+03     8.59753453E-01     1.43097640E+00     1.20728700E-04     5.18289561E+06     5.19879207E+06     5.36711184E+06     9.24224549E-02     9.27059397E-02     9.57093230E-02
    3.08750000E+04     4.27475000E+03     8.69928652E-01     1.43097640E+00     1.20728700E-04     5.54499840E+06     5.56153690E+06     5.68438719E+06     9.65802181E-02     9.68682937E-02     9.90099964E-02
    3.08750000E+04     4.32475000E+03     8.80103852E-01     1.43097640E+00     1.20728700E-04     5.92681851E+06     5.94401753E+06     6.01349089E+06     1.00857664E-01     1.01150359E-01     1.02334636E-01
    3.08750000E+04     4.37475000E+03     8.90279050E-01     1.43097640E+00     1.20728700E-04     6.32907413E+06     6.34695238E+06     6.35439575E+06     1.05255320E-01     1.05552659E-01     1.05678571E-01
    3.08750000E+04     4.42475000E+03     9.00454250E-01     1.43097640E+00     1.20728700E-04     6.75248987E+06     6.77106622E+06     6.70703666E+06     1.09773586E-01     1.10075592E-01     1.09036893E-01
    3.08750000E+04     4.47475000E+03     9.10629449E-01     1.43097640E+00     1.20728700E-04     7.19779498E+06     7.21708880E+06     7.07130769E+06     1.14412718E-01     1.14719417E-01     1.12404457E-01
    3.08750000E+04     4.52475000E+03     9.20804648E-01     1.43097640E+00     1.20728700E-04     7.66572377E+06     7.68575460E+06     7.44706141E+06     1.19172853E-01     1.19484271E-01     1.15775900E-01
    3.08750000E+04     4.57475000E+03     9.30979848E-01     1.43097640E+00     1.20728700E-04     8.15701336E+06     8.17780103E+06     7.83410572E+06     1.24053986E-01     1.24370145E-01     1.19145635E-01
    3.08750000E+04     4.62475000E+03     9.41155046E-01     1.43097640E+00     1.20728700E-04     8.67240323E+06     8.69396787E+06     8.23220228E+06     1.29055980E-01     1.29376902E-01     1.22507861E-01
    3.08750000E+04     4.67475000E+03     9.51330246E-01     1.43097640E+00     1.20728700E-04     9.21263348E+06     9.23499563E+06     8.64106400E+06     1.34178548E-01     1.34504259E-01     1.25856565E-01
    3.08750000E+04     4.72475000E+03     9.61505444E-01     1.43097640E+00     1.20728700E-04     9.77844463E+06     9.80162486E+06     9.06035413E+06     1.39421274E-01     1.39751791E-01     1.29185539E-01
    3.08750000E+04     4.77475000E+03     9.71680644E-01     1.43097640E+00     1.20728700E-04     1.03705758E+07     1.03945952E+07     9.48968371E+06     1.44783596E-01     1.45118946E-01     1.32488384E-01
    3.08750000E+04     4.82475000E+03     9.81855843E-01     1.43097640E+00     1.20728700E-04     1.09897638E+07     1.10146435E+07     9.92861006E+06     1.50264816E-01     1.50605013E-01     1.35758518E-01
    3.08750000E+04     4.87475000E+03     9.92031042E-01     1.43097640E+00     1.20728700E-04     1.16367421E+07     1.16625041E+07     1.03766355E+07     1.55864092E-01     1.56209165E-01     1.38989194E-01
    3.08750000E+04     4.92475000E+03     1.00220624E+00     1.43097640E+00     1.20728700E-04     1.23122400E+07     1.23389059E+07     1.08332060E+07     1.61580453E-01     1.61930417E-01     1.42173510E-01
    3.08750000E+04     4.97475000E+03     1.01238144E+00     1.43097640E+00     1.20728700E-04     1.30169812E+07     1.30445734E+07     1.12977097E+07     1.67412787E-01     1.67767664E-01     1.45304419E-01
    3.08750000E+04     5.00000000E+03     1.01751990E+00     1.43097640E+00     1.20728700E-04     1.33829540E+07     1.34110220E+07     1.15348020E+07     1.70397060E-01     1.70754430E-01     1.46865650E-01
