    3.08750000E+04     5.00000000E-01     1.01751990E-04     1.09000600E+00     2.73589940E-05     7.81629900E-19     5.62737210E-09     1.17244480E-18     9.95202070E-19     7.16499250E-09     1.49280300E-18
    3.08750000E+04     1.00000000E+00     2.03503980E-04     1.09000600E+00     2.73589940E-05     5.00243190E-17     4.50189780E-08     7.50364660E-17     1.59232350E-17     1.43299850E-08     2.38848480E-17
    3.08750000E+04     1.50000000E+00     3.05255970E-04     1.09000600E+00     2.73589940E-05     5.69808190E-16     1.51939050E-07     8.54712220E-16     8.06113660E-17     2.14949780E-08     1.20917040E-16
    3.08750000E+04     2.00000000E+00     4.07007970E-04     1.09000600E+00     2.73589940E-05     3.20155560E-15     3.60151820E-07     4.80233300E-15     2.54771690E-16     2.86599700E-08     3.82157510E-16
    3.08750000E+04     2.50000000E+00     5.08759960E-04     1.09000600E+00     2.73589940E-05     1.22129650E-14     7.03421550E-07     1.83194460E-14     6.22001200E-16     3.58249640E-08     9.33001710E-16
    3.08750000E+04     3.00000000E+00     6.10511950E-04     1.09000600E+00     2.73589940E-05     3.64677180E-14     1.21551250E-06     5.47015700E-14     1.28978170E-15     4.29899580E-08     1.93467220E-15
    3.08750000E+04     3.50000000E+00     7.12263940E-04     1.09000600E+00     2.73589940E-05     9.19579590E-14     1.93018890E-06     1.37936910E-13     2.38947970E-15     5.01549530E-08     3.58421880E-15
    3.08750000E+04     4.00000000E+00     8.14015930E-04     1.09000600E+00     2.73589940E-05     2.04899540E-13     2.88121500E-06     3.07349240E-13     4.07634680E-15     5.73199500E-08     6.11451860E-15
    3.08750000E+04     4.50000000E+00     9.15767920E-04     1.09000600E+00     2.73589940E-05     4.15390000E-13     4.10235480E-06     6.23084780E-13     6.52951800E-15     6.44849410E-08     9.79427360E-15
    3.08750000E+04     5.00000000E+00     1.01751990E-03     1.09000600E+00     2.73589940E-05     7.81629630E-13     5.62737360E-06     1.17244390E-12     9.95201730E-15     7.16499440E-08     1.49280200E-14
    3.08750000E+04     5.50000000E+00     1.11927190E-03     1.09000600E+00     2.73589940E-05     1.38470430E-12     7.49003430E-06     2.07705540E-12     1.45707460E-14     7.88149390E-08     2.18561070E-14
    3.08750000E+04     6.00000000E+00     1.22102390E-03     1.09000600E+00     2.73589940E-05     2.33393300E-12     9.72410260E-06     3.50089740E-12     2.06364980E-14     8.59799420E-08     3.09547280E-14
    3.08750000E+04     6.50000000E+00     1.32277590E-03     1.09000600E+00     2.73589940E-05     3.77277580E-12     1.23633420E-05     5.65915960E-12     2.84239480E-14     9.31449450E-08     4.26358910E-14
    3.08750000E+04     7.00000000E+00     1.42452790E-03     1.09000600E+00     2.73589940E-05     5.88530640E-12     1.54415180E-05     8.82795220E-12     3.82316560E-14     1.00309950E-07     5.73474360E-14
    3.08750000E+04     7.50000000E+00     1.52627990E-03     1.09000600E+00     2.73589940E-05     8.90324580E-12     1.89923940E-05     1.33548560E-11     5.03820640E-14     1.07474960E-07     7.55730240E-14
    3.08750000E+04     8.00000000E+00     1.62803190E-03     1.09000600E+00     2.73589940E-05     1.31135630E-11     2.30497360E-05     1.96703230E-11     6.52215100E-14     1.14639980E-07     9.78321580E-14
    3.08750000E+04     8.50000000E+00     1.72978390E-03     1.09000600E+00     2.73589940E-05     1.88666260E-11     2.76473060E-05     2.82999040E-11     8.31201850E-14     1.21804990E-07     1.24680120E-13
    3.08750000E+04     9.00000000E+00     1.83153580E-03     1.09000600E+00     2.73589940E-05     2.65849410E-11     3.28188710E-05     3.98773560E-11     1.04472210E-13     1.28970010E-07     1.56708100E-13
    3.08750000E+04     9.50000000E+00     1.93328780E-03     1.09000600E+00     2.73589940E-05     3.67724220E-11     3.85981970E-05     5.51585490E-11     1.29695570E-13     1.36135040E-07     1.94543060E-13
    3.08750000E+04     1.00000000E+01     2.03503980E-03     1.09000600E+00     2.73589940E-05     5.00242490E-11     4.50190470E-05     7.50362460E-11     1.59232130E-13     1.43300070E-07     2.38847780E-13
    3.08750000E+04     1.05000000E+01     2.13679180E-03     1.09000600E+00     2.73589940E-05     6.70372670E-11     5.21151850E-05     1.00555710E-10     1.93547610E-13     1.50465110E-07     2.90320870E-13
    3.08750000E+04     1.10000000E+01     2.23854380E-03     1.09000600E+00     2.73589940E-05     8.86209800E-11     5.99203780E-05     1.32931200E-10     2.33131680E-13     1.57630150E-07     3.49696800E-13
    3.08750000E+04     1.15000000E+01     2.34029580E-03     1.09000600E+00     2.73589940E-05     1.15709080E-10     6.84683910E-05     1.73563220E-10     2.78497860E-13     1.64795200E-07     4.17745850E-13
    3.08750000E+04     1.20000000E+01     2.44204780E-03     1.09000600E+00     2.73589940E-05     1.49371510E-10     7.77929880E-05     2.24056720E-10     3.30183520E-13     1.71960250E-07     4.95274070E-13
    3.08750000E+04     1.25000000E+01     2.54379980E-03     1.09000600E+00     2.73589940E-05     1.90827210E-10     8.79279360E-05     2.86240050E-10     3.88749980E-13     1.79125320E-07     5.83123420E-13
    3.08750000E+04     1.30000000E+01     2.64555180E-03     1.09000600E+00     2.73589940E-05     2.41457280E-10     9.89070070E-05     3.62184880E-10     4.54782470E-13     1.86290400E-07     6.82171750E-13
    3.08750000E+04     1.35000000E+01     2.74730380E-03     1.09000600E+00     2.73589940E-05     3.02818740E-10     1.10763960E-04     4.54226700E-10     5.28889960E-13     1.93455490E-07     7.93332480E-13
    3.08750000E+04     1.40000000E+01     2.84905580E-03     1.09000600E+00     2.73589940E-05     3.76658910E-10     1.23532550E-04     5.64986480E-10     6.11705360E-13     2.00620570E-07     9.17554980E-13
    3.08750000E+04     1.45000000E+01     2.95080780E-03     1.09000600E+00     2.73589940E-05     4.64930440E-10     1.37246570E-04     6.97393170E-10     7.03885620E-13     2.07785680E-07     1.05582470E-12
    3.08750000E+04     1.50000000E+01     3.05255970E-03     1.09000600E+00     2.73589940E-05     5.69806570E-10     1.51939770E-04     8.54706590E-10     8.06111380E-13     2.14950800E-07     1.20916240E-12
    3.08750000E+04     1.55000000E+01     3.15431170E-03     1.09000600E+00     2.73589940E-05     6.93697210E-10     1.67645910E-04     1.04054160E-09     9.19087090E-13     2.22115910E-07     1.37862500E-12
    3.08750000E+04     1.60000000E+01     3.25606370E-03     1.09000600E+00     2.73589940E-05     8.39265990E-10     1.84398780E-04     1.25889350E-09     1.04354160E-12     2.29281070E-07     1.56530560E-12
    3.08750000E+04     1.65000000E+01     3.35781570E-03     1.09000600E+00     2.73589940E-05     1.00944640E-09     2.02232120E-04     1.51416260E-09     1.18022690E-12     2.36446210E-07     1.77033210E-12
    3.08750000E+04     1.70000000E+01     3.45956770E-03     1.09000600E+00     2.73589940E-05     1.20746090E-09     2.21179720E-04     1.81118240E-09     1.32991950E-12     2.43611390E-07     1.99486940E-12
    3.08750000E+04     1.75000000E+01     3.56131970E-03     1.09000600E+00     2.73589940E-05     1.43683760E-09     2.41275330E-04     2.15524520E-09     1.49341910E-12     2.50776560E-07     2.24011710E-12
    3.08750000E+04     1.80000000E+01     3.66307170E-03     1.09000600E+00     2.73589940E-05     1.70143100E-09     2.62552740E-04     2.55213240E-09     1.67155030E-12     2.57941760E-07     2.50731160E-12
    3.08750000E+04     1.85000000E+01     3.76482370E-03     1.09000600E+00     2.73589940E-05     2.00543980E-09     2.85045720E-04     3.00814220E-09     1.86516080E-12     2.65106990E-07     2.79772490E-12
    3.08750000E+04     1.90000000E+01     3.86657570E-03     1.09000600E+00     2.73589940E-05     2.35342670E-09     3.08787980E-04     3.53011840E-09     2.07512180E-12     2.72272200E-07     3.11266360E-12
    3.08750000E+04     1.95000000E+01     3.96832770E-03     1.09000600E+00     2.73589940E-05     2.75034200E-09     3.33813390E-04     4.12548630E-09     2.30233010E-12     2.79437470E-07     3.45347280E-12
    3.08750000E+04     2.00000000E+01     4.07007970E-03     1.09000600E+00     2.73589940E-05     3.20153980E-09     3.60155650E-04     4.80227700E-09     2.54770430E-12     2.86602750E-07     3.82153050E-12
    3.08750000E+04     2.05000000E+01     4.17183170E-03     1.09000600E+00     2.73589940E-05     3.71280330E-09     3.87848520E-04     5.56916510E-09     2.81218790E-12     2.93768030E-07     4.21825170E-12
    3.08750000E+04     2.10000000E+01     4.27358360E-03     1.09000600E+00     2.73589940E-05     4.29036710E-09     4.16925840E-04     6.43550250E-09     3.09674880E-12     3.00933360E-07     4.64508840E-12
    3.08750000E+04     2.15000000E+01     4.37533560E-03     1.09000600E+00     2.73589940E-05     4.94093730E-09     4.47421320E-04     7.41134770E-09     3.40237780E-12     3.08098700E-07     5.10352660E-12
    3.08750000E+04     2.20000000E+01     4.47708760E-03     1.09000600E+00     2.73589940E-05     5.67171670E-09     4.79368740E-04     8.50750510E-09     3.73008980E-12     3.15264060E-07     5.59508870E-12
    3.08750000E+04     2.25000000E+01     4.57883960E-03     1.09000600E+00     2.73589940E-05     6.49042900E-09     5.12801880E-04     9.73555970E-09     4.08092380E-12     3.22429440E-07     6.12133300E-12
    3.08750000E+04     2.30000000E+01     4.68059160E-03     1.09000600E+00     2.73589940E-05     7.40534370E-09     5.47754560E-04     1.11079160E-08     4.45594340E-12     3.29594870E-07     6.68385500E-12
    3.08750000E+04     2.35000000E+01     4.78234360E-03     1.09000600E+00     2.73589940E-05     8.42529750E-09     5.84260480E-04     1.26378280E-08     4.85623430E-12     3.36760310E-07     7.28428320E-12
    3.08750000E+04     2.40000000E+01     4.88409560E-03     1.09000600E+00     2.73589940E-05     9.55972440E-09     6.22353440E-04     1.43394460E-08     5.28290750E-12     3.43925780E-07     7.92428370E-12
    3.08750000E+04     2.45000000E+01     4.98584760E-03     1.09000600E+00     2.73589940E-05     1.08186810E-08     6.62067260E-04     1.62278570E-08     5.73709810E-12     3.51091290E-07     8.60555950E-12
    3.08750000E+04     2.50000000E+01     5.08759960E-03     1.09000600E+00     2.73589940E-05     1.22128690E-08     7.03435610E-04     1.83191090E-08     6.21996280E-12     3.58256800E-07     9.32984520E-12
    3.08750000E+04     2.55000000E+01     5.18935160E-03     1.09000600E+00     2.73589940E-05     1.37536710E-08     7.46492400E-04     2.06302780E-08     6.73268620E-12     3.65422380E-07     1.00989180E-11
    3.08750000E+04     2.60000000E+01     5.29110360E-03     1.09000600E+00     2.73589940E-05     1.54531670E-08     7.91271330E-04     2.31794840E-08     7.27647290E-12     3.72587990E-07     1.09145840E-11
    3.08750000E+04     2.65000000E+01     5.39285560E-03     1.09000600E+00     2.73589940E-05     1.73241720E-08     8.37806160E-04     2.59859480E-08     7.85255270E-12     3.79753620E-07     1.17786890E-11
    3.08750000E+04     2.70000000E+01     5.49460750E-03     1.09000600E+00     2.73589940E-05     1.93802620E-08     8.86130660E-04     2.90700330E-08     8.46217940E-12     3.86919260E-07     1.26931120E-11
    3.08750000E+04     2.75000000E+01     5.59635950E-03     1.09000600E+00     2.73589940E-05     2.16358080E-08     9.36278760E-04     3.24532960E-08     9.10663340E-12     3.94085000E-07     1.36597750E-11
    3.08750000E+04     2.80000000E+01     5.69811150E-03     1.09000600E+00     2.73589940E-05     2.41059910E-08     9.88284050E-04     3.61585050E-08     9.78721300E-12     4.01250730E-07     1.46806240E-11
    3.08750000E+04     2.85000000E+01     5.79986350E-03     1.09000600E+00     2.73589940E-05     2.68068520E-08     1.04218040E-03     4.02097230E-08     1.05052460E-11     4.08416530E-07     1.57576510E-11
    3.08750000E+04     2.90000000E+01     5.90161550E-03     1.09000600E+00     2.73589940E-05     2.97553110E-08     1.09800160E-03     4.46323290E-08     1.12620800E-11     4.15582350E-07     1.68928790E-11
    3.08750000E+04     2.95000000E+01     6.00336750E-03     1.09000600E+00     2.73589940E-05     3.29692030E-08     1.15578140E-03     4.94530740E-08     1.20590900E-11     4.22748230E-07     1.80883670E-11
    3.08750000E+04     3.00000000E+01     6.10511950E-03     1.09000600E+00     2.73589940E-05     3.64673090E-08     1.21555360E-03     5.47001280E-08     1.28976720E-11     4.29914140E-07     1.93462120E-11
    3.08750000E+04     3.05000000E+01     6.20687150E-03     1.09000600E+00     2.73589940E-05     4.02693860E-08     1.27735190E-03     6.04031240E-08     1.37792460E-11     4.37080080E-07     2.06685420E-11
    3.08750000E+04     3.10000000E+01     6.30862350E-03     1.09000600E+00     2.73589940E-05     4.43962170E-08     1.34121030E-03     6.65932380E-08     1.47052590E-11     4.44246080E-07     2.20575290E-11
    3.08750000E+04     3.15000000E+01     6.41037550E-03     1.09000600E+00     2.73589940E-05     4.88696220E-08     1.40716250E-03     7.33031980E-08     1.56771820E-11     4.51412150E-07     2.35153760E-11
    3.08750000E+04     3.20000000E+01     6.51212750E-03     1.09000600E+00     2.73589940E-05     5.37125020E-08     1.47524220E-03     8.05673510E-08     1.66965040E-11     4.58578270E-07     2.50443200E-11
    3.08750000E+04     3.25000000E+01     6.61387950E-03     1.09000600E+00     2.73589940E-05     5.89488650E-08     1.54548310E-03     8.84217110E-08     1.77647390E-11     4.65744410E-07     2.66466310E-11
    3.08750000E+04     3.30000000E+01     6.71563140E-03     1.09000600E+00     2.73589940E-05     6.46039020E-08     1.61791920E-03     9.69040610E-08     1.88834350E-11     4.72910620E-07     2.83246280E-11
    3.08750000E+04     3.35000000E+01     6.81738340E-03     1.09000600E+00     2.73589940E-05     7.07039610E-08     1.69258420E-03     1.06053920E-07     2.00541500E-11     4.80076870E-07     3.00806510E-11
    3.08750000E+04     3.40000000E+01     6.91913540E-03     1.09000600E+00     2.73589940E-05     7.72766490E-08     1.76951210E-03     1.15912700E-07     2.12784780E-11     4.87243230E-07     3.19170900E-11
    3.08750000E+04     3.45000000E+01     7.02088740E-03     1.09000600E+00     2.73589940E-05     8.43507780E-08     1.84873620E-03     1.26523610E-07     2.25580220E-11     4.94409570E-07     3.38363490E-11
    3.08750000E+04     3.50000000E+01     7.12263940E-03     1.09000600E+00     2.73589940E-05     9.19565400E-08     1.93029080E-03     1.37931940E-07     2.38944290E-11     5.01576030E-07     3.58408970E-11
    3.08750000E+04     3.55000000E+01     7.22439140E-03     1.09000600E+00     2.73589940E-05     1.00125400E-07     2.01420940E-03     1.50184880E-07     2.52893490E-11     5.08742510E-07     3.79332120E-11
    3.08750000E+04     3.60000000E+01     7.32614340E-03     1.09000600E+00     2.73589940E-05     1.08890240E-07     2.10052610E-03     1.63331770E-07     2.67444760E-11     5.15909100E-07     4.01158300E-11
    3.08750000E+04     3.65000000E+01     7.42789540E-03     1.09000600E+00     2.73589940E-05     1.18285360E-07     2.18927440E-03     1.77424020E-07     2.82615100E-11     5.23075750E-07     4.23913060E-11
    3.08750000E+04     3.70000000E+01     7.52964740E-03     1.09000600E+00     2.73589940E-05     1.28346480E-07     2.28048820E-03     1.92515240E-07     2.98421850E-11     5.30242460E-07     4.47622370E-11
    3.08750000E+04     3.75000000E+01     7.63139940E-03     1.09000600E+00     2.73589940E-05     1.39110840E-07     2.37420120E-03     2.08661280E-07     3.14882520E-11     5.37409210E-07     4.72312500E-11
    3.08750000E+04     3.80000000E+01     7.73315140E-03     1.09000600E+00     2.73589940E-05     1.50617240E-07     2.47044730E-03     2.25920330E-07     3.32014940E-11     5.44576020E-07     4.98010190E-11
    3.08750000E+04     3.85000000E+01     7.83490340E-03     1.09000600E+00     2.73589940E-05     1.62906100E-07     2.56926050E-03     2.44352990E-07     3.49837210E-11     5.51742960E-07     5.24742600E-11
    3.08750000E+04     3.90000000E+01     7.93665530E-03     1.09000600E+00     2.73589940E-05     1.76019350E-07     2.67067440E-03     2.64022200E-07     3.68367500E-11     5.58909960E-07     5.52536970E-11
    3.08750000E+04     3.95000000E+01     8.03840730E-03     1.09000600E+00     2.73589940E-05     1.90000660E-07     2.77472280E-03     2.84993440E-07     3.87624340E-11     5.66077020E-07     5.81421100E-11
    3.08750000E+04     4.00000000E+01     8.14015930E-03     1.09000600E+00     2.73589940E-05     2.04895410E-07     2.88143940E-03     3.07334760E-07     4.07626460E-11     5.73244130E-07     6.11423070E-11
    3.08750000E+04     4.05000000E+01     8.24191130E-03     1.09000600E+00     2.73589940E-05     2.20750780E-07     2.99085840E-03     3.31116940E-07     4.28392950E-11     5.80411380E-07     6.42571520E-11
    3.08750000E+04     4.10000000E+01     8.34366330E-03     1.09000600E+00     2.73589940E-05     2.37615620E-07     3.10301310E-03     3.56413250E-07     4.49942890E-11     5.87578660E-07     6.74895060E-11
    3.08750000E+04     4.15000000E+01     8.44541530E-03     1.09000600E+00     2.73589940E-05     2.55540790E-07     3.21793790E-03     3.83299970E-07     4.72295880E-11     5.94746070E-07     7.08423090E-11
    3.08750000E+04     4.20000000E+01     8.54716730E-03     1.09000600E+00     2.73589940E-05     2.74578900E-07     3.33566620E-03     4.11856010E-07     4.95471520E-11     6.01913540E-07     7.43185010E-11
    3.08750000E+04     4.25000000E+01     8.64891930E-03     1.09000600E+00     2.73589940E-05     2.94784560E-07     3.45623170E-03     4.42163270E-07     5.19489750E-11     6.09081070E-07     7.79210720E-11
    3.08750000E+04     4.30000000E+01     8.75067130E-03     1.09000600E+00     2.73589940E-05     3.16214400E-07     3.57966860E-03     4.74306700E-07     5.44370830E-11     6.16248720E-07     8.16530600E-11
    3.08750000E+04     4.35000000E+01     8.85242330E-03     1.09000600E+00     2.73589940E-05     3.38927080E-07     3.70601090E-03     5.08374270E-07     5.70135220E-11     6.23416500E-07     8.55175330E-11
    3.08750000E+04     4.40000000E+01     8.95417530E-03     1.09000600E+00     2.73589940E-05     3.62983200E-07     3.83529180E-03     5.44456900E-07     5.96803410E-11     6.30584330E-07     8.95175670E-11
    3.08750000E+04     4.45000000E+01     9.05592730E-03     1.09000600E+00     2.73589940E-05     3.88445670E-07     3.96754540E-03     5.82648900E-07     6.24396380E-11     6.37752260E-07     9.36563060E-11
    3.08750000E+04     4.50000000E+01     9.15767920E-03     1.09000600E+00     2.73589940E-05     4.15379480E-07     4.10280560E-03     6.23047780E-07     6.52935260E-11     6.44920280E-07     9.79369200E-11
    3.08750000E+04     4.55000000E+01     9.25943120E-03     1.09000600E+00     2.73589940E-05     4.43851910E-07     4.24110640E-03     6.65754450E-07     6.82441480E-11     6.52088420E-07     1.02362620E-10
    3.08750000E+04     4.60000000E+01     9.36118320E-03     1.09000600E+00     2.73589940E-05     4.73932490E-07     4.38248140E-03     7.10873170E-07     7.12936630E-11     6.59256680E-07     1.06936650E-10
    3.08750000E+04     4.65000000E+01     9.46293520E-03     1.09000600E+00     2.73589940E-05     5.05692960E-07     4.52696420E-03     7.58511580E-07     7.44442430E-11     6.66424990E-07     1.11662260E-10
    3.08750000E+04     4.70000000E+01     9.56468720E-03     1.09000600E+00     2.73589940E-05     5.39207740E-07     4.67458940E-03     8.08781260E-07     7.76981210E-11     6.73593470E-07     1.16542810E-10
    3.08750000E+04     4.75000000E+01     9.66643920E-03     1.09000600E+00     2.73589940E-05     5.74553340E-07     4.82539000E-03     8.61796980E-07     8.10575090E-11     6.80762010E-07     1.21581600E-10
    3.08750000E+04     4.80000000E+01     9.76819120E-03     1.09000600E+00     2.73589940E-05     6.11808990E-07     4.97940030E-03     9.17677570E-07     8.45246730E-11     6.87930690E-07     1.26782050E-10
    3.08750000E+04     4.85000000E+01     9.86994320E-03     1.09000600E+00     2.73589940E-05     6.51056400E-07     5.13665420E-03     9.76545580E-07     8.81018950E-11     6.95099480E-07     1.32147560E-10
    3.08750000E+04     4.90000000E+01     9.97169520E-03     1.09000600E+00     2.73589940E-05     6.92379840E-07     5.29718540E-03     1.03852740E-06     9.17914800E-11     7.02268410E-07     1.37681600E-10
    3.08750000E+04     4.95000000E+01     1.00734470E-02     1.09000600E+00     2.73589940E-05     7.35866200E-07     5.46102770E-03     1.10375330E-06     9.55957470E-11     7.09437430E-07     1.43387650E-10
    3.08750000E+04     5.10000000E+01     1.03787030E-02     1.09000600E+00     2.73589940E-05     8.82752030E-07     5.97620662E-03     1.32406940E-06     1.07844563E-10     7.30945342E-07     1.61759684E-10
    3.08750000E+04     5.35000000E+01     1.08874630E-02     1.09000600E+00     2.73589940E-05     1.17604752E-06     6.89864752E-03     1.76398528E-06     1.30582678E-10     7.66794318E-07     1.95864476E-10
    3.08750000E+04     5.60000000E+01     1.13962230E-02     1.09000600E+00     2.73589940E-05     1.54642800E-06     7.91148876E-03     2.31951816E-06     1.56740548E-10     8.02646860E-07     2.35098278E-10
    3.08750000E+04     5.85000000E+01     1.19049830E-02     1.09000600E+00     2.73589940E-05     2.00931674E-06     9.01896616E-03     3.01379960E-06     1.86645012E-10     8.38503228E-07     2.79951222E-10
    3.08750000E+04     6.10000000E+01     1.24137430E-02     1.09000600E+00     2.73589940E-05     2.58234514E-06     1.02253193E-02     3.87327242E-06     2.20637882E-10     8.74363852E-07     3.30935878E-10
    3.08750000E+04     6.35000000E+01     1.29225030E-02     1.09000600E+00     2.73589940E-05     3.28555286E-06     1.15347890E-02     4.92799112E-06     2.59075848E-10     9.10229070E-07     3.88587124E-10
    3.08750000E+04     6.60000000E+01     1.34312630E-02     1.09000600E+00     2.73589940E-05     4.14159836E-06     1.29516192E-02     6.21193712E-06     3.02330516E-10     9.46099240E-07     4.53462184E-10
    3.08750000E+04     6.85000000E+01     1.39400230E-02     1.09000600E+00     2.73589940E-05     5.17597816E-06     1.44800570E-02     7.76334754E-06     3.50788432E-10     9.81974780E-07     5.26140668E-10
    3.08750000E+04     7.10000000E+01     1.44487830E-02     1.09000600E+00     2.73589940E-05     6.41725384E-06     1.61243520E-02     9.62505546E-06     4.04851044E-10     1.01785610E-06     6.07224514E-10
    3.08750000E+04     7.35000000E+01     1.49575430E-02     1.09000600E+00     2.73589940E-05     7.89728846E-06     1.78887576E-02     1.18448444E-05     4.64934692E-10     1.05374354E-06     6.97337980E-10
    3.08750000E+04     7.60000000E+01     1.54663030E-02     1.09000600E+00     2.73589940E-05     9.65149326E-06     1.97775308E-02     1.44758178E-05     5.31470706E-10     1.08963770E-06     7.97127774E-10
    3.08750000E+04     7.85000000E+01     1.59750630E-02     1.09000600E+00     2.73589940E-05     1.17190786E-05     2.17949320E-02     1.75767756E-05     6.04905224E-10     1.12553886E-06     9.07262782E-10
    3.08750000E+04     8.10000000E+01     1.64838230E-02     1.09000600E+00     2.73589940E-05     1.41433194E-05     2.39452260E-02     2.12126120E-05     6.85699360E-10     1.16144760E-06     1.02843433E-09
    3.08750000E+04     8.35000000E+01     1.69925830E-02     1.09000600E+00     2.73589940E-05     1.69718262E-05     2.62326830E-02     2.54547212E-05     7.74329142E-10     1.19736434E-06     1.16135606E-09
    3.08750000E+04     8.60000000E+01     1.75013430E-02     1.09000600E+00     2.73589940E-05     2.02568236E-05     2.86615758E-02     3.03814144E-05     8.71285462E-10     1.23328960E-06     1.30676388E-09
    3.08750000E+04     8.85000000E+01     1.80101028E-02     1.09000600E+00     2.73589940E-05     2.40554438E-05     3.12361848E-02     3.60783608E-05     9.77074232E-10     1.26922398E-06     1.46541622E-09
    3.08750000E+04     9.10000000E+01     1.85188620E-02     1.09000600E+00     2.73589940E-05     2.84300158E-05     3.39607924E-02     4.26390192E-05     1.09221604E-09     1.30516780E-06     1.63809346E-09
    3.08750000E+04     9.35000000E+01     1.90276220E-02     1.09000600E+00     2.73589940E-05     3.34483850E-05     3.68396908E-02     5.01651208E-05     1.21724672E-09     1.34112180E-06     1.82559874E-09
    3.08750000E+04     9.60000000E+01     1.95363820E-02     1.09000600E+00     2.73589940E-05     3.91842140E-05     3.98771740E-02     5.87671128E-05     1.35271666E-09     1.37708644E-06     2.02875714E-09
    3.08750000E+04     9.85000000E+01     2.00451420E-02     1.09000600E+00     2.73589940E-05     4.57173160E-05     4.30775424E-02     6.85646636E-05     1.49919126E-09     1.41306224E-06     2.24841608E-09
    3.08750000E+04     1.01000000E+02     2.05539020E-02     1.09000600E+00     2.73589940E-05     5.31339912E-05     4.64451088E-02     7.96871666E-05     1.65725110E-09     1.44904992E-06     2.48544566E-09
    3.08750000E+04     1.03500000E+02     2.10626620E-02     1.09000600E+00     2.73589940E-05     6.15273580E-05     4.99841866E-02     9.22742320E-05     1.82749130E-09     1.48505004E-06     2.74073792E-09
    3.08750000E+04     1.06000000E+02     2.15714220E-02     1.09000600E+00     2.73589940E-05     7.09977050E-05     5.36990976E-02     1.06476218E-04     2.01052200E-09     1.52106312E-06     3.01520714E-09
    3.08750000E+04     1.08500000E+02     2.20801820E-02     1.09000600E+00     2.73589940E-05     8.16528612E-05     5.75941738E-02     1.22454786E-04     2.20696832E-09     1.55708994E-06     3.30979020E-09
    3.08750000E+04     1.11000000E+02     2.25889420E-02     1.09000600E+00     2.73589940E-05     9.36085488E-05     6.16737518E-02     1.40383418E-04     2.41747010E-09     1.59313104E-06     3.62544590E-09
    3.08750000E+04     1.13500000E+02     2.30977020E-02     1.09000600E+00     2.73589940E-05     1.06988772E-04     6.59421792E-02     1.60448024E-04     2.64268226E-09     1.62918708E-06     3.96315560E-09
    3.08750000E+04     1.16000000E+02     2.36064620E-02     1.09000600E+00     2.73589940E-05     1.21926200E-04     7.04038124E-02     1.82847476E-04     2.88327454E-09     1.66525878E-06     4.32392286E-09
    3.08750000E+04     1.18500000E+02     2.41152220E-02     1.09000600E+00     2.73589940E-05     1.38562554E-04     7.50630142E-02     2.07794228E-04     3.13993146E-09     1.70134680E-06     4.70877332E-09
    3.08750000E+04     1.21000000E+02     2.46239820E-02     1.09000600E+00     2.73589940E-05     1.57049022E-04     7.99241614E-02     2.35514914E-04     3.41335276E-09     1.73745192E-06     5.11875534E-09
    3.08750000E+04     1.23500000E+02     2.51327420E-02     1.09000600E+00     2.73589940E-05     1.77546656E-04     8.49916370E-02     2.66250954E-04     3.70425272E-09     1.77357478E-06     5.55493902E-09
    3.08750000E+04     1.26000000E+02     2.56415020E-02     1.09000600E+00     2.73589940E-05     2.00226798E-04     9.02698340E-02     3.00259164E-04     4.01336048E-09     1.80971610E-06     6.01841670E-09
    3.08750000E+04     1.28500000E+02     2.61502620E-02     1.09000600E+00     2.73589940E-05     2.25271520E-04     9.57631584E-02     3.37812458E-04     4.34142030E-09     1.84587668E-06     6.51030328E-09
    3.08750000E+04     1.31000000E+02     2.66590220E-02     1.09000600E+00     2.73589940E-05     2.52874070E-04     1.01476031E-01     3.79200484E-04     4.68919156E-09     1.88205732E-06     7.03173632E-09
    3.08750000E+04     1.33500000E+02     2.71677820E-02     1.09000600E+00     2.73589940E-05     2.83239240E-04     1.07412872E-01     4.24730186E-04     5.05744750E-09     1.91825864E-06     7.58387394E-09
    3.08750000E+04     1.36000000E+02     2.76765420E-02     1.09000600E+00     2.73589940E-05     3.16583960E-04     1.13578130E-01     4.74726684E-04     5.44697746E-09     1.95448162E-06     8.16789838E-09
    3.08750000E+04     1.38500000E+02     2.81853020E-02     1.09000600E+00     2.73589940E-05     3.53137656E-04     1.19976254E-01     5.29533820E-04     5.85858516E-09     1.99072698E-06     8.78501354E-09
    3.08750000E+04     1.41000000E+02     2.86940620E-02     1.09000600E+00     2.73589940E-05     3.93142750E-04     1.26611716E-01     5.89514898E-04     6.29308922E-09     2.02699560E-06     9.43644514E-09
    3.08750000E+04     1.43500000E+02     2.92028220E-02     1.09000600E+00     2.73589940E-05     4.36855132E-04     1.33488990E-01     6.55053406E-04     6.75132290E-09     2.06328830E-06     1.01234411E-08
    3.08750000E+04     1.46000000E+02     2.97115820E-02     1.09000600E+00     2.73589940E-05     4.84544672E-04     1.40612568E-01     7.26553750E-04     7.23413436E-09     2.09960582E-06     1.08472716E-08
    3.08750000E+04     1.48500000E+02     3.02203418E-02     1.09000600E+00     2.73589940E-05     5.36495736E-04     1.47986968E-01     8.04442054E-04     7.74238720E-09     2.13594922E-06     1.16092294E-08
    3.08750000E+04     1.51000000E+02     3.07291010E-02     1.09000600E+00     2.73589940E-05     5.93007558E-04     1.55616696E-01     8.89166710E-04     8.27695818E-09     2.17231910E-06     1.24106276E-08
    3.08750000E+04     1.53500000E+02     3.12378610E-02     1.09000600E+00     2.73589940E-05     6.54395132E-04     1.63506320E-01     9.81199696E-04     8.83874280E-09     2.20871676E-06     1.32528068E-08
    3.08750000E+04     1.56000000E+02     3.17466210E-02     1.09000600E+00     2.73589940E-05     7.20989132E-04     1.71660370E-01     1.08103652E-03     9.42864650E-09     2.24514280E-06     1.41371222E-08
    3.08750000E+04     1.58500000E+02     3.22553810E-02     1.09000600E+00     2.73589940E-05     7.93137012E-04     1.80083434E-01     1.18919766E-03     1.00475929E-08     2.28159828E-06     1.50649564E-08
    3.08750000E+04     1.61000000E+02     3.27641410E-02     1.09000600E+00     2.73589940E-05     8.71203276E-04     1.88780090E-01     1.30622934E-03     1.06965196E-08     2.31808412E-06     1.60377134E-08
    3.08750000E+04     1.63500000E+02     3.32729010E-02     1.09000600E+00     2.73589940E-05     9.55570010E-04     1.97754954E-01     1.43270400E-03     1.13763784E-08     2.35460122E-06     1.70568172E-08
    3.08750000E+04     1.66000000E+02     3.37816610E-02     1.09000600E+00     2.73589940E-05     1.04663756E-03     2.07012646E-01     1.56922130E-03     1.20881366E-08     2.39115058E-06     1.81237160E-08
    3.08750000E+04     1.68500000E+02     3.42904210E-02     1.09000600E+00     2.73589940E-05     1.14482504E-03     2.16557808E-01     1.71640922E-03     1.28327762E-08     2.42773320E-06     1.92398792E-08
    3.08750000E+04     1.71000000E+02     3.47991810E-02     1.09000600E+00     2.73589940E-05     1.25057108E-03     2.26395118E-01     1.87492466E-03     1.36112954E-08     2.46435022E-06     2.04068004E-08
    3.08750000E+04     1.73500000E+02     3.53079410E-02     1.09000600E+00     2.73589940E-05     1.36433390E-03     2.36529244E-01     2.04545416E-03     1.44247042E-08     2.50100240E-06     2.16259910E-08
    3.08750000E+04     1.76000000E+02     3.58167010E-02     1.09000600E+00     2.73589940E-05     1.48659252E-03     2.46964906E-01     2.22871524E-03     1.52740304E-08     2.53769096E-06     2.28989888E-08
    3.08750000E+04     1.78500000E+02     3.63254610E-02     1.09000600E+00     2.73589940E-05     1.61784704E-03     2.57706820E-01     2.42545692E-03     1.61603148E-08     2.57441692E-06     2.42273512E-08
    3.08750000E+04     1.81000000E+02     3.68342210E-02     1.09000600E+00     2.73589940E-05     1.75861934E-03     2.68759732E-01     2.63646076E-03     1.70846142E-08     2.61118124E-06     2.56126580E-08
    3.08750000E+04     1.83500000E+02     3.73429810E-02     1.09000600E+00     2.73589940E-05     1.90945364E-03     2.80128424E-01     2.86254194E-03     1.80479996E-08     2.64798512E-06     2.70565130E-08
    3.08750000E+04     1.86000000E+02     3.78517410E-02     1.09000600E+00     2.73589940E-05     2.07091708E-03     2.91817678E-01     3.10454978E-03     1.90515566E-08     2.68482958E-06     2.85605388E-08
    3.08750000E+04     1.88500000E+02     3.83605010E-02     1.09000600E+00     2.73589940E-05     2.24360052E-03     3.03832314E-01     3.36336920E-03     2.00963856E-08     2.72171572E-06     3.01263820E-08
    3.08750000E+04     1.91000000E+02     3.88692610E-02     1.09000600E+00     2.73589940E-05     2.42811918E-03     3.16177178E-01     3.63992138E-03     2.11836030E-08     2.75864466E-06     3.17557112E-08
    3.08750000E+04     1.93500000E+02     3.93780210E-02     1.09000600E+00     2.73589940E-05     2.62511326E-03     3.28857142E-01     3.93516506E-03     2.23143396E-08     2.79561766E-06     3.34502192E-08
    3.08750000E+04     1.96000000E+02     3.98867810E-02     1.09000600E+00     2.73589940E-05     2.83524832E-03     3.41877090E-01     4.25009688E-03     2.34897406E-08     2.83263578E-06     3.52116164E-08
    3.08750000E+04     1.98500000E+02     4.03955410E-02     1.09000600E+00     2.73589940E-05     3.05921640E-03     3.55241944E-01     4.58575280E-03     2.47109650E-08     2.86970008E-06     3.70416364E-08
    3.08750000E+04     2.01000000E+02     4.09043010E-02     1.09000600E+00     2.73589940E-05     3.29773640E-03     3.68956652E-01     4.94320944E-03     2.59791886E-08     2.90681190E-06     3.89420372E-08
    3.08750000E+04     2.03500000E+02     4.14130610E-02     1.09000600E+00     2.73589940E-05     3.55155510E-03     3.83026190E-01     5.32358466E-03     2.72956016E-08     2.94397238E-06     4.09145982E-08
    3.08750000E+04     2.06000000E+02     4.19218210E-02     1.09000600E+00     2.73589940E-05     3.82144724E-03     3.97455556E-01     5.72803838E-03     2.86614068E-08     2.98118272E-06     4.29611176E-08
    3.08750000E+04     2.08500000E+02     4.24305806E-02     1.09000600E+00     2.73589940E-05     4.10821700E-03     4.12249782E-01     6.15777446E-03     3.00778254E-08     3.01844416E-06     4.50834194E-08
    3.08750000E+04     2.11000000E+02     4.29393400E-02     1.09000600E+00     2.73589940E-05     4.41269822E-03     4.27413940E-01     6.61404108E-03     3.15460906E-08     3.05575796E-06     4.72833484E-08
    3.08750000E+04     2.13500000E+02     4.34481000E-02     1.09000600E+00     2.73589940E-05     4.73575486E-03     4.42953102E-01     7.09813154E-03     3.30674502E-08     3.09312524E-06     4.95627682E-08
    3.08750000E+04     2.16000000E+02     4.39568600E-02     1.09000600E+00     2.73589940E-05     5.07828294E-03     4.58872416E-01     7.61138686E-03     3.46431704E-08     3.13054742E-06     5.19235708E-08
    3.08750000E+04     2.18500000E+02     4.44656200E-02     1.09000600E+00     2.73589940E-05     5.44121014E-03     4.75177038E-01     8.15519560E-03     3.62745312E-08     3.16802586E-06     5.43676686E-08
    3.08750000E+04     2.21000000E+02     4.49743800E-02     1.09000600E+00     2.73589940E-05     5.82549612E-03     4.91872142E-01     8.73099408E-03     3.79628218E-08     3.20556164E-06     5.68969878E-08
    3.08750000E+04     2.23500000E+02     4.54831400E-02     1.09000600E+00     2.73589940E-05     6.23213508E-03     5.08962960E-01     9.34026996E-03     3.97093528E-08     3.24315624E-06     5.95134866E-08
    3.08750000E+04     2.26000000E+02     4.59919000E-02     1.09000600E+00     2.73589940E-05     6.66215448E-03     5.26454730E-01     9.98456104E-03     4.15154440E-08     3.28081082E-06     6.22191362E-08
    3.08750000E+04     2.28500000E+02     4.65006600E-02     1.09000600E+00     2.73589940E-05     7.11661818E-03     5.44352778E-01     1.06654592E-02     4.33824384E-08     3.31852694E-06     6.50159420E-08
    3.08750000E+04     2.31000000E+02     4.70094200E-02     1.09000600E+00     2.73589940E-05     7.59662438E-03     5.62662408E-01     1.13846074E-02     4.53116832E-08     3.35630572E-06     6.79059170E-08
    3.08750000E+04     2.33500000E+02     4.75181800E-02     1.09000600E+00     2.73589940E-05     8.10330884E-03     5.81388990E-01     1.21437056E-02     4.73045488E-08     3.39414868E-06     7.08911066E-08
    3.08750000E+04     2.36000000E+02     4.80269400E-02     1.09000600E+00     2.73589940E-05     8.63784482E-03     6.00537946E-01     1.29445086E-02     4.93624186E-08     3.43205728E-06     7.39735764E-08
    3.08750000E+04     2.38500000E+02     4.85357000E-02     1.09000600E+00     2.73589940E-05     9.20144288E-03     6.20114694E-01     1.37888276E-02     5.14866860E-08     3.47003278E-06     7.71554070E-08
    3.08750000E+04     2.41000000E+02     4.90444600E-02     1.09000600E+00     2.73589940E-05     9.79535308E-03     6.40124710E-01     1.46785332E-02     5.36787618E-08     3.50807654E-06     8.04387046E-08
    3.08750000E+04     2.43500000E+02     4.95532200E-02     1.09000600E+00     2.73589940E-05     1.04208676E-02     6.60573580E-01     1.56155576E-02     5.59400832E-08     3.54619038E-06     8.38256144E-08
    3.08750000E+04     2.46000000E+02     5.00619800E-02     1.09000600E+00     2.73589940E-05     1.10793136E-02     6.81466762E-01     1.66018864E-02     5.82720736E-08     3.58437518E-06     8.73182604E-08
    3.08750000E+04     2.48500000E+02     5.05707400E-02     1.09000600E+00     2.73589940E-05     1.17720660E-02     7.02809932E-01     1.76395766E-02     6.06762016E-08     3.62263280E-06     9.09188352E-08
    3.08750000E+04     2.52250000E+02     5.13338800E-02     1.09000600E+00     2.73589940E-05     1.28833657E-02     7.35738772E-01     1.93041544E-02     6.44303489E-08     3.68016836E-06     9.65410440E-08
    3.08750000E+04     2.57250000E+02     5.23514000E-02     1.09000600E+00     2.73589940E-05     1.44928050E-02     7.81195925E-01     2.17147628E-02     6.96899343E-08     3.75713841E-06     1.04417369E-07
    3.08750000E+04     2.62250000E+02     5.33689200E-02     1.09000600E+00     2.73589940E-05     1.62663900E-02     8.28556065E-01     2.43710726E-02     7.52650162E-08     3.83442639E-06     1.12765613E-07
    3.08750000E+04     2.67250000E+02     5.43864397E-02     1.09000600E+00     2.73589940E-05     1.82172440E-02     8.77866155E-01     2.72927058E-02     8.11679476E-08     3.91204460E-06     1.21604191E-07
    3.08750000E+04     2.72250000E+02     5.54039590E-02     1.09000600E+00     2.73589940E-05     2.03592634E-02     9.29173990E-01     3.05004367E-02     8.74113246E-08     3.99000581E-06     1.30951888E-07
    3.08750000E+04     2.77250000E+02     5.64214790E-02     1.09000600E+00     2.73589940E-05     2.27071417E-02     9.82528108E-01     3.40162300E-02     9.40079679E-08     4.06832277E-06     1.40827813E-07
    3.08750000E+04     2.82250000E+02     5.74389990E-02     1.09000600E+00     2.73589940E-05     2.52764059E-02     1.03797792E+00     3.78632924E-02     1.00970942E-07     4.14700865E-06     1.51251441E-07
    3.08750000E+04     2.87250000E+02     5.84565190E-02     1.09000600E+00     2.73589940E-05     2.80834444E-02     1.09557368E+00     4.20661144E-02     1.08313545E-07     4.22607681E-06     1.62242589E-07
    3.08750000E+04     2.92250000E+02     5.94740390E-02     1.09000600E+00     2.73589940E-05     3.11455361E-02     1.15536661E+00     4.66505152E-02     1.16049310E-07     4.30554079E-06     1.73821406E-07
    3.08750000E+04     2.97250000E+02     6.04915590E-02     1.09000600E+00     2.73589940E-05     3.44808864E-02     1.21740870E+00     5.16436925E-02     1.24192003E-07     4.38541447E-06     1.86008401E-07
    3.08750000E+04     3.02250000E+02     6.15090790E-02     1.09000600E+00     2.73589940E-05     3.81086559E-02     1.28175307E+00     5.70742694E-02     1.32755628E-07     4.46571178E-06     1.98824423E-07
    3.08750000E+04     3.07250000E+02     6.25265990E-02     1.09000600E+00     2.73589940E-05     4.20489936E-02     1.34845376E+00     6.29723399E-02     1.41754417E-07     4.54644706E-06     2.12290661E-07
    3.08750000E+04     3.12250000E+02     6.35441190E-02     1.09000600E+00     2.73589940E-05     4.63230765E-02     1.41756585E+00     6.93695285E-02     1.51202853E-07     4.62763489E-06     2.26428663E-07
    3.08750000E+04     3.17250000E+02     6.45616390E-02     1.09000600E+00     2.73589940E-05     5.09531313E-02     1.48914544E+00     7.62990235E-02     1.61115637E-07     4.70928994E-06     2.41260297E-07
    3.08750000E+04     3.22250000E+02     6.55791590E-02     1.09000600E+00     2.73589940E-05     5.59624813E-02     1.56324981E+00     8.37956451E-02     1.71507710E-07     4.79142726E-06     2.56807795E-07
    3.08750000E+04     3.27250000E+02     6.65966786E-02     1.09000600E+00     2.73589940E-05     6.13755706E-02     1.63993719E+00     9.18958804E-02     1.82394244E-07     4.87406190E-06     2.73093704E-07
    3.08750000E+04     3.32250000E+02     6.76141980E-02     1.09000600E+00     2.73589940E-05     6.72180132E-02     1.71926729E+00     1.00637958E-01     1.93790659E-07     4.95720955E-06     2.90140957E-07
    3.08750000E+04     3.37250000E+02     6.86317180E-02     1.09000600E+00     2.73589940E-05     7.35166133E-02     1.80130076E+00     1.10061876E-01     2.05712587E-07     5.04088586E-06     3.07972786E-07
    3.08750000E+04     3.42250000E+02     6.96492380E-02     1.09000600E+00     2.73589940E-05     8.02994119E-02     1.88609954E+00     1.20209471E-01     2.18175911E-07     5.12510662E-06     3.26612784E-07
    3.08750000E+04     3.47250000E+02     7.06667580E-02     1.09000600E+00     2.73589940E-05     8.75957270E-02     1.97372693E+00     1.31124479E-01     2.31196750E-07     5.20988814E-06     3.46084893E-07
    3.08750000E+04     3.52250000E+02     7.16842780E-02     1.09000600E+00     2.73589940E-05     9.54361769E-02     2.06424748E+00     1.42852569E-01     2.44791441E-07     5.29524677E-06     3.66413365E-07
    3.08750000E+04     3.57250000E+02     7.27017980E-02     1.09000600E+00     2.73589940E-05     1.03852733E-01     2.15772703E+00     1.55441410E-01     2.58976554E-07     5.38119898E-06     3.87622804E-07
    3.08750000E+04     3.62250000E+02     7.37193180E-02     1.09000600E+00     2.73589940E-05     1.12878751E-01     2.25423297E+00     1.68940752E-01     2.73768919E-07     5.46776178E-06     4.09738175E-07
    3.08750000E+04     3.67250000E+02     7.47368380E-02     1.09000600E+00     2.73589940E-05     1.22549014E-01     2.35383403E+00     1.83402437E-01     2.89185562E-07     5.55495226E-06     4.32784748E-07
    3.08750000E+04     3.72250000E+02     7.57543580E-02     1.09000600E+00     2.73589940E-05     1.32899776E-01     2.45660039E+00     1.98880504E-01     3.05243780E-07     5.64278777E-06     4.56788171E-07
    3.08750000E+04     3.77250000E+02     7.67718780E-02     1.09000600E+00     2.73589940E-05     1.43968778E-01     2.56260368E+00     2.15431197E-01     3.21961056E-07     5.73128559E-06     4.81774356E-07
    3.08750000E+04     3.82250000E+02     7.77893980E-02     1.09000600E+00     2.73589940E-05     1.55795343E-01     2.67191736E+00     2.33113100E-01     3.39355174E-07     5.82046393E-06     5.07769661E-07
    3.08750000E+04     3.87250000E+02     7.88069175E-02     1.09000600E+00     2.73589940E-05     1.68420335E-01     2.78461615E+00     2.51987101E-01     3.57444059E-07     5.91034050E-06     5.34800655E-07
    3.08750000E+04     3.92250000E+02     7.98244370E-02     1.09000600E+00     2.73589940E-05     1.81886297E-01     2.90077660E+00     2.72116556E-01     3.76245962E-07     6.00093372E-06     5.62894351E-07
    3.08750000E+04     3.97250000E+02     8.08419570E-02     1.09000600E+00     2.73589940E-05     1.96237412E-01     3.02047683E+00     2.93567258E-01     3.95779298E-07     6.09226188E-06     5.92078030E-07
    3.08750000E+04     4.02250000E+02     8.18594770E-02     1.09000600E+00     2.73589940E-05     2.11519590E-01     3.14379692E+00     3.16407569E-01     4.16062748E-07     6.18434403E-06     6.22379334E-07
    3.08750000E+04     4.07250000E+02     8.28769970E-02     1.09000600E+00     2.73589940E-05     2.27780493E-01     3.27081832E+00     3.40708435E-01     4.37115195E-07     6.27719876E-06     6.53826202E-07
    3.08750000E+04     4.12250000E+02     8.38945170E-02     1.09000600E+00     2.73589940E-05     2.45069616E-01     3.40162463E+00     3.66543518E-01     4.58955809E-07     6.37084553E-06     6.86446992E-07
    3.08750000E+04     4.17250000E+02     8.49120370E-02     1.09000600E+00     2.73589940E-05     2.63438265E-01     3.53630119E+00     3.93989163E-01     4.81603934E-07     6.46530362E-06     7.20270299E-07
    3.08750000E+04     4.22250000E+02     8.59295570E-02     1.09000600E+00     2.73589940E-05     2.82939659E-01     3.67493502E+00     4.23124541E-01     5.05079170E-07     6.56059245E-06     7.55325090E-07
    3.08750000E+04     4.27250000E+02     8.69470770E-02     1.09000600E+00     2.73589940E-05     3.03628952E-01     3.81761561E+00     4.54031700E-01     5.29401344E-07     6.65673238E-06     7.91640666E-07
    3.08750000E+04     4.32250000E+02     8.79645970E-02     1.09000600E+00     2.73589940E-05     3.25563290E-01     3.96443392E+00     4.86795613E-01     5.54590519E-07     6.75374316E-06     8.29246657E-07
    3.08750000E+04     4.37250000E+02     8.89821170E-02     1.09000600E+00     2.73589940E-05     3.48801842E-01     4.11548331E+00     5.21504256E-01     5.80666981E-07     6.85164535E-06     8.68173012E-07
    3.08750000E+04     4.42250000E+02     8.99996370E-02     1.09000600E+00     2.73589940E-05     3.73405876E-01     4.27085888E+00     5.58248703E-01     6.07651268E-07     6.95045926E-06     9.08450037E-07
    3.08750000E+04     4.47250000E+02     9.10171565E-02     1.09000600E+00     2.73589940E-05     3.99438748E-01     4.43065814E+00     5.97123126E-01     6.35564099E-07     7.05020579E-06     9.50108308E-07
    3.08750000E+04     4.52250000E+02     9.20346760E-02     1.09000600E+00     2.73589940E-05     4.26966024E-01     4.59498074E+00     6.38224926E-01     6.64426455E-07     7.15090601E-06     9.93178757E-07
    3.08750000E+04     4.57250000E+02     9.30521960E-02     1.09000600E+00     2.73589940E-05     4.56055495E-01     4.76392849E+00     6.81654827E-01     6.94259562E-07     7.25258118E-06     1.03769267E-06
    3.08750000E+04     4.62250000E+02     9.40697160E-02     1.09000600E+00     2.73589940E-05     4.86777236E-01     4.93760560E+00     7.27516902E-01     7.25084894E-07     7.35525286E-06     1.08368171E-06
    3.08750000E+04     4.67250000E+02     9.50872360E-02     1.09000600E+00     2.73589940E-05     5.19203597E-01     5.11611838E+00     7.75918583E-01     7.56924062E-07     7.45894261E-06     1.13117769E-06
    3.08750000E+04     4.72250000E+02     9.61047560E-02     1.09000600E+00     2.73589940E-05     5.53409332E-01     5.29957564E+00     8.26970848E-01     7.89798964E-07     7.56367228E-06     1.18021287E-06
    3.08750000E+04     4.77250000E+02     9.71222760E-02     1.09000600E+00     2.73589940E-05     5.89471651E-01     5.48808884E+00     8.80788302E-01     8.23731775E-07     7.66946434E-06     1.23081985E-06
    3.08750000E+04     4.82250000E+02     9.81397960E-02     1.09000600E+00     2.73589940E-05     6.27470186E-01     5.68177142E+00     9.37489106E-01     8.58744805E-07     7.77634081E-06     1.28303149E-06
    3.08750000E+04     4.87250000E+02     9.91573160E-02     1.09000600E+00     2.73589940E-05     6.67487163E-01     5.88074012E+00     9.97195242E-01     8.94860687E-07     7.88432487E-06     1.33688106E-06
    3.08750000E+04     4.92250000E+02     1.00174836E-01     1.09000600E+00     2.73589940E-05     7.09607315E-01     6.08511357E+00     1.06003240E+00     9.32102188E-07     7.99343906E-06     1.39240203E-06
    3.08750000E+04     4.97250000E+02     1.01192356E-01     1.09000600E+00     2.73589940E-05     7.53918045E-01     6.29501293E+00     1.12613018E+00     9.70492343E-07     8.10370606E-06     1.44962822E-06
    3.08750000E+04     5.12250000E+02     1.04244916E-01     1.09000600E+00     2.73589940E-05     9.03476811E-01     6.96516570E+00     1.34916374E+00     1.09403195E-06     8.44290944E-06     1.63372588E-06
    3.08750000E+04     5.37250000E+02     1.09332515E-01     1.09000600E+00     2.73589940E-05     1.20177205E+00     8.19540021E+00     1.79380655E+00     1.32317250E-06     9.03157663E-06     1.97502008E-06
    3.08750000E+04     5.62250000E+02     1.14420114E-01     1.09000600E+00     2.73589940E-05     1.57792751E+00     9.59457015E+00     2.35416618E+00     1.58648686E-06     9.65454102E-06     2.36694455E-06
    3.08750000E+04     5.87250000E+02     1.19507714E-01     1.09000600E+00     2.73589940E-05     2.04739173E+00     1.11823988E+01     3.05308053E+00     1.88719495E-06     1.03150280E-05     2.81420427E-06
    3.08750000E+04     6.12250000E+02     1.24595314E-01     1.09000600E+00     2.73589940E-05     2.62779742E+00     1.29807990E+01     3.91658102E+00     2.22865717E-06     1.10164034E-05     3.32169719E-06
    3.08750000E+04     6.37250000E+02     1.29682914E-01     1.09000600E+00     2.73589940E-05     3.33915552E+00     1.50140671E+01     4.97416824E+00     2.61437333E-06     1.17621729E-05     3.89451129E-06
    3.08750000E+04     6.62250000E+02     1.34770512E-01     1.09000600E+00     2.73589940E-05     4.20405755E+00     1.73090849E+01     6.25909760E+00     3.04798211E-06     1.25559803E-05     4.53792198E-06
    3.08750000E+04     6.87250000E+02     1.39858112E-01     1.09000600E+00     2.73589940E-05     5.24788486E+00     1.98955289E+01     7.80867358E+00     3.53325987E-06     1.34016069E-05     5.25738876E-06
    3.08750000E+04     7.12250000E+02     1.44945712E-01     1.09000600E+00     2.73589940E-05     6.49902630E+00     2.28060906E+01     9.66455367E+00     4.07412007E-06     1.43029723E-05     6.05855249E-06
    3.08750000E+04     7.37250000E+02     1.50033312E-01     1.09000600E+00     2.73589940E-05     7.98910259E+00     2.60766994E+01     1.18730603E+01     4.67461216E-06     1.52641317E-05     6.94723202E-06
    3.08750000E+04     7.62250000E+02     1.55120912E-01     1.09000600E+00     2.73589940E-05     9.75319802E+00     2.97467509E+01     1.44855004E+01     5.33892039E-06     1.62892733E-05     7.92942055E-06
    3.08750000E+04     7.87250000E+02     1.60208510E-01     1.09000600E+00     2.73589940E-05     1.18301004E+01     3.38593541E+01     1.75584950E+01     6.07136335E-06     1.73827213E-05     9.01128297E-06
    3.08750000E+04     8.12250000E+02     1.65296110E-01     1.09000600E+00     2.73589940E-05     1.42625469E+01     3.84615743E+01     2.11543133E+01     6.87639237E-06     1.85489333E-05     1.01991515E-05
    3.08750000E+04     8.37250000E+02     1.70383710E-01     1.09000600E+00     2.73589940E-05     1.70974769E+01     4.36046823E+01     2.53412159E+01     7.75859075E-06     1.97924966E-05     1.14995227E-05
    3.08750000E+04     8.62250000E+02     1.75471310E-01     1.09000600E+00     2.73589940E-05     2.03862938E+01     4.93444234E+01     3.01938054E+01     8.72267270E-06     2.11181317E-05     1.29190534E-05
    3.08750000E+04     8.87250000E+02     1.80558910E-01     1.09000600E+00     2.73589940E-05     2.41851304E+01     5.57412738E+01     3.57933800E+01     9.77348191E-06     2.25306853E-05     1.44645570E-05
    3.08750000E+04     9.12250000E+02     1.85646508E-01     1.09000600E+00     2.73589940E-05     2.85551236E+01     6.28607294E+01     4.22282976E+01     1.09159906E-05     2.40351372E-05     1.61429995E-05
    3.08750000E+04     9.37250000E+02     1.90734108E-01     1.09000600E+00     2.73589940E-05     3.35626932E+01     7.07735701E+01     4.95943405E+01     1.21552983E-05     2.56365907E-05     1.79614951E-05
    3.08750000E+04     9.62250000E+02     1.95821708E-01     1.09000600E+00     2.73589940E-05     3.92798305E+01     7.95561527E+01     5.79950897E+01     1.34966302E-05     2.73402752E-05     1.99273028E-05
    3.08750000E+04     9.87250000E+02     2.00909308E-01     1.09000600E+00     2.73589940E-05     4.57843911E+01     8.92907150E+01     6.75423040E+01     1.49453374E-05     2.91515482E-05     2.20478224E-05
    3.08750000E+04     1.01225000E+03     2.05996907E-01     1.09000600E+00     2.73589940E-05     5.31603914E+01     1.00065659E+02     7.83562954E+01     1.65068932E-05     3.10758885E-05     2.43305889E-05
    3.08750000E+04     1.03725000E+03     2.11084506E-01     1.09000600E+00     2.73589940E-05     6.14983146E+01     1.11975853E+02     9.05663177E+01     1.81868933E-05     3.31188933E-05     2.67832683E-05
    3.08750000E+04     1.06225000E+03     2.16172106E-01     1.09000600E+00     2.73589940E-05     7.08954243E+01     1.25122966E+02     1.04310958E+02     1.99910550E-05     3.52862870E-05     2.94136551E-05
    3.08750000E+04     1.08725000E+03     2.21259706E-01     1.09000600E+00     2.73589940E-05     8.14560759E+01     1.39615761E+02     1.19738520E+02     2.19252135E-05     3.75839089E-05     3.22296647E-05
    3.08750000E+04     1.11225000E+03     2.26347306E-01     1.09000600E+00     2.73589940E-05     9.32920461E+01     1.55570445E+02     1.37007430E+02     2.39953239E-05     4.00177222E-05     3.52393325E-05
    3.08750000E+04     1.13725000E+03     2.31434905E-01     1.09000600E+00     2.73589940E-05     1.06522850E+02     1.73110940E+02     1.56286616E+02     2.62074558E-05     4.25937959E-05     3.84508042E-05
    3.08750000E+04     1.16225000E+03     2.36522504E-01     1.09000600E+00     2.73589940E-05     1.21276082E+02     1.92369272E+02     1.77755919E+02     2.85677947E-05     4.53183197E-05     4.18723354E-05
    3.08750000E+04     1.18725000E+03     2.41610104E-01     1.09000600E+00     2.73589940E-05     1.37687748E+02     2.13485914E+02     2.01606480E+02     3.10826391E-05     4.81976016E-05     4.55122840E-05
    3.08750000E+04     1.21225000E+03     2.46697704E-01     1.09000600E+00     2.73589940E-05     1.55902623E+02     2.36610080E+02     2.28041160E+02     3.37584010E-05     5.12380564E-05     4.93791085E-05
    3.08750000E+04     1.23725000E+03     2.51785304E-01     1.09000600E+00     2.73589940E-05     1.76074571E+02     2.61900082E+02     2.57274903E+02     3.66016010E-05     5.44462047E-05     5.34813583E-05
    3.08750000E+04     1.26225000E+03     2.56872902E-01     1.09000600E+00     2.73589940E-05     1.98366918E+02     2.89523756E+02     2.89535166E+02     3.96188686E-05     5.78286891E-05     5.78276711E-05
    3.08750000E+04     1.28725000E+03     2.61960502E-01     1.09000600E+00     2.73589940E-05     2.22952805E+02     3.19658666E+02     3.25062295E+02     4.28169404E-05     6.13922390E-05     6.24267679E-05
    3.08750000E+04     1.31225000E+03     2.67048102E-01     1.09000600E+00     2.73589940E-05     2.50015550E+02     3.52492669E+02     3.64109946E+02     4.62026603E-05     6.51437125E-05     6.72874495E-05
    3.08750000E+04     1.33725000E+03     2.72135702E-01     1.09000600E+00     2.73589940E-05     2.79749004E+02     3.88224112E+02     4.06945444E+02     4.97829737E-05     6.90900581E-05     7.24185863E-05
    3.08750000E+04     1.36225000E+03     2.77223302E-01     1.09000600E+00     2.73589940E-05     3.12357922E+02     4.27062199E+02     4.53850195E+02     5.35649283E-05     7.32383174E-05     7.78291156E-05
    3.08750000E+04     1.38725000E+03     2.82310900E-01     1.09000600E+00     2.73589940E-05     3.48058340E+02     4.69227593E+02     5.05120063E+02     5.75556720E-05     7.75956606E-05     8.35280363E-05
    3.08750000E+04     1.41225000E+03     2.87398500E-01     1.09000600E+00     2.73589940E-05     3.87077956E+02     5.14952365E+02     5.61065781E+02     6.17624526E-05     8.21693141E-05     8.95244054E-05
    3.08750000E+04     1.43725000E+03     2.92486100E-01     1.09000600E+00     2.73589940E-05     4.29656491E+02     5.64480921E+02     6.22013283E+02     6.61926123E-05     8.69666481E-05     9.58273269E-05
    3.08750000E+04     1.46225000E+03     2.97573700E-01     1.09000600E+00     2.73589940E-05     4.76046092E+02     6.18069895E+02     6.88304128E+02     7.08535903E-05     9.19950958E-05     1.02445952E-04
    3.08750000E+04     1.48725000E+03     3.02661299E-01     1.09000600E+00     2.73589940E-05     5.26511704E+02     6.75988803E+02     7.60295838E+02     7.57529177E-05     9.72621938E-05     1.09389470E-04
    3.08750000E+04     1.51225000E+03     3.07748898E-01     1.09000600E+00     2.73589940E-05     5.81331463E+02     7.38520273E+02     8.38362272E+02     8.08982167E-05     1.02775558E-04     1.16667105E-04
    3.08750000E+04     1.53725000E+03     3.12836498E-01     1.09000600E+00     2.73589940E-05     6.40797080E+02     8.05960692E+02     9.22893976E+02     8.62971983E-05     1.08542916E-04     1.24288103E-04
    3.08750000E+04     1.56225000E+03     3.17924098E-01     1.09000600E+00     2.73589940E-05     7.05214229E+02     8.78620285E+02     1.01429853E+03     9.19576595E-05     1.14572064E-04     1.32261735E-04
    3.08750000E+04     1.58725000E+03     3.23011698E-01     1.09000600E+00     2.73589940E-05     7.74902974E+02     9.56823618E+02     1.11300093E+03     9.78874851E-05     1.20870879E-04     1.40597289E-04
    3.08750000E+04     1.61225000E+03     3.28099297E-01     1.09000600E+00     2.73589940E-05     8.50198139E+02     1.04091036E+03     1.21944389E+03     1.04094643E-04     1.27447359E-04     1.49304063E-04
    3.08750000E+04     1.63725000E+03     3.33186896E-01     1.09000600E+00     2.73589940E-05     9.31449681E+02     1.13123507E+03     1.33408810E+03     1.10587177E-04     1.34309552E-04     1.58391353E-04
    3.08750000E+04     1.66225000E+03     3.38274496E-01     1.09000600E+00     2.73589940E-05     1.01902318E+03     1.22816763E+03     1.45741276E+03     1.17373220E-04     1.41465554E-04     1.67868459E-04
    3.08750000E+04     1.68725000E+03     3.43362096E-01     1.09000600E+00     2.73589940E-05     1.11330012E+03     1.33209426E+03     1.58991561E+03     1.24460972E-04     1.48923580E-04     1.77744670E-04
    3.08750000E+04     1.71225000E+03     3.48449696E-01     1.09000600E+00     2.73589940E-05     1.21467840E+03     1.44341794E+03     1.73211344E+03     1.31858715E-04     1.56691962E-04     1.88029262E-04
    3.08750000E+04     1.73725000E+03     3.53537294E-01     1.09000600E+00     2.73589940E-05     1.32357264E+03     1.56255729E+03     1.88454219E+03     1.39574795E-04     1.64778981E-04     1.98731482E-04
    3.08750000E+04     1.76225000E+03     3.58624894E-01     1.09000600E+00     2.73589940E-05     1.44041469E+03     1.68994937E+03     2.04775751E+03     1.47617642E-04     1.73193121E-04     2.09860564E-04
    3.08750000E+04     1.78725000E+03     3.63712494E-01     1.09000600E+00     2.73589940E-05     1.56565395E+03     1.82604789E+03     2.22233470E+03     1.55995742E-04     1.81942841E-04     2.21425700E-04
    3.08750000E+04     1.81225000E+03     3.68800094E-01     1.09000600E+00     2.73589940E-05     1.69975778E+03     1.97132518E+03     2.40886913E+03     1.64717654E-04     1.91036723E-04     2.33436038E-04
    3.08750000E+04     1.83725000E+03     3.73887694E-01     1.09000600E+00     2.73589940E-05     1.84321202E+03     2.12627160E+03     2.60797656E+03     1.73792000E-04     2.00483380E-04     2.45900699E-04
    3.08750000E+04     1.86225000E+03     3.78975292E-01     1.09000600E+00     2.73589940E-05     1.99652115E+03     2.29139645E+03     2.82029306E+03     1.83227459E-04     2.10291500E-04     2.58828726E-04
    3.08750000E+04     1.88725000E+03     3.84062892E-01     1.09000600E+00     2.73589940E-05     2.16020908E+03     2.46722836E+03     3.04647575E+03     1.93032783E-04     2.20469839E-04     2.72229136E-04
    3.08750000E+04     1.91225000E+03     3.89150492E-01     1.09000600E+00     2.73589940E-05     2.33481906E+03     2.65431523E+03     3.28720229E+03     2.03216763E-04     2.31027182E-04     2.86110849E-04
    3.08750000E+04     1.93725000E+03     3.94238092E-01     1.09000600E+00     2.73589940E-05     2.52091454E+03     2.85322535E+03     3.54317170E+03     2.13788257E-04     2.41972401E-04     3.00482734E-04
    3.08750000E+04     1.96225000E+03     3.99325691E-01     1.09000600E+00     2.73589940E-05     2.71907930E+03     3.06454709E+03     3.81510421E+03     2.24756177E-04     2.53314390E-04     3.15353583E-04
    3.08750000E+04     1.98725000E+03     4.04413290E-01     1.09000600E+00     2.73589940E-05     2.92991794E+03     3.28888971E+03     4.10374145E+03     2.36129476E-04     2.65062105E-04     3.30732095E-04
    3.08750000E+04     2.01225000E+03     4.09500890E-01     1.09000600E+00     2.73589940E-05     3.15405626E+03     3.52688450E+03     4.40984663E+03     2.47917164E-04     2.77224609E-04     3.46626890E-04
    3.08750000E+04     2.03725000E+03     4.14588490E-01     1.09000600E+00     2.73589940E-05     3.39214168E+03     3.77918295E+03     4.73420459E+03     2.60128291E-04     2.89810900E-04     3.63046483E-04
    3.08750000E+04     2.06225000E+03     4.19676090E-01     1.09000600E+00     2.73589940E-05     3.64484354E+03     4.04645921E+03     5.07762192E+03     2.72771948E-04     3.02830072E-04     3.79999289E-04
    3.08750000E+04     2.08725000E+03     4.24763689E-01     1.09000600E+00     2.73589940E-05     3.91285387E+03     4.32941034E+03     5.44092740E+03     2.85857288E-04     3.16291296E-04     3.97493638E-04
    3.08750000E+04     2.11225000E+03     4.29851288E-01     1.09000600E+00     2.73589940E-05     4.19688693E+03     4.62875555E+03     5.82497103E+03     2.99393460E-04     3.30203737E-04     4.15537691E-04
    3.08750000E+04     2.13725000E+03     4.34938888E-01     1.09000600E+00     2.73589940E-05     4.49768077E+03     4.94523731E+03     6.23062555E+03     3.13389698E-04     3.44576597E-04     4.34139553E-04
    3.08750000E+04     2.16225000E+03     4.40026488E-01     1.09000600E+00     2.73589940E-05     4.81599649E+03     5.27962203E+03     6.65878511E+03     3.27855230E-04     3.59419140E-04     4.53307151E-04
    3.08750000E+04     2.18725000E+03     4.45114088E-01     1.09000600E+00     2.73589940E-05     5.15261948E+03     5.63269952E+03     7.11036625E+03     3.42799338E-04     3.74740625E-04     4.73048309E-04
    3.08750000E+04     2.21225000E+03     4.50201686E-01     1.09000600E+00     2.73589940E-05     5.50835940E+03     6.00528431E+03     7.58630747E+03     3.58231335E-04     3.90550364E-04     4.93370711E-04
    3.08750000E+04     2.23725000E+03     4.55289286E-01     1.09000600E+00     2.73589940E-05     5.88405013E+03     6.39821526E+03     8.08756855E+03     3.74160524E-04     4.06857670E-04     5.14281853E-04
    3.08750000E+04     2.26225000E+03     4.60376886E-01     1.09000600E+00     2.73589940E-05     6.28055139E+03     6.81235789E+03     8.61513227E+03     3.90596285E-04     4.23671981E-04     5.35789145E-04
    3.08750000E+04     2.28725000E+03     4.65464486E-01     1.09000600E+00     2.73589940E-05     6.69874773E+03     7.24859982E+03     9.17000240E+03     4.07547981E-04     4.41002549E-04     5.57899789E-04
    3.08750000E+04     2.31225000E+03     4.70552086E-01     1.09000600E+00     2.73589940E-05     7.13954964E+03     7.70785731E+03     9.75320462E+03     4.25024997E-04     4.58858818E-04     5.80620839E-04
    3.08750000E+04     2.33725000E+03     4.75639684E-01     1.09000600E+00     2.73589940E-05     7.60389409E+03     8.19107304E+03     1.03657866E+04     4.43036762E-04     4.77250262E-04     6.03959200E-04
    3.08750000E+04     2.36225000E+03     4.80727284E-01     1.09000600E+00     2.73589940E-05     8.09274399E+03     8.69921380E+03     1.10088170E+04     4.61592679E-04     4.96186229E-04     6.27921559E-04
    3.08750000E+04     2.38725000E+03     4.85814884E-01     1.09000600E+00     2.73589940E-05     8.60708940E+03     9.23327419E+03     1.16833856E+04     4.80702185E-04     5.15676130E-04     6.52514446E-04
    3.08750000E+04     2.41225000E+03     4.90902484E-01     1.09000600E+00     2.73589940E-05     9.14794790E+03     9.79427796E+03     1.23906044E+04     5.00374738E-04     5.35729496E-04     6.77744226E-04
    3.08750000E+04     2.43725000E+03     4.95990083E-01     1.09000600E+00     2.73589940E-05     9.71636373E+03     1.03832736E+04     1.31316049E+04     5.20619756E-04     5.56355708E-04     7.03617003E-04
    3.08750000E+04     2.46225000E+03     5.01077682E-01     1.09000600E+00     2.73589940E-05     1.03134100E+04     1.10013397E+04     1.39075401E+04     5.41446712E-04     5.77564275E-04     7.30138758E-04
    3.08750000E+04     2.48725000E+03     5.06165282E-01     1.09000600E+00     2.73589940E-05     1.09401869E+04     1.16495807E+04     1.47195827E+04     5.62865028E-04     5.99364563E-04     7.57315190E-04
    3.08750000E+04     2.52475000E+03     5.13796682E-01     1.09000600E+00     2.73589940E-05     1.19426527E+04     1.26851431E+04     1.60128562E+04     5.96198899E-04     6.33272128E-04     7.99402992E-04
    3.08750000E+04     2.57475000E+03     5.23971880E-01     1.09000600E+00     2.73589940E-05     1.33889846E+04     1.41771320E+04     1.78686924E+04     6.42701858E-04     6.80541345E-04     8.57751137E-04
    3.08750000E+04     2.62475000E+03     5.34147080E-01     1.09000600E+00     2.73589940E-05     1.49755294E+04     1.58112017E+04     1.98910823E+04     6.91740144E-04     7.30347460E-04     9.18810286E-04
    3.08750000E+04     2.67475000E+03     5.44322279E-01     1.09000600E+00     2.73589940E-05     1.67124993E+04     1.75976021E+04     2.20903342E+04     7.43388907E-04     7.82765515E-04     9.82615520E-04
    3.08750000E+04     2.72475000E+03     5.54497478E-01     1.09000600E+00     2.73589940E-05     1.86105935E+04     1.95470767E+04     2.44770386E+04     7.97722989E-04     8.37870539E-04     1.04919796E-03
    3.08750000E+04     2.77475000E+03     5.64672678E-01     1.09000600E+00     2.73589940E-05     2.06810069E+04     2.16708585E+04     2.70620542E+04     8.54816873E-04     8.95736918E-04     1.11858469E-03
    3.08750000E+04     2.82475000E+03     5.74847876E-01     1.09000600E+00     2.73589940E-05     2.29354362E+04     2.39806828E+04     2.98564874E+04     9.14744509E-04     9.56438521E-04     1.19079841E-03
    3.08750000E+04     2.87475000E+03     5.85023076E-01     1.09000600E+00     2.73589940E-05     2.53860898E+04     2.64888005E+04     3.28716775E+04     9.77579333E-04     1.02004887E-03     1.26585749E-03
    3.08750000E+04     2.92475000E+03     5.95198275E-01     1.09000600E+00     2.73589940E-05     2.80456920E+04     2.92079781E+04     3.61191718E+04     1.04339409E-03     1.08664077E-03     1.34377565E-03
    3.08750000E+04     2.97475000E+03     6.05373474E-01     1.09000600E+00     2.73589940E-05     3.09274904E+04     3.21514993E+04     3.96107063E+04     1.11226077E-03     1.15628603E-03     1.42456190E-03
    3.08750000E+04     3.02475000E+03     6.15548674E-01     1.09000600E+00     2.73589940E-05     3.40452625E+04     3.53331866E+04     4.33581814E+04     1.18425062E-03     1.22905606E-03     1.50822043E-03
    3.08750000E+04     3.07475000E+03     6.25723872E-01     1.09000600E+00     2.73589940E-05     3.74133180E+04     3.87673872E+04     4.73736349E+04     1.25943392E-03     1.30502098E-03     1.59475040E-03
    3.08750000E+04     3.12475000E+03     6.35899072E-01     1.09000600E+00     2.73589940E-05     4.10465060E+04     4.24689958E+04     5.16692161E+04     1.33788000E-03     1.38425030E-03     1.68414592E-03
    3.08750000E+04     3.17475000E+03     6.46074270E-01     1.09000600E+00     2.73589940E-05     4.49602159E+04     4.64534317E+04     5.62571553E+04     1.41965709E-03     1.46681187E-03     1.77639582E-03
    3.08750000E+04     3.22475000E+03     6.56249470E-01     1.09000600E+00     2.73589940E-05     4.91703826E+04     5.07366882E+04     6.11497358E+04     1.50483231E-03     1.55277334E-03     1.87148365E-03
    3.08750000E+04     3.27475000E+03     6.66424669E-01     1.09000600E+00     2.73589940E-05     5.36934861E+04     5.53352706E+04     6.63592576E+04     1.59347150E-03     1.64220006E-03     1.96938752E-03
    3.08750000E+04     3.32475000E+03     6.76599868E-01     1.09000600E+00     2.73589940E-05     5.85465558E+04     6.02662576E+04     7.18980081E+04     1.68563923E-03     1.73515685E-03     2.07008002E-03
    3.08750000E+04     3.37475000E+03     6.86775068E-01     1.09000600E+00     2.73589940E-05     6.37471694E+04     6.55472568E+04     7.77782243E+04     1.78139871E-03     1.83170656E-03     2.17352819E-03
    3.08750000E+04     3.42475000E+03     6.96950266E-01     1.09000600E+00     2.73589940E-05     6.93134509E+04     7.11964486E+04     8.40120545E+04     1.88081158E-03     1.93191125E-03     2.27969334E-03
    3.08750000E+04     3.47475000E+03     7.07125466E-01     1.09000600E+00     2.73589940E-05     7.52640759E+04     7.72325467E+04     9.06115262E+04     1.98393808E-03     2.03583105E-03     2.38853116E-03
    3.08750000E+04     3.52475000E+03     7.17300665E-01     1.09000600E+00     2.73589940E-05     8.16182609E+04     8.36747981E+04     9.75884970E+04     2.09083667E-03     2.14352413E-03     2.49999145E-03
    3.08750000E+04     3.57475000E+03     7.27475864E-01     1.09000600E+00     2.73589940E-05     8.83957717E+04     9.05430202E+04     1.04954626E+05     2.20156432E-03     2.25504772E-03     2.61401832E-03
    3.08750000E+04     3.62475000E+03     7.37651063E-01     1.09000600E+00     2.73589940E-05     9.56169110E+04     9.78575493E+04     1.12721323E+05     2.31617612E-03     2.37045666E-03     2.73055001E-03
    3.08750000E+04     3.67475000E+03     7.47826262E-01     1.09000600E+00     2.73589940E-05     1.03302517E+05     1.05639266E+05     1.20899704E+05     2.43472532E-03     2.48980426E-03     2.84951881E-03
    3.08750000E+04     3.72475000E+03     7.58001462E-01     1.09000600E+00     2.73589940E-05     1.11473960E+05     1.13909590E+05     1.29500552E+05     2.55726332E-03     2.61314211E-03     2.97085121E-03
    3.08750000E+04     3.77475000E+03     7.68176660E-01     1.09000600E+00     2.73589940E-05     1.20153138E+05     1.22690456E+05     1.38534277E+05     2.68383961E-03     2.74051948E-03     3.09446790E-03
    3.08750000E+04     3.82475000E+03     7.78351860E-01     1.09000600E+00     2.73589940E-05     1.29362465E+05     1.32004314E+05     1.48010856E+05     2.81450157E-03     2.87198366E-03     3.22028356E-03
    3.08750000E+04     3.87475000E+03     7.88527059E-01     1.09000600E+00     2.73589940E-05     1.39124873E+05     1.41874142E+05     1.57939798E+05     2.94929460E-03     3.00758018E-03     3.34820721E-03
    3.08750000E+04     3.92475000E+03     7.98702258E-01     1.09000600E+00     2.73589940E-05     1.49463789E+05     1.52323390E+05     1.68330091E+05     3.08826186E-03     3.14735177E-03     3.47814193E-03
    3.08750000E+04     3.97475000E+03     8.08877458E-01     1.09000600E+00     2.73589940E-05     1.60403143E+05     1.63376065E+05     1.79190157E+05     3.23144443E-03     3.29134018E-03     3.60998519E-03
    3.08750000E+04     4.02475000E+03     8.19052656E-01     1.09000600E+00     2.73589940E-05     1.71967351E+05     1.75056592E+05     1.90527803E+05     3.37888112E-03     3.43958361E-03     3.74362870E-03
    3.08750000E+04     4.07475000E+03     8.29227856E-01     1.09000600E+00     2.73589940E-05     1.84181296E+05     1.87389905E+05     2.02350171E+05     3.53060838E-03     3.59211867E-03     3.87895855E-03
    3.08750000E+04     4.12475000E+03     8.39403054E-01     1.09000600E+00     2.73589940E-05     1.97070332E+05     2.00401402E+05     2.14663688E+05     3.68666039E-03     3.74897960E-03     4.01585527E-03
    3.08750000E+04     4.17475000E+03     8.49578254E-01     1.09000600E+00     2.73589940E-05     2.10660272E+05     2.14116925E+05     2.27474029E+05     3.84706906E-03     3.91019804E-03     4.15419416E-03
    3.08750000E+04     4.22475000E+03     8.59753453E-01     1.09000600E+00     2.73589940E-05     2.24977354E+05     2.28562777E+05     2.40786048E+05     4.01186368E-03     4.07580367E-03     4.29384492E-03
    3.08750000E+04     4.27475000E+03     8.69928652E-01     1.09000600E+00     2.73589940E-05     2.40048260E+05     2.43765652E+05     2.54603755E+05     4.18107136E-03     4.24582309E-03     4.43467238E-03
    3.08750000E+04     4.32475000E+03     8.80103852E-01     1.09000600E+00     2.73589940E-05     2.55900066E+05     2.59752690E+05     2.68930230E+05     4.35471633E-03     4.42028094E-03     4.57653578E-03
    3.08750000E+04     4.37475000E+03     8.90279050E-01     1.09000600E+00     2.73589940E-05     2.72560264E+05     2.76551412E+05     2.83767624E+05     4.53282071E-03     4.59919907E-03     4.71928996E-03
    3.08750000E+04     4.42475000E+03     9.00454250E-01     1.09000600E+00     2.73589940E-05     2.90056732E+05     2.94189719E+05     2.99117092E+05     4.71540406E-03     4.78259676E-03     4.86278492E-03
    3.08750000E+04     4.47475000E+03     9.10629449E-01     1.09000600E+00     2.73589940E-05     3.08417695E+05     3.12695904E+05     3.14978711E+05     4.90248303E-03     4.97049110E-03     5.00686561E-03
    3.08750000E+04     4.52475000E+03     9.20804648E-01     1.09000600E+00     2.73589940E-05     3.27671754E+05     3.32098589E+05     3.31351506E+05     5.09407214E-03     5.16289621E-03     5.15137313E-03
    3.08750000E+04     4.57475000E+03     9.30979848E-01     1.09000600E+00     2.73589940E-05     3.47847834E+05     3.52426750E+05     3.48233349E+05     5.29018308E-03     5.35982399E-03     5.29614403E-03
    3.08750000E+04     4.62475000E+03     9.41155046E-01     1.09000600E+00     2.73589940E-05     3.68975190E+05     3.73709673E+05     3.65620950E+05     5.49082514E-03     5.56128355E-03     5.44101101E-03
    3.08750000E+04     4.67475000E+03     9.51330246E-01     1.09000600E+00     2.73589940E-05     3.91083361E+05     3.95976951E+05     3.83509785E+05     5.69600473E-03     5.76728149E-03     5.58580270E-03
    3.08750000E+04     4.72475000E+03     9.61505444E-01     1.09000600E+00     2.73589940E-05     4.14202189E+05     4.19258435E+05     4.01894099E+05     5.90572599E-03     5.97782144E-03     5.73034447E-03
    3.08750000E+04     4.77475000E+03     9.71680644E-01     1.09000600E+00     2.73589940E-05     4.38361778E+05     4.43584305E+05     4.20766840E+05     6.11999035E-03     6.19290537E-03     5.87445825E-03
    3.08750000E+04     4.82475000E+03     9.81855843E-01     1.09000600E+00     2.73589940E-05     4.63592472E+05     4.68984891E+05     4.40119627E+05     6.33879661E-03     6.41253130E-03     6.01796276E-03
    3.08750000E+04     4.87475000E+03     9.92031042E-01     1.09000600E+00     2.73589940E-05     4.89924857E+05     4.95490919E+05     4.59942731E+05     6.56214111E-03     6.63669691E-03     6.16067403E-03
    3.08750000E+04     4.92475000E+03     1.00220624E+00     1.09000600E+00     2.73589940E-05     5.17389729E+05     5.23133115E+05     4.80225038E+05     6.79001768E-03     6.86539454E-03     6.30240556E-03
    3.08750000E+04     4.97475000E+03     1.01238144E+00     1.09000600E+00     2.73589940E-05     5.46018067E+05     5.51942548E+05     5.00954013E+05     7.02241748E-03     7.09861599E-03     6.44296840E-03
    3.08750000E+04     5.00000000E+03     1.01751990E+00     1.09000600E+00     2.73589940E-05     5.60877000E+05     5.66894230E+05     5.11569830E+05     7.14130760E-03     7.21792130E-03     6.51350920E-03
