    3.08750000E+04     5.00000000E-01     1.01752000E-04     8.11217980E+00     1.78110750E+00     0.00000000E+00     5.52840000E-06     0.00000000E+00     0.00000000E+00     7.03890000E-06     0.00000000E+00
    3.08750000E+04     1.00000000E+00     2.03504000E-04     8.11217980E+00     1.78110750E+00     0.00000000E+00     4.42269000E-05     0.00000000E+00     0.00000000E+00     1.40779000E-05     0.00000000E+00
    3.08750000E+04     1.50000000E+00     3.05256000E-04     8.11217980E+00     1.78110750E+00     0.00000000E+00     1.49266200E-04     0.00000000E+00     0.00000000E+00     2.11168000E-05     0.00000000E+00
    3.08750000E+04     2.00000000E+00     4.07008000E-04     8.11217980E+00     1.78110750E+00     0.00000000E+00     3.53817600E-04     0.00000000E+00     0.00000000E+00     2.81559000E-05     0.00000000E+00
    3.08750000E+04     2.50000000E+00     5.08760000E-04     8.11217980E+00     1.78110750E+00     0.00000000E+00     6.91053700E-04     0.00000000E+00     0.00000000E+00     3.51951000E-05     0.00000000E+00
    3.08750000E+04     3.00000000E+00     6.10511900E-04     8.11217980E+00     1.78110750E+00     0.00000000E+00     1.19414860E-03     0.00000000E+00     0.00000000E+00     4.22344000E-05     0.00000000E+00
    3.08750000E+04     3.50000000E+00     7.12263900E-04     8.11217980E+00     1.78110750E+00     0.00000000E+00     1.89627840E-03     0.00000000E+00     0.00000000E+00     4.92738000E-05     0.00000000E+00
    3.08750000E+04     4.00000000E+00     8.14015900E-04     8.11217980E+00     1.78110750E+00     1.00000000E-10     2.83062150E-03     1.00000000E-10     0.00000000E+00     5.63134000E-05     0.00000000E+00
    3.08750000E+04     4.50000000E+00     9.15767900E-04     8.11217980E+00     1.78110750E+00     1.00000000E-10     4.03035870E-03     2.00000000E-10     0.00000000E+00     6.33532000E-05     0.00000000E+00
    3.08750000E+04     5.00000000E+00     1.01751990E-03     8.11217980E+00     1.78110750E+00     2.00000000E-10     5.52867530E-03     3.00000000E-10     0.00000000E+00     7.03933000E-05     0.00000000E+00
    3.08750000E+04     5.50000000E+00     1.11927190E-03     8.11217980E+00     1.78110750E+00     4.00000000E-10     7.35875790E-03     6.00000000E-10     0.00000000E+00     7.74336000E-05     0.00000000E+00
    3.08750000E+04     6.00000000E+00     1.22102390E-03     8.11217980E+00     1.78110750E+00     6.00000000E-10     9.55379930E-03     9.00000000E-10     0.00000000E+00     8.44741000E-05     0.00000000E+00
    3.08750000E+04     6.50000000E+00     1.32277590E-03     8.11217980E+00     1.78110750E+00     1.00000000E-09     1.21469950E-02     1.50000000E-09     0.00000000E+00     9.15150000E-05     0.00000000E+00
    3.08750000E+04     7.00000000E+00     1.42452790E-03     8.11217980E+00     1.78110750E+00     1.60000000E-09     1.51715470E-02     2.30000000E-09     0.00000000E+00     9.85562000E-05     0.00000000E+00
    3.08750000E+04     7.50000000E+00     1.52627990E-03     8.11217980E+00     1.78110750E+00     2.40000000E-09     1.86606590E-02     3.50000000E-09     0.00000000E+00     1.05597700E-04     0.00000000E+00
    3.08750000E+04     8.00000000E+00     1.62803190E-03     8.11217980E+00     1.78110750E+00     3.50000000E-09     2.26475460E-02     5.20000000E-09     0.00000000E+00     1.12639600E-04     0.00000000E+00
    3.08750000E+04     8.50000000E+00     1.72978390E-03     8.11217980E+00     1.78110750E+00     5.00000000E-09     2.71654200E-02     7.50000000E-09     0.00000000E+00     1.19682000E-04     0.00000000E+00
    3.08750000E+04     9.00000000E+00     1.83153580E-03     8.11217980E+00     1.78110750E+00     7.10000000E-09     3.22475090E-02     1.06000000E-08     0.00000000E+00     1.26724700E-04     0.00000000E+00
    3.08750000E+04     9.50000000E+00     1.93328780E-03     8.11217980E+00     1.78110750E+00     9.80000000E-09     3.79270430E-02     1.46000000E-08     0.00000000E+00     1.33767900E-04     1.00000000E-10
    3.08750000E+04     1.00000000E+01     2.03503980E-03     8.11217980E+00     1.78110750E+00     1.33000000E-08     4.42372590E-02     1.99000000E-08     0.00000000E+00     1.40811600E-04     1.00000000E-10
    3.08750000E+04     1.05000000E+01     2.13679180E-03     8.11217980E+00     1.78110750E+00     1.78000000E-08     5.12114000E-02     2.67000000E-08     1.00000000E-10     1.47855700E-04     1.00000000E-10
    3.08750000E+04     1.10000000E+01     2.23854380E-03     8.11217980E+00     1.78110750E+00     2.35000000E-08     5.88827200E-02     3.53000000E-08     1.00000000E-10     1.54900400E-04     1.00000000E-10
    3.08750000E+04     1.15000000E+01     2.34029580E-03     8.11217980E+00     1.78110750E+00     3.07000000E-08     6.72844820E-02     4.61000000E-08     1.00000000E-10     1.61945700E-04     1.00000000E-10
    3.08750000E+04     1.20000000E+01     2.44204780E-03     8.11217980E+00     1.78110750E+00     3.97000000E-08     7.64499510E-02     5.95000000E-08     1.00000000E-10     1.68991500E-04     1.00000000E-10
    3.08750000E+04     1.25000000E+01     2.54379980E-03     8.11217980E+00     1.78110750E+00     5.07000000E-08     8.64124090E-02     7.60000000E-08     1.00000000E-10     1.76037900E-04     2.00000000E-10
    3.08750000E+04     1.30000000E+01     2.64555180E-03     8.11217980E+00     1.78110750E+00     6.41000000E-08     9.72051510E-02     9.62000000E-08     1.00000000E-10     1.83085000E-04     2.00000000E-10
    3.08750000E+04     1.35000000E+01     2.74730380E-03     8.11217980E+00     1.78110750E+00     8.04000000E-08     1.08861460E-01     1.20600000E-07     1.00000000E-10     1.90132700E-04     2.00000000E-10
    3.08750000E+04     1.40000000E+01     2.84905580E-03     8.11217980E+00     1.78110750E+00     1.00000000E-07     1.21414660E-01     1.50000000E-07     2.00000000E-10     1.97181000E-04     2.00000000E-10
    3.08750000E+04     1.45000000E+01     2.95080780E-03     8.11217980E+00     1.78110750E+00     1.23500000E-07     1.34898060E-01     1.85200000E-07     2.00000000E-10     2.04230100E-04     3.00000000E-10
    3.08750000E+04     1.50000000E+01     3.05255970E-03     8.11217980E+00     1.78110750E+00     1.51300000E-07     1.49344990E-01     2.26900000E-07     2.00000000E-10     2.11279900E-04     3.00000000E-10
    3.08750000E+04     1.55000000E+01     3.15431170E-03     8.11217980E+00     1.78110750E+00     1.84200000E-07     1.64788790E-01     2.76300000E-07     2.00000000E-10     2.18330500E-04     4.00000000E-10
    3.08750000E+04     1.60000000E+01     3.25606370E-03     8.11217980E+00     1.78110750E+00     2.22800000E-07     1.81262830E-01     3.34300000E-07     3.00000000E-10     2.25381800E-04     4.00000000E-10
    3.08750000E+04     1.65000000E+01     3.35781570E-03     8.11217980E+00     1.78110750E+00     2.68000000E-07     1.98800450E-01     4.02000000E-07     3.00000000E-10     2.32434000E-04     5.00000000E-10
    3.08750000E+04     1.70000000E+01     3.45956770E-03     8.11217980E+00     1.78110750E+00     3.20600000E-07     2.17435050E-01     4.80900000E-07     4.00000000E-10     2.39486900E-04     5.00000000E-10
    3.08750000E+04     1.75000000E+01     3.56131970E-03     8.11217980E+00     1.78110750E+00     3.81500000E-07     2.37200000E-01     5.72200000E-07     4.00000000E-10     2.46540700E-04     6.00000000E-10
    3.08750000E+04     1.80000000E+01     3.66307170E-03     8.11217980E+00     1.78110750E+00     4.51800000E-07     2.58128730E-01     6.77600000E-07     4.00000000E-10     2.53595400E-04     7.00000000E-10
    3.08750000E+04     1.85000000E+01     3.76482370E-03     8.11217980E+00     1.78110750E+00     5.32500000E-07     2.80254650E-01     7.98700000E-07     5.00000000E-10     2.60651100E-04     7.00000000E-10
    3.08750000E+04     1.90000000E+01     3.86657570E-03     8.11217980E+00     1.78110750E+00     6.24900000E-07     3.03611160E-01     9.37300000E-07     6.00000000E-10     2.67707600E-04     8.00000000E-10
    3.08750000E+04     1.95000000E+01     3.96832770E-03     8.11217980E+00     1.78110750E+00     7.30300000E-07     3.28231780E-01     1.09540000E-06     6.00000000E-10     2.74765100E-04     9.00000000E-10
    3.08750000E+04     2.00000000E+01     4.07007970E-03     8.11217980E+00     1.78110750E+00     8.50100000E-07     3.54149910E-01     1.27510000E-06     7.00000000E-10     2.81823500E-04     1.00000000E-09
    3.08750000E+04     2.05000000E+01     4.17183170E-03     8.11217980E+00     1.78110750E+00     9.85900000E-07     3.81399020E-01     1.47870000E-06     7.00000000E-10     2.88883000E-04     1.10000000E-09
    3.08750000E+04     2.10000000E+01     4.27358360E-03     8.11217980E+00     1.78110750E+00     1.13920000E-06     4.10012660E-01     1.70870000E-06     8.00000000E-10     2.95943500E-04     1.20000000E-09
    3.08750000E+04     2.15000000E+01     4.37533560E-03     8.11217980E+00     1.78110750E+00     1.31200000E-06     4.40024310E-01     1.96780000E-06     9.00000000E-10     3.03005000E-04     1.40000000E-09
    3.08750000E+04     2.20000000E+01     4.47708760E-03     8.11217980E+00     1.78110750E+00     1.50600000E-06     4.71467480E-01     2.25880000E-06     1.00000000E-09     3.10067700E-04     1.50000000E-09
    3.08750000E+04     2.25000000E+01     4.57883960E-03     8.11217980E+00     1.78110750E+00     1.72340000E-06     5.04375720E-01     2.58490000E-06     1.10000000E-09     3.17131400E-04     1.60000000E-09
    3.08750000E+04     2.30000000E+01     4.68059160E-03     8.11217980E+00     1.78110750E+00     1.96640000E-06     5.38782640E-01     2.94920000E-06     1.20000000E-09     3.24196300E-04     1.80000000E-09
    3.08750000E+04     2.35000000E+01     4.78234360E-03     8.11217980E+00     1.78110750E+00     2.23720000E-06     5.74721760E-01     3.35540000E-06     1.30000000E-09     3.31262300E-04     1.90000000E-09
    3.08750000E+04     2.40000000E+01     4.88409560E-03     8.11217980E+00     1.78110750E+00     2.53840000E-06     6.12226680E-01     3.80720000E-06     1.40000000E-09     3.38329500E-04     2.10000000E-09
    3.08750000E+04     2.45000000E+01     4.98584760E-03     8.11217980E+00     1.78110750E+00     2.87270000E-06     6.51331080E-01     4.30860000E-06     1.50000000E-09     3.45397900E-04     2.30000000E-09
    3.08750000E+04     2.50000000E+01     5.08759960E-03     8.11217980E+00     1.78110750E+00     3.24290000E-06     6.92068470E-01     4.86380000E-06     1.70000000E-09     3.52467600E-04     2.50000000E-09
    3.08750000E+04     2.55000000E+01     5.18935160E-03     8.11217980E+00     1.78110750E+00     3.65210000E-06     7.34472660E-01     5.47740000E-06     1.80000000E-09     3.59538500E-04     2.70000000E-09
    3.08750000E+04     2.60000000E+01     5.29110360E-03     8.11217980E+00     1.78110750E+00     4.10330000E-06     7.78577220E-01     6.15430000E-06     1.90000000E-09     3.66610700E-04     2.90000000E-09
    3.08750000E+04     2.65000000E+01     5.39285560E-03     8.11217980E+00     1.78110750E+00     4.60020000E-06     8.24415860E-01     6.89940000E-06     2.10000000E-09     3.73684200E-04     3.10000000E-09
    3.08750000E+04     2.70000000E+01     5.49460750E-03     8.11217980E+00     1.78110750E+00     5.14610000E-06     8.72022260E-01     7.71820000E-06     2.20000000E-09     3.80759000E-04     3.40000000E-09
    3.08750000E+04     2.75000000E+01     5.59635950E-03     8.11217980E+00     1.78110750E+00     5.74510000E-06     9.21430310E-01     8.61640000E-06     2.40000000E-09     3.87835200E-04     3.60000000E-09
    3.08750000E+04     2.80000000E+01     5.69811150E-03     8.11217980E+00     1.78110750E+00     6.40100000E-06     9.72673580E-01     9.60010000E-06     2.60000000E-09     3.94912800E-04     3.90000000E-09
    3.08750000E+04     2.85000000E+01     5.79986350E-03     8.11217980E+00     1.78110750E+00     7.11820000E-06     1.02578600E+00     1.06757000E-05     2.80000000E-09     4.01991800E-04     4.20000000E-09
    3.08750000E+04     2.90000000E+01     5.90161550E-03     8.11217980E+00     1.78110750E+00     7.90110000E-06     1.08080120E+00     1.18499000E-05     3.00000000E-09     4.09072200E-04     4.50000000E-09
    3.08750000E+04     2.95000000E+01     6.00336750E-03     8.11217980E+00     1.78110750E+00     8.75460000E-06     1.13775320E+00     1.31297000E-05     3.20000000E-09     4.16154100E-04     4.80000000E-09
    3.08750000E+04     3.00000000E+01     6.10511950E-03     8.11217980E+00     1.78110750E+00     9.68350000E-06     1.19667570E+00     1.45228000E-05     3.40000000E-09     4.23237400E-04     5.10000000E-09
    3.08750000E+04     3.05000000E+01     6.20687150E-03     8.11217980E+00     1.78110750E+00     1.06931000E-05     1.25760250E+00     1.60368000E-05     3.70000000E-09     4.30322300E-04     5.50000000E-09
    3.08750000E+04     3.10000000E+01     6.30862350E-03     8.11217980E+00     1.78110750E+00     1.17889000E-05     1.32056770E+00     1.76802000E-05     3.90000000E-09     4.37408700E-04     5.90000000E-09
    3.08750000E+04     3.15000000E+01     6.41037550E-03     8.11217980E+00     1.78110750E+00     1.29768000E-05     1.38560530E+00     1.94616000E-05     4.20000000E-09     4.44496700E-04     6.20000000E-09
    3.08750000E+04     3.20000000E+01     6.51212750E-03     8.11217980E+00     1.78110750E+00     1.42628000E-05     1.45274900E+00     2.13902000E-05     4.40000000E-09     4.51586300E-04     6.60000000E-09
    3.08750000E+04     3.25000000E+01     6.61387950E-03     8.11217980E+00     1.78110750E+00     1.56533000E-05     1.52203270E+00     2.34754000E-05     4.70000000E-09     4.58677400E-04     7.10000000E-09
    3.08750000E+04     3.30000000E+01     6.71563140E-03     8.11217980E+00     1.78110750E+00     1.71550000E-05     1.59349060E+00     2.57273000E-05     5.00000000E-09     4.65770200E-04     7.50000000E-09
    3.08750000E+04     3.35000000E+01     6.81738340E-03     8.11217980E+00     1.78110750E+00     1.87748000E-05     1.66715670E+00     2.81564000E-05     5.30000000E-09     4.72864700E-04     8.00000000E-09
    3.08750000E+04     3.40000000E+01     6.91913540E-03     8.11217980E+00     1.78110750E+00     2.05202000E-05     1.74306510E+00     3.07737000E-05     5.70000000E-09     4.79960900E-04     8.50000000E-09
    3.08750000E+04     3.45000000E+01     7.02088740E-03     8.11217980E+00     1.78110750E+00     2.23987000E-05     1.82124950E+00     3.35907000E-05     6.00000000E-09     4.87058800E-04     9.00000000E-09
    3.08750000E+04     3.50000000E+01     7.12263940E-03     8.11217980E+00     1.78110750E+00     2.44184000E-05     1.90174450E+00     3.66193000E-05     6.30000000E-09     4.94158400E-04     9.50000000E-09
    3.08750000E+04     3.55000000E+01     7.22439140E-03     8.11217980E+00     1.78110750E+00     2.65877000E-05     1.98458390E+00     3.98722000E-05     6.70000000E-09     5.01259800E-04     1.01000000E-08
    3.08750000E+04     3.60000000E+01     7.32614340E-03     8.11217980E+00     1.78110750E+00     2.89152000E-05     2.06980210E+00     4.33624000E-05     7.10000000E-09     5.08363000E-04     1.07000000E-08
    3.08750000E+04     3.65000000E+01     7.42789540E-03     8.11217980E+00     1.78110750E+00     3.14101000E-05     2.15743320E+00     4.71035000E-05     7.50000000E-09     5.15468000E-04     1.13000000E-08
    3.08750000E+04     3.70000000E+01     7.52964740E-03     8.11217980E+00     1.78110750E+00     3.40818000E-05     2.24751130E+00     5.11098000E-05     7.90000000E-09     5.22574900E-04     1.19000000E-08
    3.08750000E+04     3.75000000E+01     7.63139940E-03     8.11217980E+00     1.78110750E+00     3.69403000E-05     2.34007050E+00     5.53961000E-05     8.40000000E-09     5.29683600E-04     1.25000000E-08
    3.08750000E+04     3.80000000E+01     7.73315140E-03     8.11217980E+00     1.78110750E+00     3.99959000E-05     2.43514530E+00     5.99778000E-05     8.80000000E-09     5.36794200E-04     1.32000000E-08
    3.08750000E+04     3.85000000E+01     7.83490340E-03     8.11217980E+00     1.78110750E+00     4.32593000E-05     2.53277030E+00     6.48711000E-05     9.30000000E-09     5.43906800E-04     1.39000000E-08
    3.08750000E+04     3.90000000E+01     7.93665530E-03     8.11217980E+00     1.78110750E+00     4.67416000E-05     2.63297930E+00     7.00926000E-05     9.80000000E-09     5.51021300E-04     1.47000000E-08
    3.08750000E+04     3.95000000E+01     8.03840730E-03     8.11217980E+00     1.78110750E+00     5.04544000E-05     2.73580690E+00     7.56597000E-05     1.03000000E-08     5.58137700E-04     1.54000000E-08
    3.08750000E+04     4.00000000E+01     8.14015930E-03     8.11217980E+00     1.78110750E+00     5.44098000E-05     2.84128730E+00     8.15905000E-05     1.08000000E-08     5.65256100E-04     1.62000000E-08
    3.08750000E+04     4.05000000E+01     8.24191130E-03     8.11217980E+00     1.78110750E+00     5.86203000E-05     2.94945540E+00     8.79038000E-05     1.14000000E-08     5.72376600E-04     1.71000000E-08
    3.08750000E+04     4.10000000E+01     8.34366330E-03     8.11217980E+00     1.78110750E+00     6.30990000E-05     3.06034500E+00     9.46189000E-05     1.19000000E-08     5.79499100E-04     1.79000000E-08
    3.08750000E+04     4.15000000E+01     8.44541530E-03     8.11217980E+00     1.78110750E+00     6.78592000E-05     3.17399130E+00     1.01756200E-04     1.25000000E-08     5.86623800E-04     1.88000000E-08
    3.08750000E+04     4.20000000E+01     8.54716730E-03     8.11217980E+00     1.78110750E+00     7.29149000E-05     3.29042820E+00     1.09336600E-04     1.32000000E-08     5.93750500E-04     1.97000000E-08
    3.08750000E+04     4.25000000E+01     8.64891930E-03     8.11217980E+00     1.78110750E+00     7.82808000E-05     3.40969040E+00     1.17381800E-04     1.38000000E-08     6.00879200E-04     2.07000000E-08
    3.08750000E+04     4.30000000E+01     8.75067130E-03     8.11217980E+00     1.78110750E+00     8.39717000E-05     3.53181280E+00     1.25914400E-04     1.45000000E-08     6.08010200E-04     2.17000000E-08
    3.08750000E+04     4.35000000E+01     8.85242330E-03     8.11217980E+00     1.78110750E+00     9.00034000E-05     3.65683000E+00     1.34957700E-04     1.51000000E-08     6.15143400E-04     2.27000000E-08
    3.08750000E+04     4.40000000E+01     8.95417530E-03     8.11217980E+00     1.78110750E+00     9.63918000E-05     3.78477630E+00     1.44535900E-04     1.58000000E-08     6.22278800E-04     2.38000000E-08
    3.08750000E+04     4.45000000E+01     9.05592730E-03     8.11217980E+00     1.78110750E+00     1.03153800E-04     3.91568650E+00     1.54673900E-04     1.66000000E-08     6.29416300E-04     2.49000000E-08
    3.08750000E+04     4.50000000E+01     9.15767920E-03     8.11217980E+00     1.78110750E+00     1.10306500E-04     4.04959540E+00     1.65397600E-04     1.73000000E-08     6.36556200E-04     2.60000000E-08
    3.08750000E+04     4.55000000E+01     9.25943120E-03     8.11217980E+00     1.78110750E+00     1.17867800E-04     4.18653800E+00     1.76733900E-04     1.81000000E-08     6.43698300E-04     2.72000000E-08
    3.08750000E+04     4.60000000E+01     9.36118320E-03     8.11217980E+00     1.78110750E+00     1.25856300E-04     4.32654880E+00     1.88710400E-04     1.89000000E-08     6.50842700E-04     2.84000000E-08
    3.08750000E+04     4.65000000E+01     9.46293520E-03     8.11217980E+00     1.78110750E+00     1.34290900E-04     4.46966250E+00     2.01355600E-04     1.98000000E-08     6.57989500E-04     2.96000000E-08
    3.08750000E+04     4.70000000E+01     9.56468720E-03     8.11217980E+00     1.78110750E+00     1.43191400E-04     4.61591450E+00     2.14699100E-04     2.06000000E-08     6.65138600E-04     3.09000000E-08
    3.08750000E+04     4.75000000E+01     9.66643920E-03     8.11217980E+00     1.78110750E+00     1.52578200E-04     4.76533910E+00     2.28771500E-04     2.15000000E-08     6.72290100E-04     3.23000000E-08
    3.08750000E+04     4.80000000E+01     9.76819120E-03     8.11217980E+00     1.78110750E+00     1.62472200E-04     4.91797170E+00     2.43604200E-04     2.24000000E-08     6.79444000E-04     3.37000000E-08
    3.08750000E+04     4.85000000E+01     9.86994320E-03     8.11217980E+00     1.78110750E+00     1.72895300E-04     5.07384720E+00     2.59229800E-04     2.34000000E-08     6.86600400E-04     3.51000000E-08
    3.08750000E+04     4.90000000E+01     9.97169520E-03     8.11217980E+00     1.78110750E+00     1.83869800E-04     5.23300060E+00     2.75681800E-04     2.44000000E-08     6.93759200E-04     3.65000000E-08
    3.08750000E+04     4.95000000E+01     1.00734470E-02     8.11217980E+00     1.78110750E+00     1.95418600E-04     5.39546680E+00     2.92994800E-04     2.54000000E-08     7.00920500E-04     3.81000000E-08
    3.08750000E+04     5.10000000E+01     1.03787030E-02     8.11217980E+00     1.78110750E+00     2.34428300E-04     5.90654754E+00     3.51472300E-04     2.86000000E-08     7.22422100E-04     4.29000000E-08
    3.08750000E+04     5.35000000E+01     1.08874630E-02     8.11217980E+00     1.78110750E+00     3.12322200E-04     6.82231270E+00     4.68234000E-04     3.47000000E-08     7.58306100E-04     5.20000000E-08
    3.08750000E+04     5.60000000E+01     1.13962230E-02     8.11217980E+00     1.78110750E+00     4.10690700E-04     7.82883964E+00     6.15676900E-04     4.16000000E-08     7.94258200E-04     6.24000000E-08
    3.08750000E+04     5.85000000E+01     1.19049830E-02     8.11217980E+00     1.78110750E+00     5.33630900E-04     8.93057370E+00     7.99937300E-04     4.96000000E-08     8.30281500E-04     7.43000000E-08
    3.08750000E+04     6.10000000E+01     1.24137430E-02     8.11217980E+00     1.78110750E+00     6.85827100E-04     1.01319901E+01     1.02802930E-03     5.86000000E-08     8.66379300E-04     8.78000000E-08
    3.08750000E+04     6.35000000E+01     1.29225030E-02     8.11217980E+00     1.78110750E+00     8.72603400E-04     1.14375924E+01     1.30792440E-03     6.88000000E-08     9.02555000E-04     1.03100000E-07
    3.08750000E+04     6.60000000E+01     1.34312630E-02     8.11217980E+00     1.78110750E+00     1.09998010E-03     1.28519150E+01     1.64863470E-03     8.03000000E-08     9.38811700E-04     1.20300000E-07
    3.08750000E+04     6.85000000E+01     1.39400230E-02     8.11217980E+00     1.78110750E+00     1.37473190E-03     1.43795262E+01     2.06030030E-03     9.32000000E-08     9.75152800E-04     1.39600000E-07
    3.08750000E+04     7.10000000E+01     1.44487830E-02     8.11217980E+00     1.78110750E+00     1.70444850E-03     1.60250262E+01     2.55427830E-03     1.07500000E-07     1.01158150E-03     1.61100000E-07
    3.08750000E+04     7.35000000E+01     1.49575430E-02     8.11217980E+00     1.78110750E+00     2.09759700E-03     1.77930514E+01     3.14323780E-03     1.23500000E-07     1.04810120E-03     1.85100000E-07
    3.08750000E+04     7.60000000E+01     1.54663030E-02     8.11217980E+00     1.78110750E+00     2.56358830E-03     1.96882736E+01     3.84125640E-03     1.41200000E-07     1.08471520E-03     2.11500000E-07
    3.08750000E+04     7.85000000E+01     1.59750630E-02     8.11217980E+00     1.78110750E+00     3.11284350E-03     2.17154036E+01     4.66392010E-03     1.60700000E-07     1.12142680E-03     2.40700000E-07
    3.08750000E+04     8.10000000E+01     1.64838230E-02     8.11217980E+00     1.78110750E+00     3.75686460E-03     2.38791890E+01     5.62842850E-03     1.82100000E-07     1.15823930E-03     2.72900000E-07
    3.08750000E+04     8.35000000E+01     1.69925830E-02     8.11217980E+00     1.78110750E+00     4.50830690E-03     2.61844206E+01     6.75370140E-03     2.05700000E-07     1.19515620E-03     3.08100000E-07
    3.08750000E+04     8.60000000E+01     1.75013430E-02     8.11217980E+00     1.78110750E+00     5.38105300E-03     2.86359290E+01     8.06048950E-03     2.31400000E-07     1.23218060E-03     3.46700000E-07
    3.08750000E+04     8.85000000E+01     1.80101028E-02     8.11217980E+00     1.78110750E+00     6.39029120E-03     3.12385898E+01     9.57148980E-03     2.59600000E-07     1.26931600E-03     3.88800000E-07
    3.08750000E+04     9.10000000E+01     1.85188620E-02     8.11217980E+00     1.78110750E+00     7.55259260E-03     3.39973202E+01     1.13114602E-02     2.90200000E-07     1.30656580E-03     4.34600000E-07
    3.08750000E+04     9.35000000E+01     1.90276220E-02     8.11217980E+00     1.78110750E+00     8.88599620E-03     3.69170876E+01     1.33073460E-02     3.23400000E-07     1.34393340E-03     4.84300000E-07
    3.08750000E+04     9.60000000E+01     1.95363820E-02     8.11217980E+00     1.78110750E+00     1.04100893E-02     4.00029032E+01     1.55883972E-02     3.59400000E-07     1.38142220E-03     5.38100000E-07
    3.08750000E+04     9.85000000E+01     2.00451420E-02     8.11217980E+00     1.78110750E+00     1.21460958E-02     4.32598270E+01     1.81863012E-02     3.98300000E-07     1.41903540E-03     5.96400000E-07
    3.08750000E+04     1.01000000E+02     2.05539020E-02     8.11217980E+00     1.78110750E+00     1.41169674E-02     4.66929738E+01     2.11353154E-02     4.40300000E-07     1.45677670E-03     6.59200000E-07
    3.08750000E+04     1.03500000E+02     2.10626620E-02     8.11217980E+00     1.78110750E+00     1.63474704E-02     5.03075064E+01     2.44723968E-02     4.85600000E-07     1.49464940E-03     7.26900000E-07
    3.08750000E+04     1.06000000E+02     2.15714220E-02     8.11217980E+00     1.78110750E+00     1.88642806E-02     5.41086396E+01     2.82373410E-02     5.34200000E-07     1.53265700E-03     7.99600000E-07
    3.08750000E+04     1.08500000E+02     2.20801820E-02     8.11217980E+00     1.78110750E+00     2.16960828E-02     5.81016464E+01     3.24729284E-02     5.86400000E-07     1.57080290E-03     8.77700000E-07
    3.08750000E+04     1.11000000E+02     2.25889420E-02     8.11217980E+00     1.78110750E+00     2.48736626E-02     6.22918524E+01     3.72250612E-02     6.42400000E-07     1.60909050E-03     9.61300000E-07
    3.08750000E+04     1.13500000E+02     2.30977020E-02     8.11217980E+00     1.78110750E+00     2.84300138E-02     6.66846434E+01     4.25429184E-02     7.02200000E-07     1.64752340E-03     1.05080000E-06
    3.08750000E+04     1.16000000E+02     2.36064620E-02     8.11217980E+00     1.78110750E+00     3.24004368E-02     7.12854636E+01     4.84791042E-02     7.66200000E-07     1.68610510E-03     1.14640000E-06
    3.08750000E+04     1.18500000E+02     2.41152220E-02     8.11217980E+00     1.78110750E+00     3.68226464E-02     7.60998158E+01     5.50898002E-02     8.34400000E-07     1.72483900E-03     1.24840000E-06
    3.08750000E+04     1.21000000E+02     2.46239820E-02     8.11217980E+00     1.78110750E+00     4.17368798E-02     8.11332686E+01     6.24349294E-02     9.07100000E-07     1.76372880E-03     1.35700000E-06
    3.08750000E+04     1.23500000E+02     2.51327420E-02     8.11217980E+00     1.78110750E+00     4.71860030E-02     8.63914512E+01     7.05783114E-02     9.84500000E-07     1.80277780E-03     1.47250000E-06
    3.08750000E+04     1.26000000E+02     2.56415020E-02     8.11217980E+00     1.78110750E+00     5.32156262E-02     9.18800566E+01     7.95878266E-02     1.06670000E-06     1.84198970E-03     1.59530000E-06
    3.08750000E+04     1.28500000E+02     2.61502620E-02     8.11217980E+00     1.78110750E+00     5.98742208E-02     9.76048470E+01     8.95355914E-02     1.15390000E-06     1.88136790E-03     1.72550000E-06
    3.08750000E+04     1.31000000E+02     2.66590220E-02     8.11217980E+00     1.78110750E+00     6.72132392E-02     1.03571654E+02     1.00498132E-01     1.24640000E-06     1.92091630E-03     1.86360000E-06
    3.08750000E+04     1.33500000E+02     2.71677820E-02     8.11217980E+00     1.78110750E+00     7.52872138E-02     1.09786376E+02     1.12556526E-01     1.34430000E-06     1.96063800E-03     2.00980000E-06
    3.08750000E+04     1.36000000E+02     2.76765420E-02     8.11217980E+00     1.78110750E+00     8.41539128E-02     1.16254978E+02     1.25796642E-01     1.44790000E-06     2.00053700E-03     2.16440000E-06
    3.08750000E+04     1.38500000E+02     2.81853020E-02     8.11217980E+00     1.78110750E+00     9.38744428E-02     1.22983516E+02     1.40309262E-01     1.55740000E-06     2.04061680E-03     2.32770000E-06
    3.08750000E+04     1.41000000E+02     2.86940620E-02     8.11217980E+00     1.78110750E+00     1.04513378E-01     1.29978102E+02     1.56190294E-01     1.67300000E-06     2.08088110E-03     2.50020000E-06
    3.08750000E+04     1.43500000E+02     2.92028220E-02     8.11217980E+00     1.78110750E+00     1.16138884E-01     1.37244924E+02     1.73540952E-01     1.79490000E-06     2.12133330E-03     2.68200000E-06
    3.08750000E+04     1.46000000E+02     2.97115820E-02     8.11217980E+00     1.78110750E+00     1.28822866E-01     1.44790258E+02     1.92467948E-01     1.92330000E-06     2.16197730E-03     2.87350000E-06
    3.08750000E+04     1.48500000E+02     3.02203418E-02     8.11217980E+00     1.78110750E+00     1.42641098E-01     1.52620452E+02     2.13083692E-01     2.05850000E-06     2.20281670E-03     3.07510000E-06
    3.08750000E+04     1.51000000E+02     3.07291010E-02     8.11217980E+00     1.78110750E+00     1.57673322E-01     1.60741936E+02     2.35506452E-01     2.20070000E-06     2.24385510E-03     3.28710000E-06
    3.08750000E+04     1.53500000E+02     3.12378610E-02     8.11217980E+00     1.78110750E+00     1.74003496E-01     1.69161240E+02     2.59860682E-01     2.35020000E-06     2.28509640E-03     3.50990000E-06
    3.08750000E+04     1.56000000E+02     3.17466210E-02     8.11217980E+00     1.78110750E+00     1.91719770E-01     1.77884942E+02     2.86277004E-01     2.50720000E-06     2.32654420E-03     3.74380000E-06
    3.08750000E+04     1.58500000E+02     3.22553810E-02     8.11217980E+00     1.78110750E+00     2.10914768E-01     1.86919738E+02     3.14892616E-01     2.67190000E-06     2.36820220E-03     3.98910000E-06
    3.08750000E+04     1.61000000E+02     3.27641410E-02     8.11217980E+00     1.78110750E+00     2.31685682E-01     1.96272396E+02     3.45851422E-01     2.84460000E-06     2.41007420E-03     4.24630000E-06
    3.08750000E+04     1.63500000E+02     3.32729010E-02     8.11217980E+00     1.78110750E+00     2.54134408E-01     2.05949776E+02     3.79304218E-01     3.02560000E-06     2.45216400E-03     4.51570000E-06
    3.08750000E+04     1.66000000E+02     3.37816610E-02     8.11217980E+00     1.78110750E+00     2.78367718E-01     2.15958822E+02     4.15408960E-01     3.21500000E-06     2.49447540E-03     4.79780000E-06
    3.08750000E+04     1.68500000E+02     3.42904210E-02     8.11217980E+00     1.78110750E+00     3.04497414E-01     2.26306592E+02     4.54330968E-01     3.41320000E-06     2.53701210E-03     5.09280000E-06
    3.08750000E+04     1.71000000E+02     3.47991810E-02     8.11217980E+00     1.78110750E+00     3.32640502E-01     2.37000226E+02     4.96243178E-01     3.62050000E-06     2.57977810E-03     5.40110000E-06
    3.08750000E+04     1.73500000E+02     3.53079410E-02     8.11217980E+00     1.78110750E+00     3.62919256E-01     2.48046944E+02     5.41326234E-01     3.83700000E-06     2.62277700E-03     5.72330000E-06
    3.08750000E+04     1.76000000E+02     3.58167010E-02     8.11217980E+00     1.78110750E+00     3.95461512E-01     2.59454092E+02     5.89768914E-01     4.06320000E-06     2.66601290E-03     6.05960000E-06
    3.08750000E+04     1.78500000E+02     3.63254610E-02     8.11217980E+00     1.78110750E+00     4.30400744E-01     2.71229098E+02     6.41768216E-01     4.29920000E-06     2.70948960E-03     6.41050000E-06
    3.08750000E+04     1.81000000E+02     3.68342210E-02     8.11217980E+00     1.78110750E+00     4.67876248E-01     2.83379496E+02     6.97529648E-01     4.54530000E-06     2.75321090E-03     6.77640000E-06
    3.08750000E+04     1.83500000E+02     3.73429810E-02     8.11217980E+00     1.78110750E+00     5.08033342E-01     2.95912926E+02     7.57267492E-01     4.80190000E-06     2.79718080E-03     7.15760000E-06
    3.08750000E+04     1.86000000E+02     3.78517410E-02     8.11217980E+00     1.78110750E+00     5.51023450E-01     3.08837124E+02     8.21204940E-01     5.06920000E-06     2.84140320E-03     7.55470000E-06
    3.08750000E+04     1.88500000E+02     3.83605010E-02     8.11217980E+00     1.78110750E+00     5.97004390E-01     3.22159942E+02     8.89574460E-01     5.34750000E-06     2.88588210E-03     7.96810000E-06
    3.08750000E+04     1.91000000E+02     3.88692610E-02     8.11217980E+00     1.78110750E+00     6.46140468E-01     3.35889338E+02     9.62617996E-01     5.63710000E-06     2.93062140E-03     8.39820000E-06
    3.08750000E+04     1.93500000E+02     3.93780210E-02     8.11217980E+00     1.78110750E+00     6.98602728E-01     3.50033388E+02     1.04058724E+00     5.93840000E-06     2.97562520E-03     8.84530000E-06
    3.08750000E+04     1.96000000E+02     3.98867810E-02     8.11217980E+00     1.78110750E+00     7.54569018E-01     3.64600274E+02     1.12374384E+00     6.25150000E-06     3.02089750E-03     9.31010000E-06
    3.08750000E+04     1.98500000E+02     4.03955410E-02     8.11217980E+00     1.78110750E+00     8.14224244E-01     3.79598280E+02     1.21235960E+00     6.57690000E-06     3.06644220E-03     9.79290000E-06
    3.08750000E+04     2.01000000E+02     4.09043010E-02     8.11217980E+00     1.78110750E+00     8.77760590E-01     3.95035826E+02     1.30671686E+00     6.91490000E-06     3.11226340E-03     1.02942000E-05
    3.08750000E+04     2.03500000E+02     4.14130610E-02     8.11217980E+00     1.78110750E+00     9.45377674E-01     4.10921448E+02     1.40710882E+00     7.26570000E-06     3.15836530E-03     1.08144000E-05
    3.08750000E+04     2.06000000E+02     4.19218210E-02     8.11217980E+00     1.78110750E+00     1.01728264E+00     4.27263782E+02     1.51383956E+00     7.62980000E-06     3.20475180E-03     1.13540000E-05
    3.08750000E+04     2.08500000E+02     4.24305806E-02     8.11217980E+00     1.78110750E+00     1.09369058E+00     4.44071616E+02     1.62722450E+00     8.00730000E-06     3.25142710E-03     1.19135000E-05
    3.08750000E+04     2.11000000E+02     4.29393400E-02     8.11217980E+00     1.78110750E+00     1.17482448E+00     4.61353848E+02     1.74759062E+00     8.39870000E-06     3.29839540E-03     1.24934000E-05
    3.08750000E+04     2.13500000E+02     4.34481000E-02     8.11217980E+00     1.78110750E+00     1.26091550E+00     4.79119480E+02     1.87527668E+00     8.80440000E-06     3.34566070E-03     1.30941000E-05
    3.08750000E+04     2.16000000E+02     4.39568600E-02     8.11217980E+00     1.78110750E+00     1.35220336E+00     4.97377688E+02     2.01063368E+00     9.22450000E-06     3.39322730E-03     1.37162000E-05
    3.08750000E+04     2.18500000E+02     4.44656200E-02     8.11217980E+00     1.78110750E+00     1.44893634E+00     5.16137766E+02     2.15402502E+00     9.65950000E-06     3.44109950E-03     1.43601000E-05
    3.08750000E+04     2.21000000E+02     4.49743800E-02     8.11217980E+00     1.78110750E+00     1.55137134E+00     5.35409098E+02     2.30582644E+00     1.01098000E-05     3.48928130E-03     1.50263000E-05
    3.08750000E+04     2.23500000E+02     4.54831400E-02     8.11217980E+00     1.78110750E+00     1.65977446E+00     5.55201254E+02     2.46642696E+00     1.05756000E-05     3.53777710E-03     1.57154000E-05
    3.08750000E+04     2.26000000E+02     4.59919000E-02     8.11217980E+00     1.78110750E+00     1.77442088E+00     5.75523894E+02     2.63622864E+00     1.10574000E-05     3.58659090E-03     1.64278000E-05
    3.08750000E+04     2.28500000E+02     4.65006600E-02     8.11217980E+00     1.78110750E+00     1.89559550E+00     5.96386880E+02     2.81564744E+00     1.15554000E-05     3.63572740E-03     1.71640000E-05
    3.08750000E+04     2.31000000E+02     4.70094200E-02     8.11217980E+00     1.78110750E+00     2.02359246E+00     6.17800146E+02     3.00511260E+00     1.20701000E-05     3.68519070E-03     1.79246000E-05
    3.08750000E+04     2.33500000E+02     4.75181800E-02     8.11217980E+00     1.78110750E+00     2.15871618E+00     6.39773816E+02     3.20506790E+00     1.26019000E-05     3.73498510E-03     1.87102000E-05
    3.08750000E+04     2.36000000E+02     4.80269400E-02     8.11217980E+00     1.78110750E+00     2.30128100E+00     6.62318156E+02     3.41597156E+00     1.31511000E-05     3.78511510E-03     1.95211000E-05
    3.08750000E+04     2.38500000E+02     4.85357000E-02     8.11217980E+00     1.78110750E+00     2.45161136E+00     6.85443542E+02     3.63829610E+00     1.37180000E-05     3.83558490E-03     2.03581000E-05
    3.08750000E+04     2.41000000E+02     4.90444600E-02     8.11217980E+00     1.78110750E+00     2.61004244E+00     7.09160518E+02     3.87252928E+00     1.43031000E-05     3.88639900E-03     2.12216000E-05
    3.08750000E+04     2.43500000E+02     4.95532200E-02     8.11217980E+00     1.78110750E+00     2.77692074E+00     7.33479864E+02     4.11917510E+00     1.49067000E-05     3.93756210E-03     2.21121000E-05
    3.08750000E+04     2.46000000E+02     5.00619800E-02     8.11217980E+00     1.78110750E+00     2.95260220E+00     7.58412320E+02     4.37875094E+00     1.55293000E-05     3.98907810E-03     2.30302000E-05
    3.08750000E+04     2.48500000E+02     5.05707400E-02     8.11217980E+00     1.78110750E+00     3.13745576E+00     7.83968980E+02     4.65179264E+00     1.61712000E-05     4.04095190E-03     2.39765000E-05
    3.08750000E+04     2.52250000E+02     5.13338800E-02     8.11217980E+00     1.78110750E+00     3.43403474E+00     8.23580353E+02     5.08967225E+00     1.71738000E-05     4.11948940E-03     2.54537000E-05
    3.08750000E+04     2.57250000E+02     5.23514000E-02     8.11217980E+00     1.78110750E+00     3.86363013E+00     8.78579950E+02     5.72359545E+00     1.85786000E-05     4.22543990E-03     2.75224000E-05
    3.08750000E+04     2.62250000E+02     5.33689200E-02     8.11217980E+00     1.78110750E+00     4.33713979E+00     9.36282767E+02     6.42185696E+00     2.00681000E-05     4.33290340E-03     2.97141000E-05
    3.08750000E+04     2.67250000E+02     5.43864397E-02     8.11217980E+00     1.78110750E+00     4.85808893E+00     9.96784793E+02     7.18955557E+00     2.16455000E-05     4.44191680E-03     3.20335000E-05
    3.08750000E+04     2.72250000E+02     5.54039590E-02     8.11217980E+00     1.78110750E+00     5.43021209E+00     1.06018490E+03     8.03208493E+00     2.33143000E-05     4.55251790E-03     3.44853000E-05
    3.08750000E+04     2.77250000E+02     5.64214790E-02     8.11217980E+00     1.78110750E+00     6.05746016E+00     1.12658470E+03     8.95514251E+00     2.50780000E-05     4.66474470E-03     3.70745000E-05
    3.08750000E+04     2.82250000E+02     5.74389990E-02     8.11217980E+00     1.78110750E+00     6.74400988E+00     1.19608882E+03     9.96474241E+00     2.69401000E-05     4.77863570E-03     3.98059000E-05
    3.08750000E+04     2.87250000E+02     5.84565190E-02     8.11217980E+00     1.78110750E+00     7.49427195E+00     1.26880494E+03     1.10672252E+01     2.89042000E-05     4.89423000E-03     4.26846000E-05
    3.08750000E+04     2.92250000E+02     5.94740390E-02     8.11217980E+00     1.78110750E+00     8.31289925E+00     1.34484384E+03     1.22692694E+01     3.09741000E-05     5.01156690E-03     4.57158000E-05
    3.08750000E+04     2.97250000E+02     6.04915590E-02     8.11217980E+00     1.78110750E+00     9.20479628E+00     1.42431950E+03     1.35779030E+01     3.31535000E-05     5.13068640E-03     4.89045000E-05
    3.08750000E+04     3.02250000E+02     6.15090790E-02     8.11217980E+00     1.78110750E+00     1.01751281E+01     1.50734916E+03     1.50005150E+01     3.54461000E-05     5.25162910E-03     5.22560000E-05
    3.08750000E+04     3.07250000E+02     6.25265990E-02     8.11217980E+00     1.78110750E+00     1.12293287E+01     1.59405346E+03     1.65448660E+01     3.78560000E-05     5.37443570E-03     5.57757000E-05
    3.08750000E+04     3.12250000E+02     6.35441190E-02     8.11217980E+00     1.78110750E+00     1.23731124E+01     1.68455658E+03     1.82191030E+01     4.03870000E-05     5.49914810E-03     5.94689000E-05
    3.08750000E+04     3.17250000E+02     6.45616390E-02     8.11217980E+00     1.78110750E+00     1.36124805E+01     1.77898618E+03     2.00317661E+01     4.30431000E-05     5.62580800E-03     6.33412000E-05
    3.08750000E+04     3.22250000E+02     6.55791590E-02     8.11217980E+00     1.78110750E+00     1.49537336E+01     1.87747364E+03     2.19918061E+01     4.58285000E-05     5.75445810E-03     6.73982000E-05
    3.08750000E+04     3.27250000E+02     6.65966786E-02     8.11217980E+00     1.78110750E+00     1.64034791E+01     1.98015401E+03     2.41085917E+01     4.87474000E-05     5.88514150E-03     7.16453000E-05
    3.08750000E+04     3.32250000E+02     6.76141980E-02     8.11217980E+00     1.78110750E+00     1.79686443E+01     2.08716637E+03     2.63919274E+01     5.18039000E-05     6.01790200E-03     7.60885000E-05
    3.08750000E+04     3.37250000E+02     6.86317180E-02     8.11217980E+00     1.78110750E+00     1.96564835E+01     2.19865360E+03     2.88520600E+01     5.50023000E-05     6.15278390E-03     8.07333000E-05
    3.08750000E+04     3.42250000E+02     6.96492380E-02     8.11217980E+00     1.78110750E+00     2.14745893E+01     2.31476273E+03     3.14996943E+01     5.83471000E-05     6.28983190E-03     8.55857000E-05
    3.08750000E+04     3.47250000E+02     7.06667580E-02     8.11217980E+00     1.78110750E+00     2.34309059E+01     2.43564498E+03     3.43460082E+01     6.18426000E-05     6.42909190E-03     9.06516000E-05
    3.08750000E+04     3.52250000E+02     7.16842780E-02     8.11217980E+00     1.78110750E+00     2.55337349E+01     2.56145577E+03     3.74026576E+01     6.54934000E-05     6.57060970E-03     9.59370000E-05
    3.08750000E+04     3.57250000E+02     7.27017980E-02     8.11217980E+00     1.78110750E+00     2.77917490E+01     2.69235495E+03     4.06817967E+01     6.93040000E-05     6.71443200E-03     1.01447900E-04
    3.08750000E+04     3.62250000E+02     7.37193180E-02     8.11217980E+00     1.78110750E+00     3.02140054E+01     2.82850695E+03     4.41960899E+01     7.32791000E-05     6.86060640E-03     1.07190500E-04
    3.08750000E+04     3.67250000E+02     7.47368380E-02     8.11217980E+00     1.78110750E+00     3.28099520E+01     2.97008070E+03     4.79587202E+01     7.74234000E-05     7.00918090E-03     1.13170900E-04
    3.08750000E+04     3.72250000E+02     7.57543580E-02     8.11217980E+00     1.78110750E+00     3.55894442E+01     3.11725007E+03     5.19834101E+01     8.17417000E-05     7.16020430E-03     1.19395500E-04
    3.08750000E+04     3.77250000E+02     7.67718780E-02     8.11217980E+00     1.78110750E+00     3.85627494E+01     3.27019347E+03     5.62844226E+01     8.62388000E-05     7.31372570E-03     1.25870400E-04
    3.08750000E+04     3.82250000E+02     7.77893980E-02     8.11217980E+00     1.78110750E+00     4.17405703E+01     3.42909469E+03     6.08765938E+01     9.09197000E-05     7.46979580E-03     1.32602200E-04
    3.08750000E+04     3.87250000E+02     7.88069175E-02     8.11217980E+00     1.78110750E+00     4.51340412E+01     3.59414227E+03     6.57753205E+01     9.57894000E-05     7.62846490E-03     1.39597300E-04
    3.08750000E+04     3.92250000E+02     7.98244370E-02     8.11217980E+00     1.78110750E+00     4.87547578E+01     3.76553032E+03     7.09966022E+01     1.00853000E-04     7.78978490E-03     1.46862200E-04
    3.08750000E+04     3.97250000E+02     8.08419570E-02     8.11217980E+00     1.78110750E+00     5.26147741E+01     3.94345807E+03     7.65570291E+01     1.06115500E-04     7.95380790E-03     1.54403400E-04
    3.08750000E+04     4.02250000E+02     8.18594770E-02     8.11217980E+00     1.78110750E+00     5.67266254E+01     4.12813040E+03     8.24738141E+01     1.11582200E-04     8.12058720E-03     1.62227600E-04
    3.08750000E+04     4.07250000E+02     8.28769970E-02     8.11217980E+00     1.78110750E+00     6.11033331E+01     4.31975774E+03     8.87647923E+01     1.17258400E-04     8.29017640E-03     1.70341600E-04
    3.08750000E+04     4.12250000E+02     8.38945170E-02     8.11217980E+00     1.78110750E+00     6.57584303E+01     4.51855654E+03     9.54484539E+01     1.23149500E-04     8.46263050E-03     1.78752000E-04
    3.08750000E+04     4.17250000E+02     8.49120370E-02     8.11217980E+00     1.78110750E+00     7.07059571E+01     4.72474893E+03     1.02543933E+02     1.29260800E-04     8.63800470E-03     1.87465600E-04
    3.08750000E+04     4.22250000E+02     8.59295570E-02     8.11217980E+00     1.78110750E+00     7.59604886E+01     4.93856324E+03     1.10071041E+02     1.35598000E-04     8.81635530E-03     1.96489400E-04
    3.08750000E+04     4.27250000E+02     8.69470770E-02     8.11217980E+00     1.78110750E+00     8.15371421E+01     5.16023402E+03     1.18050271E+02     1.42166400E-04     8.99773950E-03     2.05830300E-04
    3.08750000E+04     4.32250000E+02     8.79645970E-02     8.11217980E+00     1.78110750E+00     8.74515931E+01     5.39000230E+03     1.26502821E+02     1.48972000E-04     9.18221530E-03     2.15495300E-04
    3.08750000E+04     4.37250000E+02     8.89821170E-02     8.11217980E+00     1.78110750E+00     9.37200865E+01     5.62811554E+03     1.35450593E+02     1.56020200E-04     9.36984160E-03     2.25491300E-04
    3.08750000E+04     4.42250000E+02     8.99996370E-02     8.11217980E+00     1.78110750E+00     1.00359455E+02     5.87482807E+03     1.44916224E+02     1.63317000E-04     9.56067830E-03     2.35825500E-04
    3.08750000E+04     4.47250000E+02     9.10171565E-02     8.11217980E+00     1.78110750E+00     1.07387129E+02     6.13040087E+03     1.54923082E+02     1.70868200E-04     9.75478580E-03     2.46505000E-04
    3.08750000E+04     4.52250000E+02     9.20346760E-02     8.11217980E+00     1.78110750E+00     1.14821149E+02     6.39510210E+03     1.65495289E+02     1.78679700E-04     9.95222570E-03     2.57537100E-04
    3.08750000E+04     4.57250000E+02     9.30521960E-02     8.11217980E+00     1.78110750E+00     1.22680192E+02     6.66920729E+03     1.76657751E+02     1.86757600E-04     1.01530608E-02     2.68928800E-04
    3.08750000E+04     4.62250000E+02     9.40697160E-02     8.11217980E+00     1.78110750E+00     1.30983585E+02     6.95299938E+03     1.88436150E+02     1.95108100E-04     1.03573547E-02     2.80687700E-04
    3.08750000E+04     4.67250000E+02     9.50872360E-02     8.11217980E+00     1.78110750E+00     1.39751295E+02     7.24676852E+03     2.00856952E+02     2.03737200E-04     1.05651719E-02     2.92820800E-04
    3.08750000E+04     4.72250000E+02     9.61047560E-02     8.11217980E+00     1.78110750E+00     1.49003973E+02     7.55081290E+03     2.13947437E+02     2.12651100E-04     1.07765775E-02     3.05335800E-04
    3.08750000E+04     4.77250000E+02     9.71222760E-02     8.11217980E+00     1.78110750E+00     1.58762971E+02     7.86543895E+03     2.27735737E+02     2.21856400E-04     1.09916390E-02     3.18239900E-04
    3.08750000E+04     4.82250000E+02     9.81397960E-02     8.11217980E+00     1.78110750E+00     1.69050326E+02     8.19096073E+03     2.42250782E+02     2.31359200E-04     1.12104233E-02     3.31540600E-04
    3.08750000E+04     4.87250000E+02     9.91573160E-02     8.11217980E+00     1.78110750E+00     1.79888826E+02     8.52770121E+03     2.57522390E+02     2.41166200E-04     1.14329995E-02     3.45245500E-04
    3.08750000E+04     4.92250000E+02     1.00174836E-01     8.11217980E+00     1.78110750E+00     1.91301967E+02     8.87599142E+03     2.73581218E+02     2.51283900E-04     1.16594371E-02     3.59362100E-04
    3.08750000E+04     4.97250000E+02     1.01192356E-01     8.11217980E+00     1.78110750E+00     2.03314012E+02     9.23617145E+03     2.90458814E+02     2.61718900E-04     1.18898072E-02     3.73897900E-04
    3.08750000E+04     5.12250000E+02     1.04244916E-01     8.11217980E+00     1.78110750E+00     2.43901988E+02     1.04049331E+04     3.47287530E+02     2.95340000E-04     1.26094688E-02     4.20547700E-04
    3.08750000E+04     5.37250000E+02     1.09332515E-01     8.11217980E+00     1.78110750E+00     3.25000002E+02     1.26049203E+04     4.60187937E+02     3.57825800E-04     1.38878720E-02     5.06690600E-04
    3.08750000E+04     5.62250000E+02     1.14420114E-01     8.11217980E+00     1.78110750E+00     4.27521151E+02     1.51903375E+04     6.01780236E+02     4.29834100E-04     1.52820231E-02     6.05063200E-04
    3.08750000E+04     5.87250000E+02     1.19507714E-01     8.11217980E+00     1.78110750E+00     5.55813269E+02     1.82193340E+04     7.77468575E+02     5.12316700E-04     1.68027393E-02     7.16658500E-04
    3.08750000E+04     6.12250000E+02     1.24595314E-01     8.11217980E+00     1.78110750E+00     7.14870399E+02     2.17579961E+04     9.93332017E+02     6.06278800E-04     1.84617990E-02     8.42480100E-04
    3.08750000E+04     6.37250000E+02     1.29682914E-01     8.11217980E+00     1.78110750E+00     9.10398948E+02     2.58813798E+04     1.25616212E+03     7.12781300E-04     2.02720474E-02     9.83537000E-04
    3.08750000E+04     6.62250000E+02     1.34770512E-01     8.11217980E+00     1.78110750E+00     1.14888875E+03     3.06746819E+04     1.57349772E+03     8.32942800E-04     2.22475163E-02     1.14083840E-03
    3.08750000E+04     6.87250000E+02     1.39858112E-01     8.11217980E+00     1.78110750E+00     1.43768919E+03     3.62345717E+04     1.95365604E+03     9.67942700E-04     2.44035569E-02     1.31538800E-03
    3.08750000E+04     7.12250000E+02     1.44945712E-01     8.11217980E+00     1.78110750E+00     1.78509120E+03     4.26707072E+04     2.40576004E+03     1.11902340E-03     2.67569905E-02     1.50817790E-03
    3.08750000E+04     7.37250000E+02     1.50033312E-01     8.11217980E+00     1.78110750E+00     2.20041552E+03     5.01074617E+04     2.93976101E+03     1.28749450E-03     2.93262766E-02     1.72018280E-03
    3.08750000E+04     7.62250000E+02     1.55120912E-01     8.11217980E+00     1.78110750E+00     2.69410800E+03     5.86858931E+04     3.56645620E+03     1.47473620E-03     3.21316999E-02     1.95235380E-03
    3.08750000E+04     7.87250000E+02     1.60208510E-01     8.11217980E+00     1.78110750E+00     3.27784317E+03     6.85659969E+04     4.29750185E+03     1.68220430E-03     3.51955859E-02     2.20561320E-03
    3.08750000E+04     8.12250000E+02     1.65296110E-01     8.11217980E+00     1.78110750E+00     3.96463655E+03     7.99292752E+04     5.14542045E+03     1.91143510E-03     3.85425363E-02     2.48084820E-03
    3.08750000E+04     8.37250000E+02     1.70383710E-01     8.11217980E+00     1.78110750E+00     4.76896754E+03     9.29816811E+04     6.12360412E+03     2.16405150E-03     4.21996985E-02     2.77890650E-03
    3.08750000E+04     8.62250000E+02     1.75471310E-01     8.11217980E+00     1.78110750E+00     5.70691435E+03     1.07956987E+05     7.24631406E+03     2.44177060E-03     4.61970656E-02     3.10059260E-03
    3.08750000E+04     8.87250000E+02     1.80558910E-01     8.11217980E+00     1.78110750E+00     6.79630232E+03     1.25120636E+05     8.52867804E+03     2.74641120E-03     5.05678134E-02     3.44666530E-03
    3.08750000E+04     9.12250000E+02     1.85646508E-01     8.11217980E+00     1.78110750E+00     8.05686904E+03     1.44774168E+05     9.98668931E+03     3.07990390E-03     5.53486782E-02     3.81783710E-03
    3.08750000E+04     9.37250000E+02     1.90734108E-01     8.11217980E+00     1.78110750E+00     9.51044752E+03     1.67260254E+05     1.16372100E+04     3.44430230E-03     6.05803776E-02     4.21477740E-03
    3.08750000E+04     9.62250000E+02     1.95821708E-01     8.11217980E+00     1.78110750E+00     1.11811725E+04     1.92968495E+05     1.34979868E+04     3.84179610E-03     6.63080813E-02     4.63811910E-03
    3.08750000E+04     9.87250000E+02     2.00909308E-01     8.11217980E+00     1.78110750E+00     1.30957126E+04     2.22342024E+05     1.55876862E+04     4.27472640E-03     7.25819323E-02     5.08847020E-03
    3.08750000E+04     1.01225000E+03     2.05996907E-01     8.11217980E+00     1.78110750E+00     1.52835326E+04     2.55885022E+05     1.79259608E+04     4.74560410E-03     7.94576202E-02     5.56643350E-03
    3.08750000E+04     1.03725000E+03     2.11084506E-01     8.11217980E+00     1.78110750E+00     1.77771941E+04     2.94171299E+05     2.05335663E+04     5.25713030E-03     8.69970120E-02     6.07263460E-03
    3.08750000E+04     1.06225000E+03     2.16172106E-01     8.11217980E+00     1.78110750E+00     2.06126997E+04     3.37853995E+05     2.34325491E+04     5.81222230E-03     9.52688390E-02     6.60776310E-03
    3.08750000E+04     1.08725000E+03     2.21259706E-01     8.11217980E+00     1.78110750E+00     2.38298876E+04     3.87676539E+05     2.66465343E+04     6.41404120E-03     1.04349426E-01     7.17262910E-03
    3.08750000E+04     1.11225000E+03     2.26347306E-01     8.11217980E+00     1.78110750E+00     2.74728913E+04     4.44484917E+05     3.02011596E+04     7.06602730E-03     1.14323475E-01     7.76824040E-03
    3.08750000E+04     1.13725000E+03     2.31434905E-01     8.11217980E+00     1.78110750E+00     3.15906673E+04     5.09241292E+05     3.41246976E+04     7.77193800E-03     1.25284847E-01     8.39590540E-03
    3.08750000E+04     1.16225000E+03     2.36522504E-01     8.11217980E+00     1.78110750E+00     3.62376143E+04     5.83038998E+05     3.84489518E+04     8.53589480E-03     1.37337372E-01     9.05737000E-03
    3.08750000E+04     1.18725000E+03     2.41610104E-01     8.11217980E+00     1.78110750E+00     4.14742890E+04     6.67118717E+05     4.32105001E+04     9.36243560E-03     1.50595587E-01     9.75499620E-03
    3.08750000E+04     1.21225000E+03     2.46697704E-01     8.11217980E+00     1.78110750E+00     4.73682429E+04     7.62885614E+05     4.84524163E+04     1.02565758E-02     1.65185378E-01     1.04919934E-02
    3.08750000E+04     1.23725000E+03     2.51785304E-01     8.11217980E+00     1.78110750E+00     5.39949844E+04     8.71926833E+05     5.42265981E+04     1.12238759E-02     1.81244421E-01     1.12727140E-02
    3.08750000E+04     1.26225000E+03     2.56872902E-01     8.11217980E+00     1.78110750E+00     6.14390958E+04     9.96028637E+05     6.05969026E+04     1.22705177E-02     1.98922299E-01     1.21030294E-02
    3.08750000E+04     1.28725000E+03     2.61960502E-01     8.11217980E+00     1.78110750E+00     6.97955121E+04     1.13719177E+06     6.76432972E+04     1.34033898E-02     2.18380131E-01     1.29908027E-02
    3.08750000E+04     1.31225000E+03     2.67048102E-01     8.11217980E+00     1.78110750E+00     7.91709662E+04     1.29764319E+06     7.54672960E+04     1.46301752E-02     2.39789482E-01     1.39464738E-02
    3.08750000E+04     1.33725000E+03     2.72135702E-01     8.11217980E+00     1.78110750E+00     8.96855931E+04     1.47984129E+06     8.41989711E+04     1.59594421E-02     2.63330234E-01     1.49837754E-02
    3.08750000E+04     1.36225000E+03     2.77223302E-01     8.11217980E+00     1.78110750E+00     1.01474678E+05     1.68647091E+06     9.40058813E+04     1.74007310E-02     2.89187062E-01     1.61205940E-02
    3.08750000E+04     1.38725000E+03     2.82310900E-01     8.11217980E+00     1.78110750E+00     1.14690490E+05     1.92042293E+06     1.05104229E+05     1.89646283E-02     3.17544060E-01     1.73799840E-02
    3.08750000E+04     1.41225000E+03     2.87398500E-01     8.11217980E+00     1.78110750E+00     1.29504100E+05     2.18475185E+06     1.17772521E+05     2.06628143E-02     3.48576905E-01     1.87913279E-02
    3.08750000E+04     1.43725000E+03     2.92486100E-01     8.11217980E+00     1.78110750E+00     1.46107019E+05     2.48260324E+06     1.32367839E+05     2.25080620E-02     3.82442039E-01     2.03916133E-02
    3.08750000E+04     1.46225000E+03     2.97573700E-01     8.11217980E+00     1.78110750E+00     1.64712446E+05     2.81710162E+06     1.49344625E+05     2.45141697E-02     4.19262219E-01     2.22267664E-02
    3.08750000E+04     1.48725000E+03     3.02661299E-01     8.11217980E+00     1.78110750E+00     1.85555745E+05     3.19118895E+06     1.69275343E+05     2.66957881E-02     4.59108031E-01     2.43529282E-02
    3.08750000E+04     1.51225000E+03     3.07748898E-01     8.11217980E+00     1.78110750E+00     2.08893762E+05     3.60740483E+06     1.92871800E+05     2.90681094E-02     5.01975183E-01     2.68374964E-02
    3.08750000E+04     1.53725000E+03     3.12836498E-01     8.11217980E+00     1.78110750E+00     2.35002422E+05     4.06760328E+06     2.21004941E+05     3.16463790E-02     5.47758085E-01     2.97596801E-02
    3.08750000E+04     1.56225000E+03     3.17924098E-01     8.11217980E+00     1.78110750E+00     2.64172036E+05     4.57260853E+06     2.54719824E+05     3.44451995E-02     5.96221063E-01     3.32102349E-02
    3.08750000E+04     1.58725000E+03     3.23011698E-01     8.11217980E+00     1.78110750E+00     2.96699844E+05     5.12182487E+06     2.95241297E+05     3.74776135E-02     6.46969920E-01     3.72899901E-02
    3.08750000E+04     1.61225000E+03     3.28099297E-01     8.11217980E+00     1.78110750E+00     3.32879457E+05     5.71283294E+06     3.43965037E+05     4.07539800E-02     6.99428018E-01     4.21067645E-02
    3.08750000E+04     1.63725000E+03     3.33186896E-01     8.11217980E+00     1.78110750E+00     3.72987379E+05     6.34102651E+06     4.02428322E+05     4.42807217E-02     7.52822581E-01     4.77703778E-02
    3.08750000E+04     1.66225000E+03     3.38274496E-01     8.11217980E+00     1.78110750E+00     4.17267519E+05     6.99936445E+06     4.72256348E+05     4.80590807E-02     8.06187979E-01     5.43856817E-02
    3.08750000E+04     1.68725000E+03     3.43362096E-01     8.11217980E+00     1.78110750E+00     4.65915275E+05     7.67832337E+06     5.55082661E+05     5.20840725E-02     8.58392106E-01     6.20439194E-02
    3.08750000E+04     1.71225000E+03     3.48449696E-01     8.11217980E+00     1.78110750E+00     5.19063911E+05     8.36613286E+06     6.52447794E+05     5.63439027E-02     9.08190100E-01     7.08132473E-02
    3.08750000E+04     1.73725000E+03     3.53537294E-01     8.11217980E+00     1.78110750E+00     5.76776090E+05     9.04934070E+06     7.65686141E+05     6.08200652E-02     9.54304680E-01     8.07297220E-02
    3.08750000E+04     1.76225000E+03     3.58624894E-01     8.11217980E+00     1.78110750E+00     6.39043607E+05     9.71369992E+06     8.95817530E+05     6.54883066E-02     9.95526586E-01     9.17904301E-02
    3.08750000E+04     1.78725000E+03     3.63712494E-01     8.11217980E+00     1.78110750E+00     7.05796832E+05     1.03452898E+07     1.04346266E+06     7.03204346E-02     1.03082184E+00     1.03950322E-01
    3.08750000E+04     1.81225000E+03     3.68800094E-01     8.11217980E+00     1.78110750E+00     7.76923940E+05     1.09317176E+07     1.20880044E+06     7.52868132E-02     1.05942880E+00     1.17123855E-01
    3.08750000E+04     1.83725000E+03     3.73887694E-01     8.11217980E+00     1.78110750E+00     8.52297543E+05     1.14632054E+07     1.39157823E+06     8.03591719E-02     1.08092778E+00     1.31191576E-01
    3.08750000E+04     1.86225000E+03     3.78975292E-01     8.11217980E+00     1.78110750E+00     9.31804321E+05     1.19333788E+07     1.59117407E+06     8.55132513E-02     1.09527066E+00     1.46010665E-01
    3.08750000E+04     1.88725000E+03     3.84062892E-01     8.11217980E+00     1.78110750E+00     1.01537329E+06     1.23396423E+07     1.80670073E+06     9.07309026E-02     1.10276706E+00     1.61427718E-01
    3.08750000E+04     1.91225000E+03     3.89150492E-01     8.11217980E+00     1.78110750E+00     1.10299769E+06     1.26831069E+07     2.03713055E+06     9.60012805E-02     1.10403189E+00     1.77291484E-01
    3.08750000E+04     1.93725000E+03     3.94238092E-01     8.11217980E+00     1.78110750E+00     1.19474845E+06     1.29681423E+07     2.28142110E+06     1.01321118E-01     1.09990721E+00     1.93463752E-01
    3.08750000E+04     1.96225000E+03     3.99325691E-01     8.11217980E+00     1.78110750E+00     1.29077819E+06     1.32016732E+07     2.53862171E+06     1.06694127E-01     1.09137333E+00     2.09827011E-01
    3.08750000E+04     1.98725000E+03     4.04413290E-01     8.11217980E+00     1.78110750E+00     1.39131670E+06     1.33923690E+07     2.80795010E+06     1.12129780E-01     1.07946354E+00     2.26288484E-01
    3.08750000E+04     2.01225000E+03     4.09500890E-01     8.11217980E+00     1.78110750E+00     1.49666055E+06     1.35498554E+07     3.08883543E+06     1.17641763E-01     1.06519251E+00     2.42780818E-01
    3.08750000E+04     2.03725000E+03     4.14588490E-01     8.11217980E+00     1.78110750E+00     1.60715871E+06     1.36840361E+07     3.38092978E+06     1.23246341E-01     1.04950344E+00     2.59260161E-01
    3.08750000E+04     2.06225000E+03     4.19676090E-01     8.11217980E+00     1.78110750E+00     1.72319678E+06     1.38045708E+07     3.68409515E+06     1.28960816E-01     1.03323458E+00     2.75702547E-01
    3.08750000E+04     2.08725000E+03     4.24763689E-01     8.11217980E+00     1.78110750E+00     1.84518134E+06     1.39205156E+07     3.99837332E+06     1.34802222E-01     1.01710275E+00     2.92099458E-01
    3.08750000E+04     2.11225000E+03     4.29851288E-01     8.11217980E+00     1.78110750E+00     1.97352475E+06     1.40401070E+07     4.32394493E+06     1.40786213E-01     1.00169970E+00     3.08453156E-01
    3.08750000E+04     2.13725000E+03     4.34938888E-01     8.11217980E+00     1.78110750E+00     2.10863224E+06     1.41706593E+07     4.66108627E+06     1.46926292E-01     9.87497767E-01     3.24772438E-01
    3.08750000E+04     2.16225000E+03     4.40026488E-01     8.11217980E+00     1.78110750E+00     2.25088920E+06     1.43185397E+07     5.01012378E+06     1.53233134E-01     9.74860093E-01     3.41068784E-01
    3.08750000E+04     2.18725000E+03     4.45114088E-01     8.11217980E+00     1.78110750E+00     2.40065069E+06     1.44891919E+07     5.37139310E+06     1.59714187E-01     9.64053491E-01     3.57353300E-01
    3.08750000E+04     2.21225000E+03     4.50201686E-01     8.11217980E+00     1.78110750E+00     2.55823144E+06     1.46871813E+07     5.74520126E+06     1.66373348E-01     9.55261269E-01     3.73634274E-01
    3.08750000E+04     2.23725000E+03     4.55289286E-01     8.11217980E+00     1.78110750E+00     2.72389689E+06     1.49162457E+07     6.13179388E+06     1.73210774E-01     9.48595040E-01     3.89915370E-01
    3.08750000E+04     2.26225000E+03     4.60376886E-01     8.11217980E+00     1.78110750E+00     2.89785624E+06     1.51793419E+07     6.53133040E+06     1.80222849E-01     9.44105058E-01     4.06194576E-01
    3.08750000E+04     2.28725000E+03     4.65464486E-01     8.11217980E+00     1.78110750E+00     3.08025582E+06     1.54786763E+07     6.94386318E+06     1.87402194E-01     9.41788495E-01     4.22463546E-01
    3.08750000E+04     2.31225000E+03     4.70552086E-01     8.11217980E+00     1.78110750E+00     3.27117585E+06     1.58157266E+07     7.36932699E+06     1.94737880E-01     9.41596330E-01     4.38707649E-01
    3.08750000E+04     2.33725000E+03     4.75639684E-01     8.11217980E+00     1.78110750E+00     3.47062976E+06     1.61912530E+07     7.80753651E+06     2.02215786E-01     9.43438901E-01     4.54906516E-01
    3.08750000E+04     2.36225000E+03     4.80727284E-01     8.11217980E+00     1.78110750E+00     3.67856688E+06     1.66053033E+07     8.25819310E+06     2.09819113E-01     9.47190626E-01     4.71035062E-01
    3.08750000E+04     2.38725000E+03     4.85814884E-01     8.11217980E+00     1.78110750E+00     3.89488059E+06     1.70572256E+07     8.72090407E+06     2.17529155E-01     9.52694603E-01     4.87065095E-01
    3.08750000E+04     2.41225000E+03     4.90902484E-01     8.11217980E+00     1.78110750E+00     4.11942140E+06     1.75456911E+07     9.19521241E+06     2.25326230E-01     9.59767394E-01     5.02967319E-01
    3.08750000E+04     2.43725000E+03     4.95990083E-01     8.11217980E+00     1.78110750E+00     4.35201467E+06     1.80687380E+07     9.68063586E+06     2.33190785E-01     9.68204358E-01     5.18713593E-01
    3.08750000E+04     2.46225000E+03     5.01077682E-01     8.11217980E+00     1.78110750E+00     4.59248493E+06     1.86238445E+07     1.01767185E+07     2.41104693E-01     9.77786096E-01     5.34279591E-01
    3.08750000E+04     2.48725000E+03     5.06165282E-01     8.11217980E+00     1.78110750E+00     4.84068227E+06     1.92080326E+07     1.06830839E+07     2.49052504E-01     9.88285573E-01     5.49647208E-01
    3.08750000E+04     2.52475000E+03     5.13796682E-01     8.11217980E+00     1.78110750E+00     5.22824042E+06     2.01341556E+07     1.14627017E+07     2.61015929E-01     1.00530845E+00     5.72283547E-01
    3.08750000E+04     2.57475000E+03     5.23971880E-01     8.11217980E+00     1.78110750E+00     5.77072383E+06     2.14349389E+07     1.25361553E+07     2.77022612E-01     1.02909560E+00     6.01814370E-01
    3.08750000E+04     2.62475000E+03     5.34147080E-01     8.11217980E+00     1.78110750E+00     6.34598951E+06     2.27931861E+07     1.36540939E+07     2.93146132E-01     1.05301646E+00     6.30755638E-01
    3.08750000E+04     2.67475000E+03     5.44322279E-01     8.11217980E+00     1.78110750E+00     6.95835655E+06     2.41908854E+07     1.48249100E+07     3.09531809E-01     1.07620334E+00     6.59483784E-01
    3.08750000E+04     2.72475000E+03     5.54497478E-01     8.11217980E+00     1.78110750E+00     7.61445145E+06     2.56206207E+07     1.60611068E+07     3.26402345E-01     1.09836841E+00     6.88499294E-01
    3.08750000E+04     2.77475000E+03     5.64672678E-01     8.11217980E+00     1.78110750E+00     8.32272304E+06     2.70864651E+07     1.73780884E+07     3.44023050E-01     1.11974298E+00     7.18352124E-01
    3.08750000E+04     2.82475000E+03     5.74847876E-01     8.11217980E+00     1.78110750E+00     9.09274777E+06     2.86024807E+07     1.87926886E+07     3.62665251E-01     1.14092866E+00     7.49571177E-01
    3.08750000E+04     2.87475000E+03     5.85023076E-01     8.11217980E+00     1.78110750E+00     9.93456792E+06     3.01898049E+07     2.03219252E+07     3.82578137E-01     1.16271989E+00     7.82616560E-01
    3.08750000E+04     2.92475000E+03     5.95198275E-01     8.11217980E+00     1.78110750E+00     1.08582095E+07     3.18734099E+07     2.19822345E+07     4.03972953E-01     1.18594712E+00     8.17859596E-01
    3.08750000E+04     2.97475000E+03     6.05373474E-01     8.11217980E+00     1.78110750E+00     1.18734213E+07     3.36793095E+07     2.37892193E+07     4.27018510E-01     1.21136574E+00     8.55585917E-01
    3.08750000E+04     3.02475000E+03     6.15548674E-01     8.11217980E+00     1.78110750E+00     1.29895904E+07     3.56325124E+07     2.57577802E+07     4.51844024E-01     1.23959253E+00     8.96012026E-01
    3.08750000E+04     3.07475000E+03     6.25723872E-01     8.11217980E+00     1.78110750E+00     1.42157568E+07     3.77556780E+07     2.79024514E+07     4.78545110E-01     1.27107870E+00     9.39306200E-01
    3.08750000E+04     3.12475000E+03     6.35899072E-01     8.11217980E+00     1.78110750E+00     1.55606610E+07     4.00682916E+07     3.02377808E+07     5.07189999E-01     1.30610607E+00     9.85607492E-01
    3.08750000E+04     3.17475000E+03     6.46074270E-01     8.11217980E+00     1.78110750E+00     1.70327658E+07     4.25861429E+07     3.27786253E+07     5.37824030E-01     1.34479485E+00     1.03503876E+00
    3.08750000E+04     3.22475000E+03     6.56249470E-01     8.11217980E+00     1.78110750E+00     1.86402198E+07     4.53209759E+07     3.55402639E+07     5.70471744E-01     1.38711635E+00     1.08771200E+00
    3.08750000E+04     3.27475000E+03     6.66424669E-01     8.11217980E+00     1.78110750E+00     2.03907421E+07     4.82802359E+07     3.85382537E+07     6.05136402E-01     1.43290756E+00     1.14372511E+00
    3.08750000E+04     3.32475000E+03     6.76599868E-01     8.11217980E+00     1.78110750E+00     2.22914238E+07     5.14669431E+07     4.17879826E+07     6.41797336E-01     1.48188756E+00     1.20315072E+00
    3.08750000E+04     3.37475000E+03     6.86775068E-01     8.11217980E+00     1.78110750E+00     2.43484472E+07     5.48797318E+07     4.53038846E+07     6.80405616E-01     1.53367680E+00     1.26601748E+00
    3.08750000E+04     3.42475000E+03     6.96950266E-01     8.11217980E+00     1.78110750E+00     2.65667418E+07     5.85131360E+07     4.90983399E+07     7.20878895E-01     1.58782019E+00     1.33228636E+00
    3.08750000E+04     3.47475000E+03     7.07125466E-01     8.11217980E+00     1.78110750E+00     2.89496064E+07     6.23581668E+07     5.31803317E+07     7.63096428E-01     1.64381477E+00     1.40182472E+00
    3.08750000E+04     3.52475000E+03     7.17300665E-01     8.11217980E+00     1.78110750E+00     3.14983270E+07     6.64031599E+07     5.75539767E+07     8.06895012E-01     1.70113995E+00     1.47438205E+00
    3.08750000E+04     3.57475000E+03     7.27475864E-01     8.11217980E+00     1.78110750E+00     3.42118420E+07     7.06348247E+07     6.22171285E+07     8.52067018E-01     1.75928805E+00     1.54957205E+00
    3.08750000E+04     3.62475000E+03     7.37651063E-01     8.11217980E+00     1.78110750E+00     3.70864766E+07     7.50393085E+07     6.71602275E+07     8.98360651E-01     1.81779031E+00     1.62686427E+00
    3.08750000E+04     3.67475000E+03     7.47826262E-01     8.11217980E+00     1.78110750E+00     4.01157821E+07     7.96031002E+07     7.23655931E+07     9.45482901E-01     1.87623487E+00     1.70558834E+00
    3.08750000E+04     3.72475000E+03     7.58001462E-01     8.11217980E+00     1.78110750E+00     4.32904888E+07     8.43135776E+07     7.78072643E+07     9.93104856E-01     1.93427338E+00     1.78495086E+00
    3.08750000E+04     3.77475000E+03     7.68176660E-01     8.11217980E+00     1.78110750E+00     4.65985716E+07     8.91590842E+07     8.34514230E+07     1.04086892E+00     1.99161589E+00     1.86406330E+00
    3.08750000E+04     3.82475000E+03     7.78351860E-01     8.11217980E+00     1.78110750E+00     5.00254188E+07     9.41285277E+07     8.92573354E+07     1.08839729E+00     2.04801572E+00     1.94197764E+00
    3.08750000E+04     3.87475000E+03     7.88527059E-01     8.11217980E+00     1.78110750E+00     5.35541176E+07     9.92106258E+07     9.51787380E+07     1.13530189E+00     2.10324890E+00     2.01772624E+00
    3.08750000E+04     3.92475000E+03     7.98702258E-01     8.11217980E+00     1.78110750E+00     5.71658498E+07     1.04392973E+08     1.01165520E+08     1.18119493E+00     2.15709279E+00     2.09036219E+00
    3.08750000E+04     3.97475000E+03     8.08877458E-01     8.11217980E+00     1.78110750E+00     6.08404290E+07     1.09661191E+08     1.07165631E+08     1.22570107E+00     2.20930952E+00     2.15899823E+00
    3.08750000E+04     4.02475000E+03     8.19052656E-01     8.11217980E+00     1.78110750E+00     6.45569840E+07     1.14998347E+08     1.13127102E+08     1.26847034E+00     2.25963710E+00     2.22284208E+00
    3.08750000E+04     4.07475000E+03     8.29227856E-01     8.11217980E+00     1.78110750E+00     6.82947963E+07     1.20384843E+08     1.19000134E+08     1.30919240E+00     2.30779095E+00     2.28122741E+00
    3.08750000E+04     4.12475000E+03     8.39403054E-01     8.11217980E+00     1.78110750E+00     7.20342701E+07     1.25798827E+08     1.24739152E+08     1.34761078E+00     2.35347502E+00     2.33363962E+00
    3.08750000E+04     4.17475000E+03     8.49578254E-01     8.11217980E+00     1.78110750E+00     7.57579719E+07     1.31217126E+08     1.30304737E+08     1.38353649E+00     2.39640106E+00     2.37973484E+00
    3.08750000E+04     4.22475000E+03     8.59753453E-01     8.11217980E+00     1.78110750E+00     7.94516433E+07     1.36616591E+08     1.35665254E+08     1.41685874E+00     2.43631247E+00     2.41935041E+00
    3.08750000E+04     4.27475000E+03     8.69928652E-01     8.11217980E+00     1.78110750E+00     8.31050934E+07     1.41975698E+08     1.40798073E+08     1.44755201E+00     2.47300925E+00     2.45250607E+00
    3.08750000E+04     4.32475000E+03     8.80103852E-01     8.11217980E+00     1.78110750E+00     8.67128112E+07     1.47276142E+08     1.45690164E+08     1.47567694E+00     2.50636946E+00     2.47939344E+00
    3.08750000E+04     4.37475000E+03     8.90279050E-01     8.11217980E+00     1.78110750E+00     9.02742576E+07     1.52504277E+08     1.50338045E+08     1.50137545E+00     2.53636467E+00     2.50035577E+00
    3.08750000E+04     4.42475000E+03     9.00454250E-01     8.11217980E+00     1.78110750E+00     9.37937219E+07     1.57652110E+08     1.54746983E+08     1.52485920E+00     2.56306605E+00     2.51585729E+00
    3.08750000E+04     4.47475000E+03     9.10629449E-01     8.11217980E+00     1.78110750E+00     9.72797710E+07     1.62717775E+08     1.58929546E+08     1.54639268E+00     2.58664087E+00     2.52644604E+00
    3.08750000E+04     4.52475000E+03     9.20804648E-01     8.11217980E+00     1.78110750E+00     1.00744384E+08     1.67705447E+08     1.62903732E+08     1.56627345E+00     2.60734049E+00     2.53271425E+00
    3.08750000E+04     4.57475000E+03     9.30979848E-01     8.11217980E+00     1.78110750E+00     1.04201813E+08     1.72624680E+08     1.66690773E+08     1.58481060E+00     2.62548072E+00     2.53525911E+00
    3.08750000E+04     4.62475000E+03     9.41155046E-01     8.11217980E+00     1.78110750E+00     1.07667363E+08     1.77489335E+08     1.70312970E+08     1.60230470E+00     2.64141839E+00     2.53464831E+00
    3.08750000E+04     4.67475000E+03     9.51330246E-01     8.11217980E+00     1.78110750E+00     1.11156188E+08     1.82316216E+08     1.73791700E+08     1.61903036E+00     2.65552633E+00     2.53139306E+00
    3.08750000E+04     4.72475000E+03     9.61505444E-01     8.11217980E+00     1.78110750E+00     1.14682253E+08     1.87123609E+08     1.77145826E+08     1.63522349E+00     2.66817019E+00     2.52592978E+00
    3.08750000E+04     4.77475000E+03     9.71680644E-01     8.11217980E+00     1.78110750E+00     1.18257467E+08     1.91929849E+08     1.80390511E+08     1.65107280E+00     2.67968823E+00     2.51861055E+00
    3.08750000E+04     4.82475000E+03     9.81855843E-01     8.11217980E+00     1.78110750E+00     1.21891115E+08     1.96752066E+08     1.83536564E+08     1.66671613E+00     2.69037621E+00     2.50970153E+00
    3.08750000E+04     4.87475000E+03     9.92031042E-01     8.11217980E+00     1.78110750E+00     1.25589510E+08     2.01605153E+08     1.86590173E+08     1.68224074E+00     2.70047728E+00     2.49938776E+00
    3.08750000E+04     4.92475000E+03     1.00220624E+00     8.11217980E+00     1.78110750E+00     1.29355886E+08     2.06501024E+08     1.89553034E+08     1.69768664E+00     2.71017683E+00     2.48778223E+00
    3.08750000E+04     4.97475000E+03     1.01238144E+00     8.11217980E+00     1.78110750E+00     1.33190454E+08     2.11448136E+08     1.92422701E+08     1.71305196E+00     2.71960172E+00     2.47493730E+00
    3.08750000E+04     5.00000000E+03     1.01751990E+00     8.11217980E+00     1.78110750E+00     1.35149460E+08     2.13965180E+08     1.93838980E+08     1.72077640E+00     2.72428920E+00     2.46803440E+00
