    3.08750000E+04     5.00000000E-01     1.01752000E-04     1.22026000E+00     6.44258000E-05     0.00000000E+00     1.24000000E-08     0.00000000E+00     0.00000000E+00     1.58000000E-08     0.00000000E+00
    3.08750000E+04     1.00000000E+00     2.03504000E-04     1.22026000E+00     6.44258000E-05     0.00000000E+00     9.91000000E-08     0.00000000E+00     0.00000000E+00     3.15000000E-08     0.00000000E+00
    3.08750000E+04     1.50000000E+00     3.05256000E-04     1.22026000E+00     6.44258000E-05     0.00000000E+00     3.34400000E-07     0.00000000E+00     0.00000000E+00     4.73000000E-08     0.00000000E+00
    3.08750000E+04     2.00000000E+00     4.07008000E-04     1.22026000E+00     6.44258000E-05     0.00000000E+00     7.92700000E-07     0.00000000E+00     0.00000000E+00     6.31000000E-08     0.00000000E+00
    3.08750000E+04     2.50000000E+00     5.08760000E-04     1.22026000E+00     6.44258000E-05     0.00000000E+00     1.54830000E-06     0.00000000E+00     0.00000000E+00     7.89000000E-08     0.00000000E+00
    3.08750000E+04     3.00000000E+00     6.10511900E-04     1.22026000E+00     6.44258000E-05     0.00000000E+00     2.67550000E-06     0.00000000E+00     0.00000000E+00     9.46000000E-08     0.00000000E+00
    3.08750000E+04     3.50000000E+00     7.12263900E-04     1.22026000E+00     6.44258000E-05     0.00000000E+00     4.24850000E-06     0.00000000E+00     0.00000000E+00     1.10400000E-07     0.00000000E+00
    3.08750000E+04     4.00000000E+00     8.14015900E-04     1.22026000E+00     6.44258000E-05     0.00000000E+00     6.34180000E-06     0.00000000E+00     0.00000000E+00     1.26200000E-07     0.00000000E+00
    3.08750000E+04     4.50000000E+00     9.15767900E-04     1.22026000E+00     6.44258000E-05     0.00000000E+00     9.02970000E-06     0.00000000E+00     0.00000000E+00     1.41900000E-07     0.00000000E+00
    3.08750000E+04     5.00000000E+00     1.01751990E-03     1.22026000E+00     6.44258000E-05     0.00000000E+00     1.23864000E-05     0.00000000E+00     0.00000000E+00     1.57700000E-07     0.00000000E+00
    3.08750000E+04     5.50000000E+00     1.11927190E-03     1.22026000E+00     6.44258000E-05     0.00000000E+00     1.64863000E-05     0.00000000E+00     0.00000000E+00     1.73500000E-07     0.00000000E+00
    3.08750000E+04     6.00000000E+00     1.22102390E-03     1.22026000E+00     6.44258000E-05     0.00000000E+00     2.14037000E-05     0.00000000E+00     0.00000000E+00     1.89300000E-07     0.00000000E+00
    3.08750000E+04     6.50000000E+00     1.32277590E-03     1.22026000E+00     6.44258000E-05     0.00000000E+00     2.72130000E-05     0.00000000E+00     0.00000000E+00     2.05000000E-07     0.00000000E+00
    3.08750000E+04     7.00000000E+00     1.42452790E-03     1.22026000E+00     6.44258000E-05     0.00000000E+00     3.39884000E-05     0.00000000E+00     0.00000000E+00     2.20800000E-07     0.00000000E+00
    3.08750000E+04     7.50000000E+00     1.52627990E-03     1.22026000E+00     6.44258000E-05     1.00000000E-10     4.18042000E-05     1.00000000E-10     0.00000000E+00     2.36600000E-07     0.00000000E+00
    3.08750000E+04     8.00000000E+00     1.62803190E-03     1.22026000E+00     6.44258000E-05     1.00000000E-10     5.07349000E-05     1.00000000E-10     0.00000000E+00     2.52300000E-07     0.00000000E+00
    3.08750000E+04     8.50000000E+00     1.72978390E-03     1.22026000E+00     6.44258000E-05     1.00000000E-10     6.08546000E-05     2.00000000E-10     0.00000000E+00     2.68100000E-07     0.00000000E+00
    3.08750000E+04     9.00000000E+00     1.83153580E-03     1.22026000E+00     6.44258000E-05     2.00000000E-10     7.22378000E-05     2.00000000E-10     0.00000000E+00     2.83900000E-07     0.00000000E+00
    3.08750000E+04     9.50000000E+00     1.93328780E-03     1.22026000E+00     6.44258000E-05     2.00000000E-10     8.49587000E-05     3.00000000E-10     0.00000000E+00     2.99600000E-07     0.00000000E+00
    3.08750000E+04     1.00000000E+01     2.03503980E-03     1.22026000E+00     6.44258000E-05     3.00000000E-10     9.90917000E-05     4.00000000E-10     0.00000000E+00     3.15400000E-07     0.00000000E+00
    3.08750000E+04     1.05000000E+01     2.13679180E-03     1.22026000E+00     6.44258000E-05     4.00000000E-10     1.14711100E-04     6.00000000E-10     0.00000000E+00     3.31200000E-07     0.00000000E+00
    3.08750000E+04     1.10000000E+01     2.23854380E-03     1.22026000E+00     6.44258000E-05     5.00000000E-10     1.31891200E-04     8.00000000E-10     0.00000000E+00     3.47000000E-07     0.00000000E+00
    3.08750000E+04     1.15000000E+01     2.34029580E-03     1.22026000E+00     6.44258000E-05     7.00000000E-10     1.50706400E-04     1.00000000E-09     0.00000000E+00     3.62700000E-07     0.00000000E+00
    3.08750000E+04     1.20000000E+01     2.44204780E-03     1.22026000E+00     6.44258000E-05     8.00000000E-10     1.71230900E-04     1.30000000E-09     0.00000000E+00     3.78500000E-07     0.00000000E+00
    3.08750000E+04     1.25000000E+01     2.54379980E-03     1.22026000E+00     6.44258000E-05     1.10000000E-09     1.93539200E-04     1.60000000E-09     0.00000000E+00     3.94300000E-07     0.00000000E+00
    3.08750000E+04     1.30000000E+01     2.64555180E-03     1.22026000E+00     6.44258000E-05     1.40000000E-09     2.17705400E-04     2.00000000E-09     0.00000000E+00     4.10000000E-07     0.00000000E+00
    3.08750000E+04     1.35000000E+01     2.74730380E-03     1.22026000E+00     6.44258000E-05     1.70000000E-09     2.43804000E-04     2.60000000E-09     0.00000000E+00     4.25800000E-07     0.00000000E+00
    3.08750000E+04     1.40000000E+01     2.84905580E-03     1.22026000E+00     6.44258000E-05     2.10000000E-09     2.71909300E-04     3.20000000E-09     0.00000000E+00     4.41600000E-07     0.00000000E+00
    3.08750000E+04     1.45000000E+01     2.95080780E-03     1.22026000E+00     6.44258000E-05     2.60000000E-09     3.02095600E-04     3.90000000E-09     0.00000000E+00     4.57400000E-07     0.00000000E+00
    3.08750000E+04     1.50000000E+01     3.05255970E-03     1.22026000E+00     6.44258000E-05     3.20000000E-09     3.34437300E-04     4.80000000E-09     0.00000000E+00     4.73100000E-07     0.00000000E+00
    3.08750000E+04     1.55000000E+01     3.15431170E-03     1.22026000E+00     6.44258000E-05     3.90000000E-09     3.69008600E-04     5.90000000E-09     0.00000000E+00     4.88900000E-07     0.00000000E+00
    3.08750000E+04     1.60000000E+01     3.25606370E-03     1.22026000E+00     6.44258000E-05     4.70000000E-09     4.05884000E-04     7.10000000E-09     0.00000000E+00     5.04700000E-07     0.00000000E+00
    3.08750000E+04     1.65000000E+01     3.35781570E-03     1.22026000E+00     6.44258000E-05     5.70000000E-09     4.45137700E-04     8.50000000E-09     0.00000000E+00     5.20400000E-07     0.00000000E+00
    3.08750000E+04     1.70000000E+01     3.45956770E-03     1.22026000E+00     6.44258000E-05     6.80000000E-09     4.86844100E-04     1.02000000E-08     0.00000000E+00     5.36200000E-07     0.00000000E+00
    3.08750000E+04     1.75000000E+01     3.56131970E-03     1.22026000E+00     6.44258000E-05     8.10000000E-09     5.31077500E-04     1.22000000E-08     0.00000000E+00     5.52000000E-07     0.00000000E+00
    3.08750000E+04     1.80000000E+01     3.66307170E-03     1.22026000E+00     6.44258000E-05     9.60000000E-09     5.77912200E-04     1.44000000E-08     0.00000000E+00     5.67800000E-07     0.00000000E+00
    3.08750000E+04     1.85000000E+01     3.76482370E-03     1.22026000E+00     6.44258000E-05     1.13000000E-08     6.27422800E-04     1.70000000E-08     0.00000000E+00     5.83500000E-07     0.00000000E+00
    3.08750000E+04     1.90000000E+01     3.86657570E-03     1.22026000E+00     6.44258000E-05     1.33000000E-08     6.79683300E-04     1.99000000E-08     0.00000000E+00     5.99300000E-07     0.00000000E+00
    3.08750000E+04     1.95000000E+01     3.96832770E-03     1.22026000E+00     6.44258000E-05     1.55000000E-08     7.34768400E-04     2.33000000E-08     0.00000000E+00     6.15100000E-07     0.00000000E+00
    3.08750000E+04     2.00000000E+01     4.07007970E-03     1.22026000E+00     6.44258000E-05     1.81000000E-08     7.92752100E-04     2.71000000E-08     0.00000000E+00     6.30900000E-07     0.00000000E+00
    3.08750000E+04     2.05000000E+01     4.17183170E-03     1.22026000E+00     6.44258000E-05     2.10000000E-08     8.53709000E-04     3.14000000E-08     0.00000000E+00     6.46600000E-07     0.00000000E+00
    3.08750000E+04     2.10000000E+01     4.27358360E-03     1.22026000E+00     6.44258000E-05     2.42000000E-08     9.17713400E-04     3.63000000E-08     0.00000000E+00     6.62400000E-07     0.00000000E+00
    3.08750000E+04     2.15000000E+01     4.37533560E-03     1.22026000E+00     6.44258000E-05     2.79000000E-08     9.84839600E-04     4.18000000E-08     0.00000000E+00     6.78200000E-07     0.00000000E+00
    3.08750000E+04     2.20000000E+01     4.47708760E-03     1.22026000E+00     6.44258000E-05     3.20000000E-08     1.05516200E-03     4.80000000E-08     0.00000000E+00     6.93900000E-07     0.00000000E+00
    3.08750000E+04     2.25000000E+01     4.57883960E-03     1.22026000E+00     6.44258000E-05     3.66000000E-08     1.12875490E-03     5.49000000E-08     0.00000000E+00     7.09700000E-07     0.00000000E+00
    3.08750000E+04     2.30000000E+01     4.68059160E-03     1.22026000E+00     6.44258000E-05     4.18000000E-08     1.20569280E-03     6.27000000E-08     0.00000000E+00     7.25500000E-07     0.00000000E+00
    3.08750000E+04     2.35000000E+01     4.78234360E-03     1.22026000E+00     6.44258000E-05     4.75000000E-08     1.28605000E-03     7.13000000E-08     0.00000000E+00     7.41300000E-07     0.00000000E+00
    3.08750000E+04     2.40000000E+01     4.88409560E-03     1.22026000E+00     6.44258000E-05     5.39000000E-08     1.36990090E-03     8.09000000E-08     0.00000000E+00     7.57000000E-07     0.00000000E+00
    3.08750000E+04     2.45000000E+01     4.98584760E-03     1.22026000E+00     6.44258000E-05     6.10000000E-08     1.45731990E-03     9.16000000E-08     0.00000000E+00     7.72800000E-07     0.00000000E+00
    3.08750000E+04     2.50000000E+01     5.08759960E-03     1.22026000E+00     6.44258000E-05     6.89000000E-08     1.54838120E-03     1.03400000E-07     0.00000000E+00     7.88600000E-07     1.00000000E-10
    3.08750000E+04     2.55000000E+01     5.18935160E-03     1.22026000E+00     6.44258000E-05     7.76000000E-08     1.64315950E-03     1.16400000E-07     0.00000000E+00     8.04400000E-07     1.00000000E-10
    3.08750000E+04     2.60000000E+01     5.29110360E-03     1.22026000E+00     6.44258000E-05     8.72000000E-08     1.74172900E-03     1.30800000E-07     0.00000000E+00     8.20100000E-07     1.00000000E-10
    3.08750000E+04     2.65000000E+01     5.39285560E-03     1.22026000E+00     6.44258000E-05     9.78000000E-08     1.84416410E-03     1.46600000E-07     0.00000000E+00     8.35900000E-07     1.00000000E-10
    3.08750000E+04     2.70000000E+01     5.49460750E-03     1.22026000E+00     6.44258000E-05     1.09400000E-07     1.95053910E-03     1.64000000E-07     0.00000000E+00     8.51700000E-07     1.00000000E-10
    3.08750000E+04     2.75000000E+01     5.59635950E-03     1.22026000E+00     6.44258000E-05     1.22100000E-07     2.06092870E-03     1.83100000E-07     1.00000000E-10     8.67500000E-07     1.00000000E-10
    3.08750000E+04     2.80000000E+01     5.69811150E-03     1.22026000E+00     6.44258000E-05     1.36000000E-07     2.17540710E-03     2.04000000E-07     1.00000000E-10     8.83200000E-07     1.00000000E-10
    3.08750000E+04     2.85000000E+01     5.79986350E-03     1.22026000E+00     6.44258000E-05     1.51300000E-07     2.29404870E-03     2.26900000E-07     1.00000000E-10     8.99000000E-07     1.00000000E-10
    3.08750000E+04     2.90000000E+01     5.90161550E-03     1.22026000E+00     6.44258000E-05     1.67900000E-07     2.41692800E-03     2.51900000E-07     1.00000000E-10     9.14800000E-07     1.00000000E-10
    3.08750000E+04     2.95000000E+01     6.00336750E-03     1.22026000E+00     6.44258000E-05     1.86000000E-07     2.54411950E-03     2.79100000E-07     1.00000000E-10     9.30600000E-07     1.00000000E-10
    3.08750000E+04     3.00000000E+01     6.10511950E-03     1.22026000E+00     6.44258000E-05     2.05800000E-07     2.67569740E-03     3.08700000E-07     1.00000000E-10     9.46300000E-07     1.00000000E-10
    3.08750000E+04     3.05000000E+01     6.20687150E-03     1.22026000E+00     6.44258000E-05     2.27200000E-07     2.81173610E-03     3.40800000E-07     1.00000000E-10     9.62100000E-07     1.00000000E-10
    3.08750000E+04     3.10000000E+01     6.30862350E-03     1.22026000E+00     6.44258000E-05     2.50500000E-07     2.95231040E-03     3.75800000E-07     1.00000000E-10     9.77900000E-07     1.00000000E-10
    3.08750000E+04     3.15000000E+01     6.41037550E-03     1.22026000E+00     6.44258000E-05     2.75800000E-07     3.09749470E-03     4.13600000E-07     1.00000000E-10     9.93700000E-07     1.00000000E-10
    3.08750000E+04     3.20000000E+01     6.51212750E-03     1.22026000E+00     6.44258000E-05     3.03100000E-07     3.24736320E-03     4.54600000E-07     1.00000000E-10     1.00940000E-06     1.00000000E-10
    3.08750000E+04     3.25000000E+01     6.61387950E-03     1.22026000E+00     6.44258000E-05     3.32600000E-07     3.40199030E-03     4.99000000E-07     1.00000000E-10     1.02520000E-06     2.00000000E-10
    3.08750000E+04     3.30000000E+01     6.71563140E-03     1.22026000E+00     6.44258000E-05     3.64600000E-07     3.56145080E-03     5.46800000E-07     1.00000000E-10     1.04100000E-06     2.00000000E-10
    3.08750000E+04     3.35000000E+01     6.81738340E-03     1.22026000E+00     6.44258000E-05     3.99000000E-07     3.72581890E-03     5.98400000E-07     1.00000000E-10     1.05680000E-06     2.00000000E-10
    3.08750000E+04     3.40000000E+01     6.91913540E-03     1.22026000E+00     6.44258000E-05     4.36100000E-07     3.89516960E-03     6.54100000E-07     1.00000000E-10     1.07260000E-06     2.00000000E-10
    3.08750000E+04     3.45000000E+01     7.02088740E-03     1.22026000E+00     6.44258000E-05     4.76000000E-07     4.06957640E-03     7.14000000E-07     1.00000000E-10     1.08830000E-06     2.00000000E-10
    3.08750000E+04     3.50000000E+01     7.12263940E-03     1.22026000E+00     6.44258000E-05     5.18900000E-07     4.24911480E-03     7.78300000E-07     1.00000000E-10     1.10410000E-06     2.00000000E-10
    3.08750000E+04     3.55000000E+01     7.22439140E-03     1.22026000E+00     6.44258000E-05     5.65000000E-07     4.43385860E-03     8.47500000E-07     1.00000000E-10     1.11990000E-06     2.00000000E-10
    3.08750000E+04     3.60000000E+01     7.32614340E-03     1.22026000E+00     6.44258000E-05     6.14500000E-07     4.62388300E-03     9.21700000E-07     2.00000000E-10     1.13570000E-06     2.00000000E-10
    3.08750000E+04     3.65000000E+01     7.42789540E-03     1.22026000E+00     6.44258000E-05     6.67500000E-07     4.81926210E-03     1.00120000E-06     2.00000000E-10     1.15140000E-06     2.00000000E-10
    3.08750000E+04     3.70000000E+01     7.52964740E-03     1.22026000E+00     6.44258000E-05     7.24200000E-07     5.02007040E-03     1.08630000E-06     2.00000000E-10     1.16720000E-06     3.00000000E-10
    3.08750000E+04     3.75000000E+01     7.63139940E-03     1.22026000E+00     6.44258000E-05     7.85000000E-07     5.22638220E-03     1.17740000E-06     2.00000000E-10     1.18300000E-06     3.00000000E-10
    3.08750000E+04     3.80000000E+01     7.73315140E-03     1.22026000E+00     6.44258000E-05     8.49900000E-07     5.43827220E-03     1.27480000E-06     2.00000000E-10     1.19880000E-06     3.00000000E-10
    3.08750000E+04     3.85000000E+01     7.83490340E-03     1.22026000E+00     6.44258000E-05     9.19300000E-07     5.65581580E-03     1.37890000E-06     2.00000000E-10     1.21460000E-06     3.00000000E-10
    3.08750000E+04     3.90000000E+01     7.93665530E-03     1.22026000E+00     6.44258000E-05     9.93300000E-07     5.87908660E-03     1.48980000E-06     2.00000000E-10     1.23040000E-06     3.00000000E-10
    3.08750000E+04     3.95000000E+01     8.03840730E-03     1.22026000E+00     6.44258000E-05     1.07220000E-06     6.10815940E-03     1.60820000E-06     2.00000000E-10     1.24610000E-06     3.00000000E-10
    3.08750000E+04     4.00000000E+01     8.14015930E-03     1.22026000E+00     6.44258000E-05     1.15620000E-06     6.34310860E-03     1.73430000E-06     2.00000000E-10     1.26190000E-06     3.00000000E-10
    3.08750000E+04     4.05000000E+01     8.24191130E-03     1.22026000E+00     6.44258000E-05     1.24570000E-06     6.58400950E-03     1.86850000E-06     2.00000000E-10     1.27770000E-06     4.00000000E-10
    3.08750000E+04     4.10000000E+01     8.34366330E-03     1.22026000E+00     6.44258000E-05     1.34080000E-06     6.83093580E-03     2.01120000E-06     3.00000000E-10     1.29350000E-06     4.00000000E-10
    3.08750000E+04     4.15000000E+01     8.44541530E-03     1.22026000E+00     6.44258000E-05     1.44200000E-06     7.08396300E-03     2.16290000E-06     3.00000000E-10     1.30930000E-06     4.00000000E-10
    3.08750000E+04     4.20000000E+01     8.54716730E-03     1.22026000E+00     6.44258000E-05     1.54940000E-06     7.34316500E-03     2.32410000E-06     3.00000000E-10     1.32510000E-06     4.00000000E-10
    3.08750000E+04     4.25000000E+01     8.64891930E-03     1.22026000E+00     6.44258000E-05     1.66340000E-06     7.60861640E-03     2.49510000E-06     3.00000000E-10     1.34080000E-06     4.00000000E-10
    3.08750000E+04     4.30000000E+01     8.75067130E-03     1.22026000E+00     6.44258000E-05     1.78440000E-06     7.88039250E-03     2.67650000E-06     3.00000000E-10     1.35660000E-06     5.00000000E-10
    3.08750000E+04     4.35000000E+01     8.85242330E-03     1.22026000E+00     6.44258000E-05     1.91250000E-06     8.15856820E-03     2.86870000E-06     3.00000000E-10     1.37240000E-06     5.00000000E-10
    3.08750000E+04     4.40000000E+01     8.95417530E-03     1.22026000E+00     6.44258000E-05     2.04830000E-06     8.44321700E-03     3.07230000E-06     3.00000000E-10     1.38820000E-06     5.00000000E-10
    3.08750000E+04     4.45000000E+01     9.05592730E-03     1.22026000E+00     6.44258000E-05     2.19200000E-06     8.73441420E-03     3.28780000E-06     4.00000000E-10     1.40400000E-06     5.00000000E-10
    3.08750000E+04     4.50000000E+01     9.15767920E-03     1.22026000E+00     6.44258000E-05     2.34390000E-06     9.03223450E-03     3.51580000E-06     4.00000000E-10     1.41980000E-06     6.00000000E-10
    3.08750000E+04     4.55000000E+01     9.25943120E-03     1.22026000E+00     6.44258000E-05     2.50460000E-06     9.33675290E-03     3.75680000E-06     4.00000000E-10     1.43560000E-06     6.00000000E-10
    3.08750000E+04     4.60000000E+01     9.36118320E-03     1.22026000E+00     6.44258000E-05     2.67440000E-06     9.64804400E-03     4.01140000E-06     4.00000000E-10     1.45140000E-06     6.00000000E-10
    3.08750000E+04     4.65000000E+01     9.46293520E-03     1.22026000E+00     6.44258000E-05     2.85360000E-06     9.96618160E-03     4.28020000E-06     4.00000000E-10     1.46710000E-06     6.00000000E-10
    3.08750000E+04     4.70000000E+01     9.56468720E-03     1.22026000E+00     6.44258000E-05     3.04270000E-06     1.02912420E-02     4.56390000E-06     4.00000000E-10     1.48290000E-06     7.00000000E-10
    3.08750000E+04     4.75000000E+01     9.66643920E-03     1.22026000E+00     6.44258000E-05     3.24220000E-06     1.06232990E-02     4.86300000E-06     5.00000000E-10     1.49870000E-06     7.00000000E-10
    3.08750000E+04     4.80000000E+01     9.76819120E-03     1.22026000E+00     6.44258000E-05     3.45240000E-06     1.09624270E-02     5.17840000E-06     5.00000000E-10     1.51450000E-06     7.00000000E-10
    3.08750000E+04     4.85000000E+01     9.86994320E-03     1.22026000E+00     6.44258000E-05     3.67390000E-06     1.13087030E-02     5.51060000E-06     5.00000000E-10     1.53030000E-06     7.00000000E-10
    3.08750000E+04     4.90000000E+01     9.97169520E-03     1.22026000E+00     6.44258000E-05     3.90700000E-06     1.16621990E-02     5.86030000E-06     5.00000000E-10     1.54610000E-06     8.00000000E-10
    3.08750000E+04     4.95000000E+01     1.00734470E-02     1.22026000E+00     6.44258000E-05     4.15240000E-06     1.20229910E-02     6.22840000E-06     5.00000000E-10     1.56190000E-06     8.00000000E-10
    3.08750000E+04     5.10000000E+01     1.03787030E-02     1.22026000E+00     6.44258000E-05     4.98130000E-06     1.31574876E-02     7.47160000E-06     6.00000000E-10     1.60930000E-06     9.00000000E-10
    3.08750000E+04     5.35000000E+01     1.08874630E-02     1.22026000E+00     6.44258000E-05     6.63630000E-06     1.51889400E-02     9.95400000E-06     7.00000000E-10     1.68830000E-06     1.10000000E-09
    3.08750000E+04     5.60000000E+01     1.13962230E-02     1.22026000E+00     6.44258000E-05     8.72640000E-06     1.74196504E-02     1.30889000E-05     9.00000000E-10     1.76730000E-06     1.30000000E-09
    3.08750000E+04     5.85000000E+01     1.19049830E-02     1.22026000E+00     6.44258000E-05     1.13385000E-05     1.98589962E-02     1.70067000E-05     1.10000000E-09     1.84630000E-06     1.60000000E-09
    3.08750000E+04     6.10000000E+01     1.24137430E-02     1.22026000E+00     6.44258000E-05     1.45721000E-05     2.25163718E-02     2.18566000E-05     1.20000000E-09     1.92540000E-06     1.90000000E-09
    3.08750000E+04     6.35000000E+01     1.29225030E-02     1.22026000E+00     6.44258000E-05     1.85402000E-05     2.54011832E-02     2.78084000E-05     1.50000000E-09     2.00440000E-06     2.20000000E-09
    3.08750000E+04     6.60000000E+01     1.34312630E-02     1.22026000E+00     6.44258000E-05     2.33709000E-05     2.85228520E-02     3.50537000E-05     1.70000000E-09     2.08360000E-06     2.60000000E-09
    3.08750000E+04     6.85000000E+01     1.39400230E-02     1.22026000E+00     6.44258000E-05     2.92080000E-05     3.18908152E-02     4.38083000E-05     2.00000000E-09     2.16270000E-06     3.00000000E-09
    3.08750000E+04     7.10000000E+01     1.44487830E-02     1.22026000E+00     6.44258000E-05     3.62125000E-05     3.55145292E-02     5.43139000E-05     2.30000000E-09     2.24190000E-06     3.40000000E-09
    3.08750000E+04     7.35000000E+01     1.49575430E-02     1.22026000E+00     6.44258000E-05     4.45644000E-05     3.94034674E-02     6.68402000E-05     2.60000000E-09     2.32110000E-06     3.90000000E-09
    3.08750000E+04     7.60000000E+01     1.54663030E-02     1.22026000E+00     6.44258000E-05     5.44635000E-05     4.35671262E-02     8.16869000E-05     3.00000000E-09     2.40030000E-06     4.50000000E-09
    3.08750000E+04     7.85000000E+01     1.59750630E-02     1.22026000E+00     6.44258000E-05     6.61311000E-05     4.80150206E-02     9.91858000E-05     3.40000000E-09     2.47960000E-06     5.10000000E-09
    3.08750000E+04     8.10000000E+01     1.64838230E-02     1.22026000E+00     6.44258000E-05     7.98113000E-05     5.27566902E-02     1.19703000E-04     3.90000000E-09     2.55890000E-06     5.80000000E-09
    3.08750000E+04     8.35000000E+01     1.69925830E-02     1.22026000E+00     6.44258000E-05     9.57729000E-05     5.78017012E-02     1.43641600E-04     4.40000000E-09     2.63830000E-06     6.60000000E-09
    3.08750000E+04     8.60000000E+01     1.75013430E-02     1.22026000E+00     6.44258000E-05     1.14310500E-04     6.31596426E-02     1.71443400E-04     4.90000000E-09     2.71770000E-06     7.40000000E-09
    3.08750000E+04     8.85000000E+01     1.80101028E-02     1.22026000E+00     6.44258000E-05     1.35746700E-04     6.88401380E-02     2.03591900E-04     5.50000000E-09     2.79720000E-06     8.30000000E-09
    3.08750000E+04     9.10000000E+01     1.85188620E-02     1.22026000E+00     6.44258000E-05     1.60433200E-04     7.48528298E-02     2.40614500E-04     6.20000000E-09     2.87670000E-06     9.20000000E-09
    3.08750000E+04     9.35000000E+01     1.90276220E-02     1.22026000E+00     6.44258000E-05     1.88752700E-04     8.12074056E-02     2.83085300E-04     6.90000000E-09     2.95630000E-06     1.03000000E-08
    3.08750000E+04     9.60000000E+01     1.95363820E-02     1.22026000E+00     6.44258000E-05     2.21121200E-04     8.79135746E-02     3.31627700E-04     7.60000000E-09     3.03590000E-06     1.14000000E-08
    3.08750000E+04     9.85000000E+01     2.00451420E-02     1.22026000E+00     6.44258000E-05     2.57988900E-04     9.49810838E-02     3.86916900E-04     8.50000000E-09     3.11560000E-06     1.27000000E-08
    3.08750000E+04     1.01000000E+02     2.05539020E-02     1.22026000E+00     6.44258000E-05     2.99843000E-04     1.02419727E-01     4.49683300E-04     9.40000000E-09     3.19540000E-06     1.40000000E-08
    3.08750000E+04     1.03500000E+02     2.10626620E-02     1.22026000E+00     6.44258000E-05     3.47209000E-04     1.10239322E-01     5.20714800E-04     1.03000000E-08     3.27530000E-06     1.55000000E-08
    3.08750000E+04     1.06000000E+02     2.15714220E-02     1.22026000E+00     6.44258000E-05     4.00652900E-04     1.18449740E-01     6.00859800E-04     1.13000000E-08     3.35520000E-06     1.70000000E-08
    3.08750000E+04     1.08500000E+02     2.20801820E-02     1.22026000E+00     6.44258000E-05     4.60783200E-04     1.27060886E-01     6.91030700E-04     1.25000000E-08     3.43520000E-06     1.87000000E-08
    3.08750000E+04     1.11000000E+02     2.25889420E-02     1.22026000E+00     6.44258000E-05     5.28253000E-04     1.36082718E-01     7.92206700E-04     1.36000000E-08     3.51520000E-06     2.05000000E-08
    3.08750000E+04     1.13500000E+02     2.30977020E-02     1.22026000E+00     6.44258000E-05     6.03762300E-04     1.45525234E-01     9.05437000E-04     1.49000000E-08     3.59540000E-06     2.24000000E-08
    3.08750000E+04     1.16000000E+02     2.36064620E-02     1.22026000E+00     6.44258000E-05     6.88059800E-04     1.55398486E-01     1.03184390E-03     1.63000000E-08     3.67560000E-06     2.44000000E-08
    3.08750000E+04     1.18500000E+02     2.41152220E-02     1.22026000E+00     6.44258000E-05     7.81945300E-04     1.65712574E-01     1.17262640E-03     1.77000000E-08     3.75600000E-06     2.66000000E-08
    3.08750000E+04     1.21000000E+02     2.46239820E-02     1.22026000E+00     6.44258000E-05     8.86272200E-04     1.76477664E-01     1.32906380E-03     1.93000000E-08     3.83640000E-06     2.89000000E-08
    3.08750000E+04     1.23500000E+02     2.51327420E-02     1.22026000E+00     6.44258000E-05     1.00194940E-03     1.87703964E-01     1.50251850E-03     2.09000000E-08     3.91690000E-06     3.13000000E-08
    3.08750000E+04     1.26000000E+02     2.56415020E-02     1.22026000E+00     6.44258000E-05     1.12994410E-03     1.99401734E-01     1.69444000E-03     2.26000000E-08     3.99760000E-06     3.40000000E-08
    3.08750000E+04     1.28500000E+02     2.61502620E-02     1.22026000E+00     6.44258000E-05     1.27128390E-03     2.11581320E-01     1.90636860E-03     2.45000000E-08     4.07830000E-06     3.67000000E-08
    3.08750000E+04     1.31000000E+02     2.66590220E-02     1.22026000E+00     6.44258000E-05     1.42705940E-03     2.24253122E-01     2.13993910E-03     2.65000000E-08     4.15920000E-06     3.97000000E-08
    3.08750000E+04     1.33500000E+02     2.71677820E-02     1.22026000E+00     6.44258000E-05     1.59842670E-03     2.37427584E-01     2.39688390E-03     2.85000000E-08     4.24020000E-06     4.28000000E-08
    3.08750000E+04     1.36000000E+02     2.76765420E-02     1.22026000E+00     6.44258000E-05     1.78661010E-03     2.51115246E-01     2.67903810E-03     3.07000000E-08     4.32130000E-06     4.61000000E-08
    3.08750000E+04     1.38500000E+02     2.81853020E-02     1.22026000E+00     6.44258000E-05     1.99290460E-03     2.65326724E-01     2.98834230E-03     3.31000000E-08     4.40250000E-06     4.96000000E-08
    3.08750000E+04     1.41000000E+02     2.86940620E-02     1.22026000E+00     6.44258000E-05     2.21867860E-03     2.80072680E-01     3.32684710E-03     3.55000000E-08     4.48380000E-06     5.33000000E-08
    3.08750000E+04     1.43500000E+02     2.92028220E-02     1.22026000E+00     6.44258000E-05     2.46537630E-03     2.95363872E-01     3.69671710E-03     3.81000000E-08     4.56530000E-06     5.71000000E-08
    3.08750000E+04     1.46000000E+02     2.97115820E-02     1.22026000E+00     6.44258000E-05     2.73452120E-03     3.11211130E-01     4.10023470E-03     4.08000000E-08     4.64700000E-06     6.12000000E-08
    3.08750000E+04     1.48500000E+02     3.02203418E-02     1.22026000E+00     6.44258000E-05     3.02771830E-03     3.27625376E-01     4.53980540E-03     4.37000000E-08     4.72870000E-06     6.55000000E-08
    3.08750000E+04     1.51000000E+02     3.07291010E-02     1.22026000E+00     6.44258000E-05     3.34665670E-03     3.44617582E-01     5.01795980E-03     4.67000000E-08     4.81070000E-06     7.00000000E-08
    3.08750000E+04     1.53500000E+02     3.12378610E-02     1.22026000E+00     6.44258000E-05     3.69311440E-03     3.62198892E-01     5.53736230E-03     4.99000000E-08     4.89270000E-06     7.48000000E-08
    3.08750000E+04     1.56000000E+02     3.17466210E-02     1.22026000E+00     6.44258000E-05     4.06895820E-03     3.80380436E-01     6.10080940E-03     5.32000000E-08     4.97500000E-06     7.98000000E-08
    3.08750000E+04     1.58500000E+02     3.22553810E-02     1.22026000E+00     6.44258000E-05     4.47614930E-03     3.99173510E-01     6.71123970E-03     5.67000000E-08     5.05740000E-06     8.50000000E-08
    3.08750000E+04     1.61000000E+02     3.27641410E-02     1.22026000E+00     6.44258000E-05     4.91674530E-03     4.18589486E-01     7.37173580E-03     6.04000000E-08     5.14000000E-06     9.05000000E-08
    3.08750000E+04     1.63500000E+02     3.32729010E-02     1.22026000E+00     6.44258000E-05     5.39290310E-03     4.38639830E-01     8.08552890E-03     6.42000000E-08     5.22270000E-06     9.63000000E-08
    3.08750000E+04     1.66000000E+02     3.37816610E-02     1.22026000E+00     6.44258000E-05     5.90688270E-03     4.59336108E-01     8.85600460E-03     6.82000000E-08     5.30570000E-06     1.02300000E-07
    3.08750000E+04     1.68500000E+02     3.42904210E-02     1.22026000E+00     6.44258000E-05     6.46105010E-03     4.80690014E-01     9.68670710E-03     7.24000000E-08     5.38880000E-06     1.08600000E-07
    3.08750000E+04     1.71000000E+02     3.47991810E-02     1.22026000E+00     6.44258000E-05     7.05788120E-03     5.02713358E-01     1.05813454E-02     7.68000000E-08     5.47210000E-06     1.15200000E-07
    3.08750000E+04     1.73500000E+02     3.53079410E-02     1.22026000E+00     6.44258000E-05     7.69996300E-03     5.25418016E-01     1.15437938E-02     8.14000000E-08     5.55560000E-06     1.22000000E-07
    3.08750000E+04     1.76000000E+02     3.58167010E-02     1.22026000E+00     6.44258000E-05     8.38999990E-03     5.48816020E-01     1.25781036E-02     8.62000000E-08     5.63940000E-06     1.29200000E-07
    3.08750000E+04     1.78500000E+02     3.63254610E-02     1.22026000E+00     6.44258000E-05     9.13081500E-03     5.72919522E-01     1.36885024E-02     9.12000000E-08     5.72330000E-06     1.36700000E-07
    3.08750000E+04     1.81000000E+02     3.68342210E-02     1.22026000E+00     6.44258000E-05     9.92535440E-03     5.97740776E-01     1.48794034E-02     9.64000000E-08     5.80740000E-06     1.44600000E-07
    3.08750000E+04     1.83500000E+02     3.73429810E-02     1.22026000E+00     6.44258000E-05     1.07766910E-02     6.23292194E-01     1.61554072E-02     1.01900000E-07     5.89180000E-06     1.52700000E-07
    3.08750000E+04     1.86000000E+02     3.78517410E-02     1.22026000E+00     6.44258000E-05     1.16880262E-02     6.49586276E-01     1.75213090E-02     1.07500000E-07     5.97640000E-06     1.61200000E-07
    3.08750000E+04     1.88500000E+02     3.83605010E-02     1.22026000E+00     6.44258000E-05     1.26626960E-02     6.76635692E-01     1.89821050E-02     1.13400000E-07     6.06130000E-06     1.70000000E-07
    3.08750000E+04     1.91000000E+02     3.88692610E-02     1.22026000E+00     6.44258000E-05     1.37041738E-02     7.04453230E-01     2.05429948E-02     1.19600000E-07     6.14630000E-06     1.79200000E-07
    3.08750000E+04     1.93500000E+02     3.93780210E-02     1.22026000E+00     6.44258000E-05     1.48160742E-02     7.33051862E-01     2.22093914E-02     1.25900000E-07     6.23170000E-06     1.88800000E-07
    3.08750000E+04     1.96000000E+02     3.98867810E-02     1.22026000E+00     6.44258000E-05     1.60021552E-02     7.62444646E-01     2.39869214E-02     1.32600000E-07     6.31730000E-06     1.98700000E-07
    3.08750000E+04     1.98500000E+02     4.03955410E-02     1.22026000E+00     6.44258000E-05     1.72663236E-02     7.92644814E-01     2.58814332E-02     1.39500000E-07     6.40310000E-06     2.09100000E-07
    3.08750000E+04     2.01000000E+02     4.09043010E-02     1.22026000E+00     6.44258000E-05     1.86126384E-02     8.23665758E-01     2.78990052E-02     1.46600000E-07     6.48920000E-06     2.19800000E-07
    3.08750000E+04     2.03500000E+02     4.14130610E-02     1.22026000E+00     6.44258000E-05     2.00453166E-02     8.55521032E-01     3.00459490E-02     1.54100000E-07     6.57560000E-06     2.30900000E-07
    3.08750000E+04     2.06000000E+02     4.19218210E-02     1.22026000E+00     6.44258000E-05     2.15687322E-02     8.88224320E-01     3.23288128E-02     1.61800000E-07     6.66230000E-06     2.42500000E-07
    3.08750000E+04     2.08500000E+02     4.24305806E-02     1.22026000E+00     6.44258000E-05     2.31874262E-02     9.21789510E-01     3.47543938E-02     1.69800000E-07     6.74920000E-06     2.54500000E-07
    3.08750000E+04     2.11000000E+02     4.29393400E-02     1.22026000E+00     6.44258000E-05     2.49061064E-02     9.56230646E-01     3.73297394E-02     1.78100000E-07     6.83650000E-06     2.66900000E-07
    3.08750000E+04     2.13500000E+02     4.34481000E-02     1.22026000E+00     6.44258000E-05     2.67296524E-02     9.91561908E-01     4.00621510E-02     1.86600000E-07     6.92400000E-06     2.79700000E-07
    3.08750000E+04     2.16000000E+02     4.39568600E-02     1.22026000E+00     6.44258000E-05     2.86631218E-02     1.02779774E+00     4.29592012E-02     1.95500000E-07     7.01190000E-06     2.93100000E-07
    3.08750000E+04     2.18500000E+02     4.44656200E-02     1.22026000E+00     6.44258000E-05     3.07117544E-02     1.06495266E+00     4.60287294E-02     2.04700000E-07     7.10010000E-06     3.06900000E-07
    3.08750000E+04     2.21000000E+02     4.49743800E-02     1.22026000E+00     6.44258000E-05     3.28809694E-02     1.10304146E+00     4.92788456E-02     2.14300000E-07     7.18860000E-06     3.21100000E-07
    3.08750000E+04     2.23500000E+02     4.54831400E-02     1.22026000E+00     6.44258000E-05     3.51763798E-02     1.14207910E+00     5.27179502E-02     2.24100000E-07     7.27740000E-06     3.35900000E-07
    3.08750000E+04     2.26000000E+02     4.59919000E-02     1.22026000E+00     6.44258000E-05     3.76037888E-02     1.18208070E+00     5.63547258E-02     2.34300000E-07     7.36660000E-06     3.51200000E-07
    3.08750000E+04     2.28500000E+02     4.65006600E-02     1.22026000E+00     6.44258000E-05     4.01692036E-02     1.22306158E+00     6.01981612E-02     2.44900000E-07     7.45610000E-06     3.67000000E-07
    3.08750000E+04     2.31000000E+02     4.70094200E-02     1.22026000E+00     6.44258000E-05     4.28788260E-02     1.26503732E+00     6.42575352E-02     2.55800000E-07     7.54600000E-06     3.83300000E-07
    3.08750000E+04     2.33500000E+02     4.75181800E-02     1.22026000E+00     6.44258000E-05     4.57390704E-02     1.30802364E+00     6.85424438E-02     2.67000000E-07     7.63620000E-06     4.00100000E-07
    3.08750000E+04     2.36000000E+02     4.80269400E-02     1.22026000E+00     6.44258000E-05     4.87565626E-02     1.35203658E+00     7.30627992E-02     2.78600000E-07     7.72680000E-06     4.17500000E-07
    3.08750000E+04     2.38500000E+02     4.85357000E-02     1.22026000E+00     6.44258000E-05     5.19381388E-02     1.39709224E+00     7.78288286E-02     2.90600000E-07     7.81780000E-06     4.35500000E-07
    3.08750000E+04     2.41000000E+02     4.90444600E-02     1.22026000E+00     6.44258000E-05     5.52908590E-02     1.44320704E+00     8.28510916E-02     3.03000000E-07     7.90920000E-06     4.54000000E-07
    3.08750000E+04     2.43500000E+02     4.95532200E-02     1.22026000E+00     6.44258000E-05     5.88220206E-02     1.49039774E+00     8.81405038E-02     3.15800000E-07     8.00100000E-06     4.73100000E-07
    3.08750000E+04     2.46000000E+02     5.00619800E-02     1.22026000E+00     6.44258000E-05     6.25391210E-02     1.53868096E+00     9.37082778E-02     3.28900000E-07     8.09310000E-06     4.92900000E-07
    3.08750000E+04     2.48500000E+02     5.05707400E-02     1.22026000E+00     6.44258000E-05     6.64499254E-02     1.58807402E+00     9.95660280E-02     3.42500000E-07     8.18570000E-06     5.13200000E-07
    3.08750000E+04     2.52250000E+02     5.13338800E-02     1.22026000E+00     6.44258000E-05     7.27236325E-02     1.66442658E+00     1.08962652E-01     3.63700000E-07     8.32540000E-06     5.44900000E-07
    3.08750000E+04     2.57250000E+02     5.23514000E-02     1.22026000E+00     6.44258000E-05     8.18096658E-02     1.77009027E+00     1.22570831E-01     3.93400000E-07     8.51320000E-06     5.89400000E-07
    3.08750000E+04     2.62250000E+02     5.33689200E-02     1.22026000E+00     6.44258000E-05     9.18225625E-02     1.88051340E+00     1.37566268E-01     4.24900000E-07     8.70270000E-06     6.36500000E-07
    3.08750000E+04     2.67250000E+02     5.43864397E-02     1.22026000E+00     6.44258000E-05     1.02836450E-01     1.99584490E+00     1.54059777E-01     4.58200000E-07     8.89410000E-06     6.86400000E-07
    3.08750000E+04     2.72250000E+02     5.54039590E-02     1.22026000E+00     6.44258000E-05     1.14929825E-01     2.11623816E+00     1.72168701E-01     4.93400000E-07     9.08740000E-06     7.39200000E-07
    3.08750000E+04     2.77250000E+02     5.64214790E-02     1.22026000E+00     6.44258000E-05     1.28185694E-01     2.24185105E+00     1.92017097E-01     5.30700000E-07     9.28270000E-06     7.95000000E-07
    3.08750000E+04     2.82250000E+02     5.74389990E-02     1.22026000E+00     6.44258000E-05     1.42691773E-01     2.37284621E+00     2.13736043E-01     5.70000000E-07     9.48010000E-06     8.53800000E-07
    3.08750000E+04     2.87250000E+02     5.84565190E-02     1.22026000E+00     6.44258000E-05     1.58540642E-01     2.50939114E+00     2.37463884E-01     6.11500000E-07     9.67970000E-06     9.15900000E-07
    3.08750000E+04     2.92250000E+02     5.94740390E-02     1.22026000E+00     6.44258000E-05     1.75829934E-01     2.65165842E+00     2.63346460E-01     6.55100000E-07     9.88150000E-06     9.81200000E-07
    3.08750000E+04     2.97250000E+02     6.04915590E-02     1.22026000E+00     6.44258000E-05     1.94662498E-01     2.79982588E+00     2.91537417E-01     7.01100000E-07     1.00856000E-05     1.05000000E-06
    3.08750000E+04     3.02250000E+02     6.15090790E-02     1.22026000E+00     6.44258000E-05     2.15146598E-01     2.95407679E+00     3.22198455E-01     7.49500000E-07     1.02921000E-05     1.12240000E-06
    3.08750000E+04     3.07250000E+02     6.25265990E-02     1.22026000E+00     6.44258000E-05     2.37396091E-01     3.11459996E+00     3.55499586E-01     8.00300000E-07     1.05011000E-05     1.19850000E-06
    3.08750000E+04     3.12250000E+02     6.35441190E-02     1.22026000E+00     6.44258000E-05     2.61530631E-01     3.28159021E+00     3.91619483E-01     8.53700000E-07     1.07127000E-05     1.27830000E-06
    3.08750000E+04     3.17250000E+02     6.45616390E-02     1.22026000E+00     6.44258000E-05     2.87675834E-01     3.45524811E+00     4.30745658E-01     9.09600000E-07     1.09268000E-05     1.36200000E-06
    3.08750000E+04     3.22250000E+02     6.55791590E-02     1.22026000E+00     6.44258000E-05     3.15963498E-01     3.63578063E+00     4.73074845E-01     9.68300000E-07     1.11438000E-05     1.44980000E-06
    3.08750000E+04     3.27250000E+02     6.65966786E-02     1.22026000E+00     6.44258000E-05     3.46531772E-01     3.82340085E+00     5.18813218E-01     1.02980000E-06     1.13635000E-05     1.54180000E-06
    3.08750000E+04     3.32250000E+02     6.76141980E-02     1.22026000E+00     6.44258000E-05     3.79525416E-01     4.01832890E+00     5.68176785E-01     1.09420000E-06     1.15861000E-05     1.63810000E-06
    3.08750000E+04     3.37250000E+02     6.86317180E-02     1.22026000E+00     6.44258000E-05     4.15095936E-01     4.22079138E+00     6.21391576E-01     1.16150000E-06     1.18117000E-05     1.73880000E-06
    3.08750000E+04     3.42250000E+02     6.96492380E-02     1.22026000E+00     6.44258000E-05     4.53401829E-01     4.43102192E+00     6.78694021E-01     1.23190000E-06     1.20404000E-05     1.84400000E-06
    3.08750000E+04     3.47250000E+02     7.06667580E-02     1.22026000E+00     6.44258000E-05     4.94608811E-01     4.64926153E+00     7.40331276E-01     1.30550000E-06     1.22722000E-05     1.95400000E-06
    3.08750000E+04     3.52250000E+02     7.16842780E-02     1.22026000E+00     6.44258000E-05     5.38889974E-01     4.87575856E+00     8.06561446E-01     1.38220000E-06     1.25073000E-05     2.06880000E-06
    3.08750000E+04     3.57250000E+02     7.27017980E-02     1.22026000E+00     6.44258000E-05     5.86426042E-01     5.11076881E+00     8.77653972E-01     1.46240000E-06     1.27458000E-05     2.18860000E-06
    3.08750000E+04     3.62250000E+02     7.37193180E-02     1.22026000E+00     6.44258000E-05     6.37405631E-01     5.35455639E+00     9.53890019E-01     1.54590000E-06     1.29877000E-05     2.31350000E-06
    3.08750000E+04     3.67250000E+02     7.47368380E-02     1.22026000E+00     6.44258000E-05     6.92025362E-01     5.60739325E+00     1.03556263E+00     1.63300000E-06     1.32331000E-05     2.44370000E-06
    3.08750000E+04     3.72250000E+02     7.57543580E-02     1.22026000E+00     6.44258000E-05     7.50490234E-01     5.86955965E+00     1.12297727E+00     1.72370000E-06     1.34822000E-05     2.57930000E-06
    3.08750000E+04     3.77250000E+02     7.67718780E-02     1.22026000E+00     6.44258000E-05     8.13013655E-01     6.14134425E+00     1.21645192E+00     1.81820000E-06     1.37351000E-05     2.72040000E-06
    3.08750000E+04     3.82250000E+02     7.77893980E-02     1.22026000E+00     6.44258000E-05     8.79817961E-01     6.42304513E+00     1.31631769E+00     1.91640000E-06     1.39918000E-05     2.86720000E-06
    3.08750000E+04     3.87250000E+02     7.88069175E-02     1.22026000E+00     6.44258000E-05     9.51134284E-01     6.71496863E+00     1.42291885E+00     2.01860000E-06     1.42524000E-05     3.01990000E-06
    3.08750000E+04     3.92250000E+02     7.98244370E-02     1.22026000E+00     6.44258000E-05     1.02720318E+00     7.01743085E+00     1.53661363E+00     2.12480000E-06     1.45171000E-05     3.17860000E-06
    3.08750000E+04     3.97250000E+02     8.08419570E-02     1.22026000E+00     6.44258000E-05     1.10827454E+00     7.33075699E+00     1.65777401E+00     2.23520000E-06     1.47859000E-05     3.34350000E-06
    3.08750000E+04     4.02250000E+02     8.18594770E-02     1.22026000E+00     6.44258000E-05     1.19460809E+00     7.65528274E+00     1.78678652E+00     2.34980000E-06     1.50590000E-05     3.51460000E-06
    3.08750000E+04     4.07250000E+02     8.28769970E-02     1.22026000E+00     6.44258000E-05     1.28647336E+00     7.99135276E+00     1.92405234E+00     2.46880000E-06     1.53365000E-05     3.69230000E-06
    3.08750000E+04     4.12250000E+02     8.38945170E-02     1.22026000E+00     6.44258000E-05     1.38415036E+00     8.33932289E+00     2.06998802E+00     2.59220000E-06     1.56185000E-05     3.87660000E-06
    3.08750000E+04     4.17250000E+02     8.49120370E-02     1.22026000E+00     6.44258000E-05     1.48792930E+00     8.69955896E+00     2.22502532E+00     2.72020000E-06     1.59050000E-05     4.06770000E-06
    3.08750000E+04     4.22250000E+02     8.59295570E-02     1.22026000E+00     6.44258000E-05     1.59811130E+00     9.07243728E+00     2.38961202E+00     2.85280000E-06     1.61962000E-05     4.26570000E-06
    3.08750000E+04     4.27250000E+02     8.69470770E-02     1.22026000E+00     6.44258000E-05     1.71500840E+00     9.45834631E+00     2.56421211E+00     2.99030000E-06     1.64923000E-05     4.47090000E-06
    3.08750000E+04     4.32250000E+02     8.79645970E-02     1.22026000E+00     6.44258000E-05     1.83894393E+00     9.85768469E+00     2.74930625E+00     3.13260000E-06     1.67933000E-05     4.68340000E-06
    3.08750000E+04     4.37250000E+02     8.89821170E-02     1.22026000E+00     6.44258000E-05     1.97025275E+00     1.02708632E+01     2.94539213E+00     3.28000000E-06     1.70993000E-05     4.90330000E-06
    3.08750000E+04     4.42250000E+02     8.99996370E-02     1.22026000E+00     6.44258000E-05     2.10928144E+00     1.06983039E+01     3.15298485E+00     3.43250000E-06     1.74105000E-05     5.13090000E-06
    3.08750000E+04     4.47250000E+02     9.10171565E-02     1.22026000E+00     6.44258000E-05     2.25638869E+00     1.11404413E+01     3.37261718E+00     3.59020000E-06     1.77269000E-05     5.36630000E-06
    3.08750000E+04     4.52250000E+02     9.20346760E-02     1.22026000E+00     6.44258000E-05     2.41194549E+00     1.15977229E+01     3.60484019E+00     3.75340000E-06     1.80487000E-05     5.60970000E-06
    3.08750000E+04     4.57250000E+02     9.30521960E-02     1.22026000E+00     6.44258000E-05     2.57633556E+00     1.20706075E+01     3.85022372E+00     3.92200000E-06     1.83761000E-05     5.86120000E-06
    3.08750000E+04     4.62250000E+02     9.40697160E-02     1.22026000E+00     6.44258000E-05     2.74995555E+00     1.25595682E+01     4.10935664E+00     4.09620000E-06     1.87091000E-05     6.12110000E-06
    3.08750000E+04     4.67250000E+02     9.50872360E-02     1.22026000E+00     6.44258000E-05     2.93321503E+00     1.30650904E+01     4.38284689E+00     4.27620000E-06     1.90479000E-05     6.38960000E-06
    3.08750000E+04     4.72250000E+02     9.61047560E-02     1.22026000E+00     6.44258000E-05     3.12653717E+00     1.35876729E+01     4.67132239E+00     4.46200000E-06     1.93925000E-05     6.66670000E-06
    3.08750000E+04     4.77250000E+02     9.71222760E-02     1.22026000E+00     6.44258000E-05     3.33035912E+00     1.41278292E+01     4.97543179E+00     4.65390000E-06     1.97431000E-05     6.95270000E-06
    3.08750000E+04     4.82250000E+02     9.81397960E-02     1.22026000E+00     6.44258000E-05     3.54513172E+00     1.46860859E+01     5.29584380E+00     4.85180000E-06     2.00999000E-05     7.24780000E-06
    3.08750000E+04     4.87250000E+02     9.91573160E-02     1.22026000E+00     6.44258000E-05     3.77132059E+00     1.52629855E+01     5.63324883E+00     5.05600000E-06     2.04630000E-05     7.55220000E-06
    3.08750000E+04     4.92250000E+02     1.00174836E-01     1.22026000E+00     6.44258000E-05     4.00940552E+00     1.58590837E+01     5.98835829E+00     5.26650000E-06     2.08324000E-05     7.86600000E-06
    3.08750000E+04     4.97250000E+02     1.01192356E-01     1.22026000E+00     6.44258000E-05     4.25988153E+00     1.64749505E+01     6.36190578E+00     5.48360000E-06     2.12084000E-05     8.18950000E-06
    3.08750000E+04     5.12250000E+02     1.04244916E-01     1.22026000E+00     6.44258000E-05     5.10536776E+00     1.84693274E+01     7.62246073E+00     6.18220000E-06     2.23839000E-05     9.23020000E-06
    3.08750000E+04     5.37250000E+02     1.09332515E-01     1.22026000E+00     6.44258000E-05     6.79192622E+00     2.22129683E+01     1.01358257E+01     7.47800000E-06     2.44751000E-05     1.11598000E-05
    3.08750000E+04     5.62250000E+02     1.14420114E-01     1.22026000E+00     6.44258000E-05     8.91911182E+00     2.65988828E+01     1.33038128E+01     8.96750000E-06     2.67606000E-05     1.33760000E-05
    3.08750000E+04     5.87250000E+02     1.19507714E-01     1.22026000E+00     6.44258000E-05     1.15744950E+01     3.17242221E+01     1.72558058E+01     1.06688000E-05     2.92587000E-05     1.59057000E-05
    3.08750000E+04     6.12250000E+02     1.24595314E-01     1.22026000E+00     6.44258000E-05     1.48580692E+01     3.76985873E+01     2.21393342E+01     1.26012000E-05     3.19885000E-05     1.87766000E-05
    3.08750000E+04     6.37250000E+02     1.29682914E-01     1.22026000E+00     6.44258000E-05     1.88833639E+01     4.46451450E+01     2.81216534E+01     1.47846000E-05     3.49701000E-05     2.20177000E-05
    3.08750000E+04     6.62250000E+02     1.34770512E-01     1.22026000E+00     6.44258000E-05     2.37786074E+01     5.27017872E+01     3.53913818E+01     1.72397000E-05     3.82241000E-05     2.56592000E-05
    3.08750000E+04     6.87250000E+02     1.39858112E-01     1.22026000E+00     6.44258000E-05     2.96879310E+01     6.20223375E+01     4.41601917E+01     1.99881000E-05     4.17722000E-05     2.97319000E-05
    3.08750000E+04     7.12250000E+02     1.44945712E-01     1.22026000E+00     6.44258000E-05     3.67726233E+01     7.27778125E+01     5.46645574E+01     2.30521000E-05     4.56368000E-05     3.42683000E-05
    3.08750000E+04     7.37250000E+02     1.50033312E-01     1.22026000E+00     6.44258000E-05     4.52124250E+01     8.51577135E+01     6.71675517E+01     2.64548000E-05     4.98411000E-05     3.93014000E-05
    3.08750000E+04     7.62250000E+02     1.55120912E-01     1.22026000E+00     6.44258000E-05     5.52068703E+01     9.93713585E+01     8.19606914E+01     3.02203000E-05     5.44089000E-05     4.48656000E-05
    3.08750000E+04     7.87250000E+02     1.60208510E-01     1.22026000E+00     6.44258000E-05     6.69766760E+01     1.15649291E+02     9.93658405E+01     3.43733000E-05     5.93652000E-05     5.09960000E-05
    3.08750000E+04     8.12250000E+02     1.65296110E-01     1.22026000E+00     6.44258000E-05     8.07651658E+01     1.34244701E+02     1.19737147E+02     3.89392000E-05     6.47353000E-05     5.77289000E-05
    3.08750000E+04     8.37250000E+02     1.70383710E-01     1.22026000E+00     6.44258000E-05     9.68397488E+01     1.55434885E+02     1.43463035E+02     4.39444000E-05     7.05458000E-05     6.51016000E-05
    3.08750000E+04     8.62250000E+02     1.75471310E-01     1.22026000E+00     6.44258000E-05     1.15493432E+02     1.79522795E+02     1.70968238E+02     4.94161000E-05     7.68236000E-05     7.31523000E-05
    3.08750000E+04     8.87250000E+02     1.80558910E-01     1.22026000E+00     6.44258000E-05     1.37046381E+02     2.06838551E+02     2.02715862E+02     5.53819000E-05     8.35968000E-05     8.19200000E-05
    3.08750000E+04     9.12250000E+02     1.85646508E-01     1.22026000E+00     6.44258000E-05     1.61847521E+02     2.37741107E+02     2.39209513E+02     6.18707000E-05     9.08938000E-05     9.14447000E-05
    3.08750000E+04     9.37250000E+02     1.90734108E-01     1.22026000E+00     6.44258000E-05     1.90276174E+02     2.72619829E+02     2.80995427E+02     6.89117000E-05     9.87443000E-05     1.01767500E-04
    3.08750000E+04     9.62250000E+02     1.95821708E-01     1.22026000E+00     6.44258000E-05     2.22743753E+02     3.11896213E+02     3.28664665E+02     7.65351000E-05     1.07178300E-04     1.12930100E-04
    3.08750000E+04     9.87250000E+02     2.00909308E-01     1.22026000E+00     6.44258000E-05     2.59695485E+02     3.56025634E+02     3.82855341E+02     8.47720000E-05     1.16226800E-04     1.24975300E-04
    3.08750000E+04     1.01225000E+03     2.05996907E-01     1.22026000E+00     6.44258000E-05     3.01612160E+02     4.05499066E+02     4.44254838E+02     9.36538000E-05     1.25921500E-04     1.37946400E-04
    3.08750000E+04     1.03725000E+03     2.11084506E-01     1.22026000E+00     6.44258000E-05     3.49011955E+02     4.60844875E+02     5.13602096E+02     1.03213200E-04     1.36295000E-04     1.51887900E-04
    3.08750000E+04     1.06225000E+03     2.16172106E-01     1.22026000E+00     6.44258000E-05     4.02452267E+02     5.22630747E+02     5.91689935E+02     1.13483200E-04     1.47380200E-04     1.66844900E-04
    3.08750000E+04     1.08725000E+03     2.21259706E-01     1.22026000E+00     6.44258000E-05     4.62531592E+02     5.91465480E+02     6.79367334E+02     1.24497700E-04     1.59211300E-04     1.82863100E-04
    3.08750000E+04     1.11225000E+03     2.26347306E-01     1.22026000E+00     6.44258000E-05     5.29891469E+02     6.68001008E+02     7.77541843E+02     1.36291400E-04     1.71822900E-04     1.99989400E-04
    3.08750000E+04     1.13725000E+03     2.31434905E-01     1.22026000E+00     6.44258000E-05     6.05218389E+02     7.52934170E+02     8.87181852E+02     1.48899700E-04     1.85250300E-04     2.18270900E-04
    3.08750000E+04     1.16225000E+03     2.36522504E-01     1.22026000E+00     6.44258000E-05     6.89245829E+02     8.47008895E+02     1.00931905E+03     1.62358600E-04     1.99529700E-04     2.37755800E-04
    3.08750000E+04     1.18725000E+03     2.41610104E-01     1.22026000E+00     6.44258000E-05     7.82756258E+02     9.51018203E+02     1.14505078E+03     1.76704900E-04     2.14697800E-04     2.58492800E-04
    3.08750000E+04     1.21225000E+03     2.46697704E-01     1.22026000E+00     6.44258000E-05     8.86583256E+02     1.06580621E+03     1.29554249E+03     1.91976200E-04     2.30792400E-04     2.80531300E-04
    3.08750000E+04     1.23725000E+03     2.51785304E-01     1.22026000E+00     6.44258000E-05     1.00161352E+03     1.19227017E+03     1.46203009E+03     2.08210800E-04     2.47851500E-04     3.03921100E-04
    3.08750000E+04     1.26225000E+03     2.56872902E-01     1.22026000E+00     6.44258000E-05     1.12878905E+03     1.33136282E+03     1.64582233E+03     2.25447400E-04     2.65914200E-04     3.28713000E-04
    3.08750000E+04     1.28725000E+03     2.61960502E-01     1.22026000E+00     6.44258000E-05     1.26910932E+03     1.48409421E+03     1.84830334E+03     2.43725700E-04     2.85020000E-04     3.54958100E-04
    3.08750000E+04     1.31225000E+03     2.67048102E-01     1.22026000E+00     6.44258000E-05     1.42363352E+03     1.65153442E+03     2.07093503E+03     2.63086000E-04     3.05209300E-04     3.82708000E-04
    3.08750000E+04     1.33725000E+03     2.72135702E-01     1.22026000E+00     6.44258000E-05     1.59348265E+03     1.83481525E+03     2.31525941E+03     2.83569300E-04     3.26523100E-04     4.12015100E-04
    3.08750000E+04     1.36225000E+03     2.77223302E-01     1.22026000E+00     6.44258000E-05     1.77984193E+03     2.03513260E+03     2.58290102E+03     3.05217200E-04     3.49003000E-04     4.42931900E-04
    3.08750000E+04     1.38725000E+03     2.82310900E-01     1.22026000E+00     6.44258000E-05     1.98396295E+03     2.25374929E+03     2.87556942E+03     3.28072000E-04     3.72691500E-04     4.75511600E-04
    3.08750000E+04     1.41225000E+03     2.87398500E-01     1.22026000E+00     6.44258000E-05     2.20716616E+03     2.49199634E+03     3.19506154E+03     3.52176700E-04     3.97631400E-04     5.09807800E-04
    3.08750000E+04     1.43725000E+03     2.92486100E-01     1.22026000E+00     6.44258000E-05     2.45084305E+03     2.75127662E+03     3.54326403E+03     3.77575000E-04     4.23866400E-04     5.45874500E-04
    3.08750000E+04     1.46225000E+03     2.97573700E-01     1.22026000E+00     6.44258000E-05     2.71645865E+03     3.03306613E+03     3.92215567E+03     4.04310900E-04     4.51440700E-04     5.83766100E-04
    3.08750000E+04     1.48725000E+03     3.02661299E-01     1.22026000E+00     6.44258000E-05     3.00555385E+03     3.33891692E+03     4.33380967E+03     4.32429600E-04     4.80399400E-04     6.23537200E-04
    3.08750000E+04     1.51225000E+03     3.07748898E-01     1.22026000E+00     6.44258000E-05     3.31974793E+03     3.67045926E+03     4.78039601E+03     4.61976400E-04     5.10787900E-04     6.65242800E-04
    3.08750000E+04     1.53725000E+03     3.12836498E-01     1.22026000E+00     6.44258000E-05     3.66074082E+03     4.02940461E+03     5.26418364E+03     4.92997500E-04     5.42652400E-04     7.08938200E-04
    3.08750000E+04     1.56225000E+03     3.17924098E-01     1.22026000E+00     6.44258000E-05     4.03031572E+03     4.41754737E+03     5.78754278E+03     5.25539600E-04     5.76039600E-04     7.54678900E-04
    3.08750000E+04     1.58725000E+03     3.23011698E-01     1.22026000E+00     6.44258000E-05     4.43034170E+03     4.83676775E+03     6.35294737E+03     5.59650100E-04     6.10996900E-04     8.02520800E-04
    3.08750000E+04     1.61225000E+03     3.28099297E-01     1.22026000E+00     6.44258000E-05     4.86277602E+03     5.28903500E+03     6.96297698E+03     5.95377000E-04     6.47572300E-04     8.52519600E-04
    3.08750000E+04     1.63725000E+03     3.33186896E-01     1.22026000E+00     6.44258000E-05     5.32966661E+03     5.77640860E+03     7.62031885E+03     6.32768700E-04     6.85814400E-04     9.04731500E-04
    3.08750000E+04     1.66225000E+03     3.38274496E-01     1.22026000E+00     6.44258000E-05     5.83315513E+03     6.30104085E+03     8.32777068E+03     6.71874300E-04     7.25772200E-04     9.59212600E-04
    3.08750000E+04     1.68725000E+03     3.43362096E-01     1.22026000E+00     6.44258000E-05     6.37547879E+03     6.86518081E+03     9.08824168E+03     7.12743500E-04     7.67495300E-04     1.01601940E-03
    3.08750000E+04     1.71225000E+03     3.48449696E-01     1.22026000E+00     6.44258000E-05     6.95897367E+03     7.47117732E+03     9.90475555E+03     7.55426600E-04     8.11034200E-04     1.07520800E-03
    3.08750000E+04     1.73725000E+03     3.53537294E-01     1.22026000E+00     6.44258000E-05     7.58607658E+03     8.12147733E+03     1.07804515E+04     7.99974200E-04     8.56439500E-04     1.13683480E-03
    3.08750000E+04     1.76225000E+03     3.58624894E-01     1.22026000E+00     6.44258000E-05     8.25932869E+03     8.81863503E+03     1.17185873E+04     8.46437800E-04     9.03762500E-04     1.20095620E-03
    3.08750000E+04     1.78725000E+03     3.63712494E-01     1.22026000E+00     6.44258000E-05     8.98137718E+03     9.56530865E+03     1.27225400E+04     8.94869000E-04     9.53055100E-04     1.26762850E-03
    3.08750000E+04     1.81225000E+03     3.68800094E-01     1.22026000E+00     6.44258000E-05     9.75497822E+03     1.03642668E+04     1.37958081E+04     9.45320300E-04     1.00436970E-03     1.33690780E-03
    3.08750000E+04     1.83725000E+03     3.73887694E-01     1.22026000E+00     6.44258000E-05     1.05830003E+04     1.12183898E+04     1.49420143E+04     9.97844500E-04     1.05775910E-03     1.40885030E-03
    3.08750000E+04     1.86225000E+03     3.78975292E-01     1.22026000E+00     6.44258000E-05     1.14684254E+04     1.21306717E+04     1.61649047E+04     1.05249490E-03     1.11327660E-03     1.48351180E-03
    3.08750000E+04     1.88725000E+03     3.84062892E-01     1.22026000E+00     6.44258000E-05     1.24143541E+04     1.31042250E+04     1.74683538E+04     1.10932540E-03     1.17097630E-03     1.56094810E-03
    3.08750000E+04     1.91225000E+03     3.89150492E-01     1.22026000E+00     6.44258000E-05     1.34240048E+04     1.41422804E+04     1.88563622E+04     1.16839030E-03     1.23091230E-03     1.64121480E-03
    3.08750000E+04     1.93725000E+03     3.94238092E-01     1.22026000E+00     6.44258000E-05     1.45007198E+04     1.52481926E+04     2.03330610E+04     1.22974440E-03     1.29313940E-03     1.72436700E-03
    3.08750000E+04     1.96225000E+03     3.99325691E-01     1.22026000E+00     6.44258000E-05     1.56479665E+04     1.64254405E+04     2.19027120E+04     1.29344280E-03     1.35771290E-03     1.81045970E-03
    3.08750000E+04     1.98725000E+03     4.04413290E-01     1.22026000E+00     6.44258000E-05     1.68693395E+04     1.76776313E+04     2.35697088E+04     1.35954130E-03     1.42468840E-03     1.89954760E-03
    3.08750000E+04     2.01225000E+03     4.09500890E-01     1.22026000E+00     6.44258000E-05     1.81685648E+04     1.90085050E+04     2.53385783E+04     1.42809580E-03     1.49412210E-03     1.99168490E-03
    3.08750000E+04     2.03725000E+03     4.14588490E-01     1.22026000E+00     6.44258000E-05     1.95495010E+04     2.04219307E+04     2.72139813E+04     1.49916300E-03     1.56607050E-03     2.08692530E-03
    3.08750000E+04     2.06225000E+03     4.19676090E-01     1.22026000E+00     6.44258000E-05     2.10161430E+04     2.19219161E+04     2.92007140E+04     1.57279960E-03     1.64059030E-03     2.18532240E-03
    3.08750000E+04     2.08725000E+03     4.24763689E-01     1.22026000E+00     6.44258000E-05     2.25726254E+04     2.35126087E+04     3.13037105E+04     1.64906310E-03     1.71773910E-03     2.28692900E-03
    3.08750000E+04     2.11225000E+03     4.29851288E-01     1.22026000E+00     6.44258000E-05     2.42232217E+04     2.51982953E+04     3.35280373E+04     1.72801110E-03     1.79757450E-03     2.39179750E-03
    3.08750000E+04     2.13725000E+03     4.34938888E-01     1.22026000E+00     6.44258000E-05     2.59723527E+04     2.69834083E+04     3.58789038E+04     1.80970150E-03     1.88015440E-03     2.49997980E-03
    3.08750000E+04     2.16225000E+03     4.40026488E-01     1.22026000E+00     6.44258000E-05     2.78245834E+04     2.88725265E+04     3.83616534E+04     1.89419290E-03     1.96553740E-03     2.61152690E-03
    3.08750000E+04     2.18725000E+03     4.45114088E-01     1.22026000E+00     6.44258000E-05     2.97846301E+04     3.08703779E+04     4.09817705E+04     1.98154390E-03     2.05378210E-03     2.72648970E-03
    3.08750000E+04     2.21225000E+03     4.50201686E-01     1.22026000E+00     6.44258000E-05     3.18573609E+04     3.29818439E+04     4.37448784E+04     2.07181360E-03     2.14494770E-03     2.84491810E-03
    3.08750000E+04     2.23725000E+03     4.55289286E-01     1.22026000E+00     6.44258000E-05     3.40477963E+04     3.52119579E+04     4.66567353E+04     2.16506130E-03     2.23909340E-03     2.96686100E-03
    3.08750000E+04     2.26225000E+03     4.60376886E-01     1.22026000E+00     6.44258000E-05     3.63611186E+04     3.75659177E+04     4.97232454E+04     2.26134670E-03     2.33627910E-03     3.09236720E-03
    3.08750000E+04     2.28725000E+03     4.65464486E-01     1.22026000E+00     6.44258000E-05     3.88026667E+04     4.00490706E+04     5.29504469E+04     2.36072980E-03     2.43656450E-03     3.22148420E-03
    3.08750000E+04     2.31225000E+03     4.70552086E-01     1.22026000E+00     6.44258000E-05     4.13779432E+04     4.26669347E+04     5.63445180E+04     2.46327070E-03     2.54000990E-03     3.35425890E-03
    3.08750000E+04     2.33725000E+03     4.75639684E-01     1.22026000E+00     6.44258000E-05     4.40926177E+04     4.54251946E+04     5.99117786E+04     2.56903000E-03     2.64667590E-03     3.49073740E-03
    3.08750000E+04     2.36225000E+03     4.80727284E-01     1.22026000E+00     6.44258000E-05     4.69525246E+04     4.83296957E+04     6.36586820E+04     2.67806830E-03     2.75662320E-03     3.63096470E-03
    3.08750000E+04     2.38725000E+03     4.85814884E-01     1.22026000E+00     6.44258000E-05     4.99636704E+04     5.13864565E+04     6.75918220E+04     2.79044650E-03     2.86991250E-03     3.77498480E-03
    3.08750000E+04     2.41225000E+03     4.90902484E-01     1.22026000E+00     6.44258000E-05     5.31322366E+04     5.46016749E+04     7.17179316E+04     2.90622600E-03     2.98660530E-03     3.92284120E-03
    3.08750000E+04     2.43725000E+03     4.95990083E-01     1.22026000E+00     6.44258000E-05     5.64645749E+04     5.79817145E+04     7.60438727E+04     3.02546780E-03     3.10676270E-03     4.07457560E-03
    3.08750000E+04     2.46225000E+03     5.01077682E-01     1.22026000E+00     6.44258000E-05     5.99672206E+04     6.15331257E+04     8.05766509E+04     3.14823360E-03     3.23044640E-03     4.23022950E-03
    3.08750000E+04     2.48725000E+03     5.06165282E-01     1.22026000E+00     6.44258000E-05     6.36468836E+04     6.52626294E+04     8.53233967E+04     3.27458500E-03     3.35771780E-03     4.38984260E-03
    3.08750000E+04     2.52475000E+03     5.13796682E-01     1.22026000E+00     6.44258000E-05     6.95377518E+04     7.12304427E+04     9.28896964E+04     3.47143800E-03     3.55595520E-03     4.63727750E-03
    3.08750000E+04     2.57475000E+03     5.23971880E-01     1.22026000E+00     6.44258000E-05     7.80471619E+04     7.98461605E+04     1.03759106E+05     3.74642840E-03     3.83279920E-03     4.98073390E-03
    3.08750000E+04     2.62475000E+03     5.34147080E-01     1.22026000E+00     6.44258000E-05     8.73949585E+04     8.93048169E+04     1.15619496E+05     4.03687780E-03     4.12511120E-03     5.34068680E-03
    3.08750000E+04     2.67475000E+03     5.44322279E-01     1.22026000E+00     6.44258000E-05     9.76439062E+04     9.96692805E+04     1.28534103E+05     4.34328430E-03     4.43338910E-03     5.71739660E-03
    3.08750000E+04     2.72475000E+03     5.54497478E-01     1.22026000E+00     6.44258000E-05     1.08859930E+05     1.11005598E+05     1.42568080E+05     4.66614670E-03     4.75813230E-03     6.11110150E-03
    3.08750000E+04     2.77475000E+03     5.64672678E-01     1.22026000E+00     6.44258000E-05     1.21112186E+05     1.23383033E+05     1.57788427E+05     5.00596400E-03     5.09983940E-03     6.52201660E-03
    3.08750000E+04     2.82475000E+03     5.74847876E-01     1.22026000E+00     6.44258000E-05     1.34473114E+05     1.36874133E+05     1.74263872E+05     5.36323410E-03     5.45900840E-03     6.95033200E-03
    3.08750000E+04     2.87475000E+03     5.85023076E-01     1.22026000E+00     6.44258000E-05     1.49018514E+05     1.51554816E+05     1.92064783E+05     5.73845430E-03     5.83613650E-03     7.39621220E-03
    3.08750000E+04     2.92475000E+03     5.95198275E-01     1.22026000E+00     6.44258000E-05     1.64827582E+05     1.67504397E+05     2.11263037E+05     6.13211960E-03     6.23171890E-03     7.85979450E-03
    3.08750000E+04     2.97475000E+03     6.05373474E-01     1.22026000E+00     6.44258000E-05     1.81982976E+05     1.84805639E+05     2.31931889E+05     6.54472250E-03     6.64624790E-03     8.34118800E-03
    3.08750000E+04     3.02475000E+03     6.15548674E-01     1.22026000E+00     6.44258000E-05     2.00570867E+05     2.03544837E+05     2.54145840E+05     6.97675280E-03     7.08021360E-03     8.84047270E-03
    3.08750000E+04     3.07475000E+03     6.25723872E-01     1.22026000E+00     6.44258000E-05     2.20680969E+05     2.23811813E+05     2.77980463E+05     7.42869640E-03     7.53410130E-03     9.35769800E-03
    3.08750000E+04     3.12475000E+03     6.35899072E-01     1.22026000E+00     6.44258000E-05     2.42406591E+05     2.45700004E+05     3.03512249E+05     7.90103480E-03     8.00839310E-03     9.89288190E-03
    3.08750000E+04     3.17475000E+03     6.46074270E-01     1.22026000E+00     6.44258000E-05     2.65844657E+05     2.69306423E+05     3.30818414E+05     8.39424440E-03     8.50356430E-03     1.04460096E-02
    3.08750000E+04     3.22475000E+03     6.56249470E-01     1.22026000E+00     6.44258000E-05     2.91095752E+05     2.94731819E+05     3.59976715E+05     8.90879590E-03     9.02008720E-03     1.10170331E-02
    3.08750000E+04     3.27475000E+03     6.66424669E-01     1.22026000E+00     6.44258000E-05     3.18264124E+05     3.22080512E+05     3.91065228E+05     9.44515360E-03     9.55842450E-03     1.16058693E-02
    3.08750000E+04     3.32475000E+03     6.76599868E-01     1.22026000E+00     6.44258000E-05     3.47457719E+05     3.51460591E+05     4.24162146E+05     1.00037747E-02     1.01190343E-02     1.22123998E-02
    3.08750000E+04     3.37475000E+03     6.86775068E-01     1.22026000E+00     6.44258000E-05     3.78788181E+05     3.82983789E+05     4.59345535E+05     1.05851089E-02     1.07023649E-02     1.28364698E-02
    3.08750000E+04     3.42475000E+03     6.96950266E-01     1.22026000E+00     6.44258000E-05     4.12370851E+05     4.16765603E+05     4.96693079E+05     1.11895966E-02     1.13088583E-02     1.34778868E-02
    3.08750000E+04     3.47475000E+03     7.07125466E-01     1.22026000E+00     6.44258000E-05     4.48324792E+05     4.52925206E+05     5.36281855E+05     1.18176698E-02     1.19389460E-02     1.41364207E-02
    3.08750000E+04     3.52475000E+03     7.17300665E-01     1.22026000E+00     6.44258000E-05     4.86772730E+05     4.91585418E+05     5.78188009E+05     1.24697501E-02     1.25930484E-02     1.48118016E-02
    3.08750000E+04     3.57475000E+03     7.27475864E-01     1.22026000E+00     6.44258000E-05     5.27841108E+05     5.32872826E+05     6.22486549E+05     1.31462491E-02     1.32715781E-02     1.55037211E-02
    3.08750000E+04     3.62475000E+03     7.37651063E-01     1.22026000E+00     6.44258000E-05     5.71660002E+05     5.76917605E+05     6.69250985E+05     1.38475664E-02     1.39749340E-02     1.62118298E-02
    3.08750000E+04     3.67475000E+03     7.47826262E-01     1.22026000E+00     6.44258000E-05     6.18363108E+05     6.23853572E+05     7.18553039E+05     1.45740899E-02     1.47035039E-02     1.69357373E-02
    3.08750000E+04     3.72475000E+03     7.58001462E-01     1.22026000E+00     6.44258000E-05     6.68087714E+05     6.73818160E+05     7.70462346E+05     1.53261944E-02     1.54576631E-02     1.76750116E-02
    3.08750000E+04     3.77475000E+03     7.68176660E-01     1.22026000E+00     6.44258000E-05     7.20974666E+05     7.26952311E+05     8.25046140E+05     1.61042421E-02     1.62377733E-02     1.84291798E-02
    3.08750000E+04     3.82475000E+03     7.78351860E-01     1.22026000E+00     6.44258000E-05     7.77168272E+05     7.83400449E+05     8.82368865E+05     1.69085801E-02     1.70441812E-02     1.91977255E-02
    3.08750000E+04     3.87475000E+03     7.88527059E-01     1.22026000E+00     6.44258000E-05     8.36816298E+05     8.43310464E+05     9.42491900E+05     1.77395416E-02     1.78772201E-02     1.99800909E-02
    3.08750000E+04     3.92475000E+03     7.98702258E-01     1.22026000E+00     6.44258000E-05     9.00069840E+05     9.06833525E+05     1.00547313E+06     1.85974437E-02     1.87372059E-02     2.07756741E-02
    3.08750000E+04     3.97475000E+03     8.08877458E-01     1.22026000E+00     6.44258000E-05     9.67083309E+05     9.74124258E+05     1.07136667E+06     1.94825877E-02     1.96244419E-02     2.15838315E-02
    3.08750000E+04     4.02475000E+03     8.19052656E-01     1.22026000E+00     6.44258000E-05     1.03801431E+06     1.04534029E+06     1.14022244E+06     2.03952582E-02     2.05392108E-02     2.24038758E-02
    3.08750000E+04     4.07475000E+03     8.29227856E-01     1.22026000E+00     6.44258000E-05     1.11302352E+06     1.12064245E+06     1.21208576E+06     2.13357221E-02     2.14817797E-02     2.32350765E-02
    3.08750000E+04     4.12475000E+03     8.39403054E-01     1.22026000E+00     6.44258000E-05     1.19227466E+06     1.20019460E+06     1.28699707E+06     2.23042283E-02     2.24523977E-02     2.40766604E-02
    3.08750000E+04     4.17475000E+03     8.49578254E-01     1.22026000E+00     6.44258000E-05     1.27593439E+06     1.28416346E+06     1.36499150E+06     2.33010083E-02     2.34512955E-02     2.49278126E-02
    3.08750000E+04     4.22475000E+03     8.59753453E-01     1.22026000E+00     6.44258000E-05     1.36417209E+06     1.37271857E+06     1.44609844E+06     2.43262728E-02     2.44786846E-02     2.57876745E-02
    3.08750000E+04     4.27475000E+03     8.69928652E-01     1.22026000E+00     6.44258000E-05     1.45715986E+06     1.46603213E+06     1.53034127E+06     2.53802146E-02     2.55347566E-02     2.66553471E-02
    3.08750000E+04     4.32475000E+03     8.80103852E-01     1.22026000E+00     6.44258000E-05     1.55507226E+06     1.56427883E+06     1.61773674E+06     2.64630041E-02     2.66196826E-02     2.75298875E-02
    3.08750000E+04     4.37475000E+03     8.90279050E-01     1.22026000E+00     6.44258000E-05     1.65808635E+06     1.66763582E+06     1.70829493E+06     2.75747933E-02     2.77336141E-02     2.84103150E-02
    3.08750000E+04     4.42475000E+03     9.00454250E-01     1.22026000E+00     6.44258000E-05     1.76638146E+06     1.77628251E+06     1.80201866E+06     2.87157133E-02     2.88766808E-02     2.92956089E-02
    3.08750000E+04     4.47475000E+03     9.10629449E-01     1.22026000E+00     6.44258000E-05     1.88013889E+06     1.89040039E+06     1.89890295E+06     2.98858711E-02     3.00489913E-02     3.01847060E-02
    3.08750000E+04     4.52475000E+03     9.20804648E-01     1.22026000E+00     6.44258000E-05     1.99954209E+06     2.01017293E+06     1.99893507E+06     3.10853549E-02     3.12506326E-02     3.10765093E-02
    3.08750000E+04     4.57475000E+03     9.30979848E-01     1.22026000E+00     6.44258000E-05     2.12477617E+06     2.13578543E+06     2.10209381E+06     3.23142297E-02     3.24816697E-02     3.19698825E-02
    3.08750000E+04     4.62475000E+03     9.41155046E-01     1.22026000E+00     6.44258000E-05     2.25602800E+06     2.26742482E+06     2.20834933E+06     3.35725385E-02     3.37421452E-02     3.28636549E-02
    3.08750000E+04     4.67475000E+03     9.51330246E-01     1.22026000E+00     6.44258000E-05     2.39348578E+06     2.40527947E+06     2.31766260E+06     3.48603003E-02     3.50320789E-02     3.37566196E-02
    3.08750000E+04     4.72475000E+03     9.61505444E-01     1.22026000E+00     6.44258000E-05     2.53733914E+06     2.54953901E+06     2.42998538E+06     3.61775137E-02     3.63514675E-02     3.46475390E-02
    3.08750000E+04     4.77475000E+03     9.71680644E-01     1.22026000E+00     6.44258000E-05     2.68777881E+06     2.70039437E+06     2.54525964E+06     3.75241535E-02     3.77002871E-02     3.55351438E-02
    3.08750000E+04     4.82475000E+03     9.81855843E-01     1.22026000E+00     6.44258000E-05     2.84499642E+06     2.85803717E+06     2.66341736E+06     3.89001710E-02     3.90784869E-02     3.64181346E-02
    3.08750000E+04     4.87475000E+03     9.92031042E-01     1.22026000E+00     6.44258000E-05     3.00918442E+06     3.02266023E+06     2.78438022E+06     4.03054954E-02     4.04859998E-02     3.72951848E-02
    3.08750000E+04     4.92475000E+03     1.00220624E+00     1.22026000E+00     6.44258000E-05     3.18053587E+06     3.19445642E+06     2.90805943E+06     4.17400337E-02     4.19227283E-02     3.81649431E-02
    3.08750000E+04     4.97475000E+03     1.01238144E+00     1.22026000E+00     6.44258000E-05     3.35924419E+06     3.37361942E+06     3.03435531E+06     4.32036686E-02     4.33885572E-02     3.90260334E-02
    3.08750000E+04     5.00000000E+03     1.01751990E+00     1.22026000E+00     6.44258000E-05     3.45203070E+06     3.46663890E+06     3.09899270E+06     4.39526180E-02     4.41386160E-02     3.94576000E-02
