            0.2500000000,            0.0000000000,            0.0000003680,            0.0000000000,            0.0000000000,            0.0000000000,3227418328362550048629731656466432.0000000000
            0.5000000000,            0.0000000000,            0.0000004598,            0.0000000000,            0.0000000000,            0.0000000000,      1298540.7853256951
            0.7500000000,            0.0000000000,            0.0000008063,            0.0000000000,            0.0000000000,            0.0000000000,       476922.8388458551
            1.0000000000,            0.0000000000,            0.0000013186,            0.0000000000,            0.0000000000,            0.0000000000,       359632.5178112336
            1.2500000000,            0.0000000000,            0.0000016296,            0.0000000000,            0.0000000000,            0.0000000000,       334889.2893050885
            1.5000000000,            0.0000000000,            0.0000018213,            0.0000000000,            0.0000000000,            0.0000000000,       324915.5853240396
            1.7500000000,            0.0000000000,            0.0000019391,            0.0000000001,            0.0000000000,            0.0005420070,        32737.7567964439
            2.0000000000,            0.0000000001,            0.0000021817,            0.0000000002,            0.0000000000,            0.0005815885,        11461.7105138289
            2.2500000000,            0.0000000003,            0.0000027079,            0.0000000005,            0.0000000000,            0.0005923004,         5704.0520275174
            2.5000000000,            0.0000000004,            0.0000029070,            0.0000000006,            0.0000000000,            0.0005936260,         4991.6453495293
            2.7500000000,            0.0000000005,            0.0000031358,            0.0000000007,            0.0000000000,            0.0005946499,         4441.4882525467
            3.0000000000,            0.0000000006,            0.0000033938,            0.0000000008,            0.0000000000,            0.0005954455,         4014.1233185992
            3.2500000000,            0.0000000007,            0.0000036791,            0.0000000010,            0.0000000000,            0.0005960673,         3680.2008996446
            3.5000000000,            0.0000000008,            0.0000039887,            0.0000000012,            0.0000000000,            0.0005965563,         3417.7847222577
            3.7500000000,            0.0000000009,            0.0000043178,            0.0000000013,            0.0000000000,            0.0005969431,         3210.3949714278
            4.0000000000,            0.0000000010,            0.0000046606,            0.0000000015,            0.0000000000,            0.0005972510,         3045.5849332630
            4.2500000000,            0.0000000011,            0.0000050107,            0.0000000017,            0.0000000000,            0.0005974975,         2913.9028684482
            4.5000000000,            0.0000000013,            0.0000053615,            0.0000000019,            0.0000000000,            0.0005976963,         2808.1321008819
            4.7500000000,            0.0000000014,            0.0000057064,            0.0000000021,            0.0000000000,            0.0005978576,         2722.7324090151
            5.0000000000,            0.0000000015,            0.0000060399,            0.0000000023,            0.0000000000,            0.0005979895,         2653.4274988490
            6.0000000000,            0.0000000021,            0.0000076145,            0.0000000031,            0.0000000000,            0.0005984369,         2432.7428858619
            7.0000000000,            0.0000000024,            0.0000084863,            0.0000000036,            0.0000000000,            0.0005987038,         2350.4507226143
            8.0000000000,            0.0000000048,            0.0000096837,            0.0000000072,            0.0000000000,            0.0006194743,         1350.0881539663
            9.0000000000,            0.0000000099,            0.0000108722,            0.0000000148,            0.0000000000,            0.0006328681,          733.5544040375
           10.0000000000,            0.0000000152,            0.0000121062,            0.0000000228,            0.0000000000,            0.0006372689,          531.0404411399
           11.0000000000,            0.0000000205,            0.0000133251,            0.0000000307,            0.0000000000,            0.0006393711,          434.3081223046
           12.0000000000,            0.0000000257,            0.0000145465,            0.0000000386,            0.0000000000,            0.0006406161,          377.0207659846
           13.0000000000,            0.0000000311,            0.0000157748,            0.0000000465,            0.0000000000,            0.0006414419,          339.0232153809
           14.0000000000,            0.0000000370,            0.0000171575,            0.0000000555,            0.0000000000,            0.0006420885,          309.2709280448
           15.0000000000,            0.0000000415,            0.0000181831,            0.0000000621,            0.0000000000,            0.0006424481,          292.7367112495
           16.0000000000,            0.0000002959,            0.0000193448,            0.0000004402,            0.0000000003,            0.0006938501,           43.9418664660
           17.0000000000,            0.0000008132,            0.0000213180,            0.0000012092,            0.0000000008,            0.0006993405,           17.6300717430
           18.0000000000,            0.0000010674,            0.0000222861,            0.0000015870,            0.0000000011,            0.0007000892,           14.0427060971
           19.0000000000,            0.0000013893,            0.0000235114,            0.0000020654,            0.0000000014,            0.0007006443,           11.3835239880
           20.0000000000,            0.0000017909,            0.0000250397,            0.0000026622,            0.0000000019,            0.0007010572,            9.4055561215
           25.0000000000,            0.0000040559,            0.0000336572,            0.0000060287,            0.0000000042,            0.0007018555,            5.5828118033
           30.0000000000,            0.0000060888,            0.0000413897,            0.0000090501,            0.0000000064,            0.0007020667,            4.5733845669
           35.0000000000,            0.0000085822,            0.0000508726,            0.0000127559,            0.0000000090,            0.0007021896,            3.9881749450
           40.0000000000,            0.0000108804,            0.0000596131,            0.0000161717,            0.0000000114,            0.0007022535,            3.6862572501
           45.0000000000,            0.0000131255,            0.0000681507,            0.0000195085,            0.0000000137,            0.0007022951,            3.4933880097
           50.0000000000,            0.0000152843,            0.0000763594,            0.0000227170,            0.0000000160,            0.0007023246,            3.3613362225
           55.0000000000,            0.0000176175,            0.0000852301,            0.0000261847,            0.0000000184,            0.0007023502,            3.2549605987
           60.0000000000,            0.0000199048,            0.0000939237,            0.0000295841,            0.0000000208,            0.0007023732,            3.1748036301
           65.0000000000,            0.0000218305,            0.0001012381,            0.0000324461,            0.0000000228,            0.0007023957,            3.1201967487
           70.0000000000,            0.0000240007,            0.0001094601,            0.0000356711,            0.0000000251,            0.0007024439,            3.0685936833
           75.0000000000,            0.0000263066,            0.0001177355,            0.0000390906,            0.0000000275,            0.0007030323,            3.0118583327
           80.0000000000,            0.0000474343,            0.0001450375,            0.0000696456,            0.0000000515,            0.0007390904,            2.0825066416
           85.0000000000,            0.0000738869,            0.0001776941,            0.0001078087,            0.0000000817,            0.0007581494,            1.6482352645
           90.0000000000,            0.0001020762,            0.0002122518,            0.0001483819,            0.0000001142,            0.0007697192,            1.4304428371
           95.0000000000,            0.0001318311,            0.0002484502,            0.0001910930,            0.0000001488,            0.0007785255,            1.3001535182
          100.0000000000,            0.0001627983,            0.0002858070,            0.0002354091,            0.0000001851,            0.0007861250,            1.2140865319
          110.0000000000,            0.0002303676,            0.0003661583,            0.0003315883,            0.0000002655,            0.0008006271,            1.1042555358
          120.0000000000,            0.0003086366,            0.0004572611,            0.0004420582,            0.0000003609,            0.0008163183,            1.0343910427
          130.0000000000,            0.0004022028,            0.0005636662,            0.0005727897,            0.0000004780,            0.0008345352,            0.9840718675
          140.0000000000,            0.0005190251,            0.0006934911,            0.0007341299,            0.0000006287,            0.0008563635,            0.9446436034
          150.0000000000,            0.0006658786,            0.0008533919,            0.0009343690,            0.0000008240,            0.0008819260,            0.9133349466
          160.0000000000,            0.0008522354,            0.0010530207,            0.0011850050,            0.0000010799,            0.0009113373,            0.8886213296
          170.0000000000,            0.0010828818,            0.0012970855,            0.0014906954,            0.0000014070,            0.0009438796,            0.8701210773
          180.0000000000,            0.0013621711,            0.0015899649,            0.0018551416,            0.0000018163,            0.0009790768,            0.8570585125
          190.0000000000,            0.0016921915,            0.0019336970,            0.0022787601,            0.0000023163,            0.0010164699,            0.8485741861
          200.0000000000,            0.0020797856,            0.0023352537,            0.0027677040,            0.0000029235,            0.0010562893,            0.8437512189
          210.0000000000,            0.0025286209,            0.0027982641,            0.0033235992,            0.0000036507,            0.0010984297,            0.8419379031
          220.0000000000,            0.0030387502,            0.0033226507,            0.0039433829,            0.0000045054,            0.0011425231,            0.8425889105
          230.0000000000,            0.0036211376,            0.0039195511,            0.0046368779,            0.0000055139,            0.0011891470,            0.8452996255
          240.0000000000,            0.0042789621,            0.0045920822,            0.0054038833,            0.0000066909,            0.0012381619,            0.8497745011
          250.0000000000,            0.0050145084,            0.0053424698,            0.0062429126,            0.0000080496,            0.0012894020,            0.8557655901
          260.0000000000,            0.0058373195,            0.0061803456,            0.0071603048,            0.0000096177,            0.0013432032,            0.8631400058
          270.0000000000,            0.0067513340,            0.0071096193,            0.0081554450,            0.0000114135,            0.0013994945,            0.8717635035
          280.0000000000,            0.0077607507,            0.0081344744,            0.0092276513,            0.0000134561,            0.0014582402,            0.8815324932
          290.0000000000,            0.0088728910,            0.0092622663,            0.0103790772,            0.0000157719,            0.0015195870,            0.8923978654
          300.0000000000,            0.0100921983,            0.0104974278,            0.0116083256,            0.0000183819,            0.0015835141,            0.9043016358
          350.0000000000,            0.0179723482,            0.0184599751,            0.0188658868,            0.0000366540,            0.0019428705,            0.9784843608
          400.0000000000,            0.0292485464,            0.0298239784,            0.0276998656,            0.0000657168,            0.0023724585,            1.0766831424
          450.0000000000,            0.0444200834,            0.0450889311,            0.0375724405,            0.0001083670,            0.0028842144,            1.2000532976
          500.0000000000,            0.0639067122,            0.0646748145,            0.0478977717,            0.0001678764,            0.0035048891,            1.3502677101
          550.0000000000,            0.0880640310,            0.0889374823,            0.0582044476,            0.0002490611,            0.0042790736,            1.5280186643
          600.0000000000,            0.1171643231,            0.1181494009,            0.0682222026,            0.0003589911,            0.0052620857,            1.7318321068
          650.0000000000,            0.1513432753,            0.1524462292,            0.0778791586,            0.0005065372,            0.0065041432,            1.9574714466
          700.0000000000,            0.1906426434,            0.1918696717,            0.0872615055,            0.0007013861,            0.0080377492,            2.1987893817
          750.0000000000,            0.2349125158,            0.2362694015,            0.0965110619,            0.0009522302,            0.0098665394,            2.4481069504
          800.0000000000,            0.2838984502,            0.2853904502,            0.1057862002,            0.0012661608,            0.0119690544,            2.6978041530
          850.0000000000,            0.3373358187,            0.3389677343,            0.1152383168,            0.0016489401,            0.0143089567,            2.9414498892
          900.0000000000,            0.3949733381,            0.3967495691,            0.1249964785,            0.0021054005,            0.0168436783,            3.1740859745
          950.0000000000,            0.4564703233,            0.4583946373,            0.1351470222,            0.0026389096,            0.0195262135,            3.3918219561
         1000.0000000000,            0.5218131027,            0.5238893800,            0.1458049650,            0.0032554702,            0.0223275677,            3.5930832661
         1050.0000000000,            0.5906537319,            0.5928851216,            0.1570099363,            0.0039583235,            0.0252106559,            3.7760993699
         1100.0000000000,            0.6630047640,            0.6653944613,            0.1688446794,            0.0047549434,            0.0281616421,            3.9408672132
         1150.0000000000,            0.7387606494,            0.7413115602,            0.1813602694,            0.0056531171,            0.0311706478,            4.0875080441
         1200.0000000000,            0.8180761755,            0.8207914012,            0.1946397795,            0.0066661490,            0.0342486463,            4.2169766297
         1250.0000000000,            0.9009426629,            0.9038250845,            0.2087249579,            0.0078091926,            0.0374137939,            4.3302204657
