            0.2500000000,            0.0000000000,            0.0003266158,            0.0000000000,            0.0000000000,            0.0000000000,  15616290261.8689765930
            0.5000000000,            0.0000000000,            0.0006531414,            0.0000000000,            0.0000000000,            0.0000000000,   1952115530.9114673138
            0.7500000000,            0.0000000000,            0.0009797159,            0.0000000000,            0.0000000000,            0.0000000000,    578406002.0232440233
            1.0000000000,            0.0000000000,            0.0013062950,            0.0000000000,            0.0000000000,            0.0000000000,    244016287.8927416503
            1.2500000000,            0.0000000001,            0.0016328803,            0.0000000000,            0.0000000000,            0.0000000000,    124937172.9717745930
            1.5000000000,            0.0000000002,            0.0019594734,            0.0000000000,            0.0000000000,            0.0000000000,     72302195.3558410406
            1.7500000000,            0.0000000004,            0.0022860757,            0.0000000001,            0.0000000000,            0.0000000000,     45531851.7948664203
            2.0000000000,            0.0000000007,            0.0026126888,            0.0000000001,            0.0000000000,            0.0000000000,     30503124.1877706684
            2.2500000000,            0.0000000011,            0.0029393143,            0.0000000001,            0.0000000000,            0.0000000000,     21423590.5260721035
            2.5000000000,            0.0000000018,            0.0032659538,            0.0000000002,            0.0000000000,            0.0000000000,     15618018.9341897015
            2.7500000000,            0.0000000026,            0.0035926089,            0.0000000003,            0.0000000000,            0.0000000000,     11734232.8731515538
            3.0000000000,            0.0000000036,            0.0039192810,            0.0000000004,            0.0000000000,            0.0000000000,      9038502.6668831035
            3.2500000000,            0.0000000050,            0.0042459718,            0.0000000006,            0.0000000000,            0.0000000000,      7109160.1983945519
            3.5000000000,            0.0000000067,            0.0045726829,            0.0000000008,            0.0000000000,            0.0000000000,      5692106.7991922554
            3.7500000000,            0.0000000089,            0.0048994159,            0.0000000011,            0.0000000000,            0.0000000000,      4627994.3618805883
            4.0000000000,            0.0000000115,            0.0052261723,            0.0000000014,            0.0000000000,            0.0000000000,      3813438.6614059084
            4.2500000000,            0.0000000146,            0.0055529537,            0.0000000017,            0.0000000000,            0.0000000000,      3179367.4885063381
            4.5000000000,            0.0000000184,            0.0058797618,            0.0000000022,            0.0000000000,            0.0000000000,      2678436.9288176368
            4.7500000000,            0.0000000228,            0.0062065981,            0.0000000027,            0.0000000000,            0.0000000000,      2277457.3415881498
            5.0000000000,            0.0000000280,            0.0065334643,            0.0000000033,            0.0000000000,            0.0000000000,      1952692.4671966122
            6.0000000000,            0.0000000581,            0.0078412598,            0.0000000069,            0.0000000000,            0.0000000000,      1130180.9260464062
            7.0000000000,            0.0000001077,            0.0091496626,            0.0000000129,            0.0000000000,            0.0000000000,       711830.0152172212
            8.0000000000,            0.0000001838,            0.0104587775,            0.0000000219,            0.0000000000,            0.0000000000,       476957.9309634878
            9.0000000000,            0.0000002944,            0.0117687103,            0.0000000351,            0.0000000000,            0.0000000000,       335052.7207544656
           10.0000000000,            0.0000004488,            0.0130795680,            0.0000000535,            0.0000000000,            0.0000000000,       244310.6710170484
           11.0000000000,            0.0000006572,            0.0143914588,            0.0000000784,            0.0000000000,            0.0000000000,       183601.9768987202
           12.0000000000,            0.0000009309,            0.0157044917,            0.0000001110,            0.0000000000,            0.0000000000,       141460.7479007054
           13.0000000000,            0.0000012824,            0.0170187770,            0.0000001529,            0.0000000000,            0.0000000000,       111297.4752131329
           14.0000000000,            0.0000017252,            0.0183344263,            0.0000002057,            0.0000000000,            0.0000000000,        89141.1925584612
           15.0000000000,            0.0000022739,            0.0196515519,            0.0000002710,            0.0000000000,            0.0000000000,        72501.5911009030
           16.0000000000,            0.0000029443,            0.0209702678,            0.0000003509,            0.0000000000,            0.0000000000,        59762.9213524487
           17.0000000000,            0.0000037532,            0.0222906888,            0.0000004472,            0.0000000000,            0.0000000000,        49845.6463700273
           18.0000000000,            0.0000047184,            0.0236129309,            0.0000005621,            0.0000000000,            0.0000000000,        42009.7968609248
           19.0000000000,            0.0000058591,            0.0249371115,            0.0000006978,            0.0000000000,            0.0000000000,        35736.6105068991
           20.0000000000,            0.0000071954,            0.0262633492,            0.0000008567,            0.0000000000,            0.0000000000,        30655.0689055526
           25.0000000000,            0.0000175936,            0.0329296288,            0.0000020919,            0.0000000000,            0.0000000000,        15741.5306661060
           30.0000000000,            0.0000365498,            0.0396658412,            0.0000043383,            0.0000000000,            0.0000000000,         9143.0931803146
           35.0000000000,            0.0000678606,            0.0464882683,            0.0000080385,            0.0000000000,            0.0000000000,         5783.2137450037
           40.0000000000,            0.0001160568,            0.0534140753,            0.0000137154,            0.0000000000,            0.0000000000,         3894.4627374186
           45.0000000000,            0.0001864243,            0.0604613669,            0.0000219728,            0.0000000000,            0.0000000000,         2751.6472894906
           50.0000000000,            0.0002850292,            0.0676492463,            0.0000334950,            0.0000000000,            0.0000000000,         2019.6794177515
           55.0000000000,            0.0004187450,            0.0749978765,            0.0000490470,            0.0000000000,            0.0000000000,         1529.1018497654
           60.0000000000,            0.0005952836,            0.0825285456,            0.0000694738,            0.0000000000,            0.0000000000,         1187.9083040408
           65.0000000000,            0.0008232279,            0.0902637331,            0.0000957005,            0.0000000000,            0.0000000000,          943.1895079997
           70.0000000000,            0.0011120679,            0.0982271783,            0.0001287314,            0.0000000000,            0.0000000000,          763.0397854419
           75.0000000000,            0.0014722381,            0.1064439494,            0.0001696492,            0.0000000000,            0.0000000000,          627.4355541575
           80.0000000000,            0.0019151566,            0.1149405109,            0.0002196141,            0.0000000000,            0.0000000000,          523.3750252369
           85.0000000000,            0.0024532651,            0.1237447899,            0.0002798618,            0.0000000000,            0.0000000000,          442.1639744679
           90.0000000000,            0.0031000687,            0.1328862352,            0.0003517020,            0.0000000000,            0.0000000000,          377.8376108115
           95.0000000000,            0.0038701740,            0.1423958706,            0.0004365156,            0.0000000000,            0.0000000000,          326.2102858291
          100.0000000000,            0.0047793246,            0.1523063346,            0.0005357515,            0.0000000000,            0.0000000000,          284.2854026485
          110.0000000000,            0.0070835969,            0.1734684968,            0.0007836025,            0.0000000000,            0.0000000000,          221.3730721184
          120.0000000000,            0.0101625336,            0.1966664343,            0.0011080398,            0.0000000000,            0.0000000000,          177.4904012870
          130.0000000000,            0.0141849393,            0.2222183966,            0.0015225983,            0.0000000000,            0.0000000000,          145.9468306041
          140.0000000000,            0.0193379240,            0.2504630634,            0.0020413024,            0.0000000000,            0.0000000000,          122.6976773814
          150.0000000000,            0.0258246036,            0.2817521019,            0.0026783337,            0.0000000000,            0.0000000000,          105.1967870278
          160.0000000000,            0.0338600039,            0.3164390097,            0.0034476232,            0.0000000000,            0.0000000000,           91.7846859374
          170.0000000000,            0.0436650003,            0.3548644259,            0.0043623700,            0.0000000000,            0.0000000000,           81.3467048973
          180.0000000000,            0.0554583947,            0.3973387595,            0.0054344983,            0.0000000000,            0.0000000000,           73.1141565319
          190.0000000000,            0.0694475412,            0.4441235695,            0.0066740721,            0.0000000000,            0.0000000000,           66.5446170285
          200.0000000000,            0.0858182034,            0.4954134924,            0.0080887021,            0.0000000000,            0.0000000000,           61.2475881288
          210.0000000000,            0.1047245006,            0.5513205522,            0.0096829860,            0.0000000000,            0.0000000000,           56.9370388544
          220.0000000000,            0.1262798342,            0.6118624249,            0.0114580282,            0.0000000000,            0.0000000000,           53.4003247668
          230.0000000000,            0.1505495899,            0.6769557354,            0.0134110807,            0.0000000000,            0.0000000000,           50.4773439775
          240.0000000000,            0.1775462044,            0.7464148656,            0.0155353422,            0.0000000000,            0.0000000000,           48.0462456073
          250.0000000000,            0.2072269239,            0.8199561580,            0.0178199317,            0.0000000000,            0.0000000000,           46.0134288652
          260.0000000000,            0.2394943056,            0.8972069008,            0.0202500454,            0.0000000000,            0.0000000000,           44.3064142393
          270.0000000000,            0.2741992708,            0.9777181323,            0.0228072842,            0.0000000000,            0.0000000000,           42.8686784905
          280.0000000000,            0.3111463301,            1.0609801114,            0.0254701289,            0.0000000000,            0.0000000000,           41.6558595363
          290.0000000000,            0.3501004797,            1.1464392635,            0.0282145328,            0.0000000000,            0.0000000000,           40.6329345581
          300.0000000000,            0.3907952165,            1.2335154878,            0.0310145922,            0.0000000000,            0.0000000000,           39.7721007665
          350.0000000000,            0.6099187187,            1.6729678973,            0.0449020776,            0.0000000000,            0.0000000000,           37.2581400600
          400.0000000000,            0.8285606667,            2.0747899175,            0.0563957431,            0.0000000000,            0.0000000000,           36.7898320796
          450.0000000000,            1.0197813642,            2.4021154898,            0.0636235185,            0.0000000000,            0.0000000000,           37.7551500896
          500.0000000000,            1.1716368874,            2.6461285653,            0.0663277691,            0.0000000000,            0.0000000000,           39.8947319195
          550.0000000000,            1.2839105579,            2.8154132781,            0.0653863515,            0.0000000000,            0.0000000000,           43.0581186034
          600.0000000000,            1.3625256041,            2.9253372217,            0.0621080285,            0.0000000000,            0.0000000000,           47.1007902449
          650.0000000000,            1.4152425305,            2.9915478211,            0.0577127290,            0.0000000000,            0.0000000000,           51.8351474771
          700.0000000000,            1.4493145775,            3.0271613507,            0.0530920322,            0.0000000000,            0.0000000000,           57.0172438978
          750.0000000000,            1.4705878594,            3.0421299952,            0.0487784660,            0.0000000000,            0.0000000000,           62.3662498420
          800.0000000000,            1.4833912550,            3.0435768544,            0.0450184489,            0.0000000000,            0.0000000000,           67.6073238035
          850.0000000000,            1.4907579977,            3.0364168743,            0.0418712389,            0.0000000000,            0.0000000000,           72.5179610745
          900.0000000000,            1.4947313355,            3.0239600725,            0.0392941322,            0.0000000000,            0.0000000000,           76.9570391865
          950.0000000000,            1.4966459278,            3.0083971773,            0.0372015404,            0.0000000000,            0.0000000000,           80.8675432789
         1000.0000000000,            1.4973506960,            2.9911577076,            0.0354997389,            0.0000000000,            0.0000000000,           84.2585833749
         1050.0000000000,            1.4973718843,            2.9731616848,            0.0341039646,            0.0000000000,            0.0000000000,           87.1793564369
         1100.0000000000,            1.4970267197,            2.9549917525,            0.0329446241,            0.0000000000,            0.0000000000,           89.6957192162
         1150.0000000000,            1.4965000686,            2.9370089469,            0.0319677115,            0.0000000000,            0.0000000000,           91.8742321825
         1200.0000000000,            1.4958948769,            2.9194297830,            0.0311326910,            0.0000000000,            0.0000000000,           93.7737692882
         1250.0000000000,            1.4952646867,            2.9023772498,            0.0304096596,            0.0000000000,            0.0000000000,           95.4426089154
