            0.2500000000,            0.5389684513,            0.5389715785,            0.0074039670,            0.0000000000,            0.0000000000,           72.7949732413
            0.5000000000,            2.1001223441,            2.1001296619,            0.0188946125,            0.0000000000,            0.0000000000,          111.1496547775
            0.7500000000,            3.1287677741,            3.1287792385,            0.0227897103,            0.0000000000,            0.0000000000,          137.2891184521
            1.0000000000,            3.2539233412,            3.2539389520,            0.0249535527,            0.0000000000,            0.0000000000,          130.3998268937
            1.2500000000,            2.9520688019,            2.9520885577,            0.0404383574,            0.0000000000,            0.0000000000,           73.0021877783
            1.5000000000,            2.6502831608,            2.6503070677,            0.0676085256,            0.0000000000,            0.0000000000,           39.2007819136
            1.7500000000,            2.4731805009,            2.4732085774,            0.0959985250,            0.0000000000,            0.0000000000,           25.7629851894
            2.0000000000,            2.3905702801,            2.3906025718,            0.1185487944,            0.0000000000,            0.0000000000,           20.1655578463
            2.2500000000,            2.3528278830,            2.3528644585,            0.1334752079,            0.0000000000,            0.0000000000,           17.6277264936
            2.5000000000,            2.3310891806,            2.3311300987,            0.1417125495,            0.0000000000,            0.0000000000,           16.4497082764
            2.7500000000,            2.3139587671,            2.3140040345,            0.1449141024,            0.0000000000,            0.0000000000,           15.9681079732
            3.0000000000,            2.2982161688,            2.2982657172,            0.1446683015,            0.0000000000,            0.0000000000,           15.8864498583
            3.2500000000,            2.2833690818,            2.2834227736,            0.1423025515,            0.0000000000,            0.0000000000,           16.0462532035
            3.5000000000,            2.2695213943,            2.2695790494,            0.1388491876,            0.0000000000,            0.0000000000,           16.3456415477
            3.7500000000,            2.2567715289,            2.2568329577,            0.1350493066,            0.0000000000,            0.0000000000,           16.7111776771
            4.0000000000,            2.2451236819,            2.2451887145,            0.1313811450,            0.0000000000,            0.0000000000,           17.0891242703
            4.2500000000,            2.2345181912,            2.2345866967,            0.1281095264,            0.0000000000,            0.0000000000,           17.4427832143
            4.5000000000,            2.2248673165,            2.2249392127,            0.1253446274,            0.0000000000,            0.0000000000,           17.7505750210
            4.7500000000,            2.2160765500,            2.2161518037,            0.1230972990,            0.0000000000,            0.0000000000,           18.0032528914
            5.0000000000,            2.2080545521,            2.2081331730,            0.1213231639,            0.0000000000,            0.0000000000,           18.2004252210
            6.0000000000,            2.1820877341,            2.1821804033,            0.1175548022,            0.0000000000,            0.0000000000,           18.5630902571
            7.0000000000,            2.1630609711,            2.1631685733,            0.1163780931,            0.0000000000,            0.0000000000,           18.5874206748
            8.0000000000,            2.1484307757,            2.1485531785,            0.1158779027,            0.0000000000,            0.0000000000,           18.5415262861
            9.0000000000,            2.1367173749,            2.1368536546,            0.1154622842,            0.0000000000,            0.0000000000,           18.5069407704
           10.0000000000,            2.1270546969,            2.1272038412,            0.1150695802,            0.0000000000,            0.0000000000,           18.4862396935
           11.0000000000,            2.1189115516,            2.1190728641,            0.1147753931,            0.0000000000,            0.0000000000,           18.4627802819
           12.0000000000,            2.1119398914,            2.1121130507,            0.1146343272,            0.0000000000,            0.0000000000,           18.4247869067
           13.0000000000,            2.1058966783,            2.1060816358,            0.1146462431,            0.0000000000,            0.0000000000,           18.3702629843
           14.0000000000,            2.1006036481,            2.1008005048,            0.1147734798,            0.0000000000,            0.0000000000,           18.3038843797
           15.0000000000,            2.0959256144,            2.0961345328,            0.1149669843,            0.0000000000,            0.0000000000,           18.2324912299
           16.0000000000,            2.0917577971,            2.0919789546,            0.1151846910,            0.0000000000,            0.0000000000,           18.1619530940
           17.0000000000,            2.0880177357,            2.0882513054,            0.1153996436,            0.0000000000,            0.0000000000,           18.0958210935
           18.0000000000,            2.0846397379,            2.0848858834,            0.1156006717,            0.0000000000,            0.0000000000,           18.0352402127
           19.0000000000,            2.0815708927,            2.0818297661,            0.1157891831,            0.0000000000,            0.0000000000,           17.9794840037
           20.0000000000,            2.0787681382,            2.0790398775,            0.1159747345,            0.0000000000,            0.0000000000,           17.9266621042
           25.0000000000,            2.0676945898,            2.0680319287,            0.1173261852,            0.0000000000,            0.0000000000,           17.6263459393
           30.0000000000,            2.0598234801,            2.0602260474,            0.1201186451,            0.0000000000,            0.0000000000,           17.1515924543
           35.0000000000,            2.0538673895,            2.0543329198,            0.1243652547,            0.0000000000,            0.0000000000,           16.5185439034
           40.0000000000,            2.0491668297,            2.0496933956,            0.1295853658,            0.0000000000,            0.0000000000,           15.8173215285
           45.0000000000,            2.0453432445,            2.0459299690,            0.1353277719,            0.0000000000,            0.0000000000,           15.1183304126
           50.0000000000,            2.0421596806,            2.0428064747,            0.1412896380,            0.0000000000,            0.0000000000,           14.4582893928
           55.0000000000,            2.0394587641,            2.0401659055,            0.1472956588,            0.0000000000,            0.0000000000,           13.8508216872
           60.0000000000,            2.0371315057,            2.0378993513,            0.1532509567,            0.0000000000,            0.0000000000,           13.2977920320
           65.0000000000,            2.0350999347,            2.0359287842,            0.1591037817,            0.0000000000,            0.0000000000,           12.7962312574
           70.0000000000,            2.0333067448,            2.0341968007,            0.1648236153,            0.0000000000,            0.0000000000,           12.3416586673
           75.0000000000,            2.0317088285,            2.0326602040,            0.1703903278,            0.0000000000,            0.0000000000,           11.9294342021
           80.0000000000,            2.0302730988,            2.0312858406,            0.1757894255,            0.0000000000,            0.0000000000,           11.5552220187
           85.0000000000,            2.0289737092,            2.0300478227,            0.1810102112,            0.0000000000,            0.0000000000,           11.2151011231
           90.0000000000,            2.0277901565,            2.0289256247,            0.1860451718,            0.0000000000,            0.0000000000,           10.9055537699
           95.0000000000,            2.0267059540,            2.0279027513,            0.1908897757,            0.0000000000,            0.0000000000,           10.6234225708
          100.0000000000,            2.0257076839,            2.0269657843,            0.1955423087,            0.0000000000,            0.0000000000,           10.3658681222
          110.0000000000,            2.0239266549,            2.0253073025,            0.2042767513,            0.0000000000,            0.0000000000,            9.9145266867
          120.0000000000,            2.0223789621,            2.0238821209,            0.2122790463,            0.0000000000,            0.0000000000,            9.5340645079
          130.0000000000,            2.0210160954,            2.0226417749,            0.2196008878,            0.0000000000,            0.0000000000,            9.2105355075
          140.0000000000,            2.0198024712,            2.0215507119,            0.2263024724,            0.0000000000,            0.0000000000,            8.9329590184
          150.0000000000,            2.0187113256,            2.0205821842,            0.2324436329,            0.0000000000,            0.0000000000,            8.6927835333
          160.0000000000,            2.0177220910,            2.0197156296,            0.2380791148,            0.0000000000,            0.0000000000,            8.4833801189
          170.0000000000,            2.0168186663,            2.0189349457,            0.2432569681,            0.0000000000,            0.0000000000,            8.2995975884
          180.0000000000,            2.0159882443,            2.0182273201,            0.2480187290,            0.0000000000,            0.0000000000,            8.1373988486
          190.0000000000,            2.0152204961,            2.0175824166,            0.2524003401,            0.0000000000,            0.0000000000,            7.9935804192
          200.0000000000,            2.0145069914,            2.0169917970,            0.2564331705,            0.0000000000,            0.0000000000,            7.8655651027
          210.0000000000,            2.0138407766,            2.0164484999,            0.2601448567,            0.0000000000,            0.0000000000,            7.7512526108
          220.0000000000,            2.0132160625,            2.0159467292,            0.2635599046,            0.0000000000,            0.0000000000,            7.6489128060
          230.0000000000,            2.0126279894,            2.0154816184,            0.2667000964,            0.0000000000,            0.0000000000,            7.5571086993
          240.0000000000,            2.0120724461,            2.0150490507,            0.2695847766,            0.0000000000,            0.0000000000,            7.4746396145
          250.0000000000,            2.0115459307,            2.0146455191,            0.2722310767,            0.0000000000,            0.0000000000,            7.4004979287
          260.0000000000,            2.0110454409,            2.0142680169,            0.2746541182,            0.0000000000,            0.0000000000,            7.3338351171
          270.0000000000,            2.0105683867,            2.0139139506,            0.2768672126,            0.0000000000,            0.0000000000,            7.2739344302
          280.0000000000,            2.0101125218,            2.0135810705,            0.2788820623,            0.0000000000,            0.0000000000,            7.2201885413
          290.0000000000,            2.0096758870,            2.0132674146,            0.2807089584,            0.0000000000,            0.0000000000,            7.1720810982
          300.0000000000,            2.0092567653,            2.0129712635,            0.2823569719,            0.0000000000,            0.0000000000,            7.1291714522
          350.0000000000,            2.0073765593,            2.0117057186,            0.2881667685,            0.0000000000,            0.0000000000,            6.9810468755
          400.0000000000,            2.0057661943,            2.0107095630,            0.2904245012,            0.0000000000,            0.0000000000,            6.9233468762
          450.0000000000,            2.0043444549,            2.0099014497,            0.2896467649,            0.0000000000,            0.0000000000,            6.9391468952
          500.0000000000,            2.0030604273,            2.0092303694,            0.2862582532,            0.0000000000,            0.0000000000,            7.0189430240
          550.0000000000,            2.0018804317,            2.0086625725,            0.2806493564,            0.0000000000,            0.0000000000,            7.1571964329
          600.0000000000,            2.0007812253,            2.0081747672,            0.2731934622,            0.0000000000,            0.0000000000,            7.3507424049
          650.0000000000,            1.9997462067,            2.0077503197,            0.2642497111,            0.0000000000,            0.0000000000,            7.5979281544
          700.0000000000,            1.9987631744,            2.0073770088,            0.2541615393,            0.0000000000,            0.0000000000,            7.8980360835
          750.0000000000,            1.9978229413,            2.0070456374,            0.2432544989,            0.0000000000,            0.0000000000,            8.2508058301
          800.0000000000,            1.9969184456,            2.0067491402,            0.2318341933,            0.0000000000,            0.0000000000,            8.6559670575
          850.0000000000,            1.9960441609,            2.0064819924,            0.2201844031,            0.0000000000,            0.0000000000,            9.1127344379
          900.0000000000,            1.9951956939,            2.0062398061,            0.2085653805,            0.0000000000,            0.0000000000,            9.6192369099
          950.0000000000,            1.9943695038,            2.0060190477,            0.1972123561,            0.0000000000,            0.0000000000,           10.1718730357
         1000.0000000000,            1.9935627012,            2.0058168373,            0.1863343344,            0.0000000000,            0.0000000000,           10.7646121345
         1050.0000000000,            1.9927729027,            2.0056308014,            0.1761132559,            0.0000000000,            0.0000000000,           11.3883011863
         1100.0000000000,            1.9919981223,            2.0054589652,            0.1667035778,            0.0000000000,            0.0000000000,           12.0300895243
         1150.0000000000,            1.9912366908,            2.0052996709,            0.1582322917,            0.0000000000,            0.0000000000,           12.6731380139
         1200.0000000000,            1.9904871937,            2.0051515153,            0.1507993719,            0.0000000000,            0.0000000000,           13.2968160967
         1250.0000000000,            1.9897484233,            2.0050133024,            0.1444786267,            0.0000000000,            0.0000000000,           13.8775772471
