            0.2500000000,            0.0000000000,            0.0000025583,            0.0000000000,            0.0000000000,            0.0000000000,411709769362268589492765613621248.0000000000
            0.5000000000,            0.0000000000,            0.0000031965,            0.0000000000,            0.0000000000,            0.0000000000,       165648.5188128092
            0.7500000000,            0.0000000001,            0.0000056057,            0.0000000001,            0.0000000000,            0.0000000000,        60837.7689089571
            1.0000000000,            0.0000000001,            0.0000091669,            0.0000000002,            0.0000000000,            0.0000000000,        45875.4782764656
            1.2500000000,            0.0000000002,            0.0000113293,            0.0000000003,            0.0000000000,            0.0000000000,        42719.0765134778
            1.5000000000,            0.0000000002,            0.0000126619,            0.0000000003,            0.0000000000,            0.0000000000,        41446.7681394318
            1.7500000000,            0.0000000019,            0.0000134824,            0.0000000029,            0.0000000000,            0.0005766989,         4632.1145012501
            2.0000000000,            0.0000000062,            0.0000151729,            0.0000000093,            0.0000000000,            0.0006237819,         1635.1640852293
            2.2500000000,            0.0000000154,            0.0000188396,            0.0000000231,            0.0000000000,            0.0006366536,          815.8468416254
            2.5000000000,            0.0000000189,            0.0000202276,            0.0000000283,            0.0000000000,            0.0006382501,          714.2229495858
            2.7500000000,            0.0000000229,            0.0000218217,            0.0000000343,            0.0000000000,            0.0006394836,          635.7062612014
            3.0000000000,            0.0000000274,            0.0000236194,            0.0000000411,            0.0000000000,            0.0006404422,          574.6915225234
            3.2500000000,            0.0000000324,            0.0000256081,            0.0000000486,            0.0000000000,            0.0006411913,          527.0038034621
            3.5000000000,            0.0000000379,            0.0000277652,            0.0000000567,            0.0000000000,            0.0006417802,          489.5194887082
            3.7500000000,            0.0000000436,            0.0000300584,            0.0000000654,            0.0000000000,            0.0006422456,          459.8900476613
            4.0000000000,            0.0000000496,            0.0000324475,            0.0000000744,            0.0000000000,            0.0006426155,          436.3405867388
            4.2500000000,            0.0000000558,            0.0000348875,            0.0000000836,            0.0000000001,            0.0006429111,          417.5226236986
            4.5000000000,            0.0000000619,            0.0000373317,            0.0000000928,            0.0000000001,            0.0006431485,          402.4061472602
            4.7500000000,            0.0000000680,            0.0000397355,            0.0000001018,            0.0000000001,            0.0006433402,          390.2001718947
            5.0000000000,            0.0000000738,            0.0000420593,            0.0000001106,            0.0000000001,            0.0006434956,          380.2940107773
            6.0000000000,            0.0000001015,            0.0000530321,            0.0000001521,            0.0000000001,            0.0006439896,          348.7469354998
            7.0000000000,            0.0000001171,            0.0000591074,            0.0000001754,            0.0000000001,            0.0006441692,          336.9823753045
            8.0000000000,            0.0000002326,            0.0000675458,            0.0000003482,            0.0000000002,            0.0006455467,          193.9675730982
            9.0000000000,            0.0000004808,            0.0000760537,            0.0000007193,            0.0000000005,            0.0006463692,          105.7355409173
           10.0000000000,            0.0000007396,            0.0000848879,            0.0000011062,            0.0000000007,            0.0006466395,           76.7381911500
           11.0000000000,            0.0000009953,            0.0000936151,            0.0000014887,            0.0000000010,            0.0006467686,           62.8846617460
           12.0000000000,            0.0000012517,            0.0001023594,            0.0000018720,            0.0000000012,            0.0006468451,           54.6794154147
           13.0000000000,            0.0000015095,            0.0001111536,            0.0000022575,            0.0000000015,            0.0006468958,           49.2366994136
           14.0000000000,            0.0000017998,            0.0001210534,            0.0000026916,            0.0000000017,            0.0006469355,           44.9748333978
           15.0000000000,            0.0000020151,            0.0001283963,            0.0000030136,            0.0000000019,            0.0006469587,           42.6063300892
           16.0000000000,            0.0000142173,            0.0001471385,            0.0000202570,            0.0000000170,            0.0008392828,            7.2635907930
           17.0000000000,            0.0000390311,            0.0001825373,            0.0000553157,            0.0000000476,            0.0008610944,            3.2999173564
           18.0000000000,            0.0000512241,            0.0001999215,            0.0000725428,            0.0000000627,            0.0008640888,            2.7559133347
           19.0000000000,            0.0000666608,            0.0002219275,            0.0000943528,            0.0000000817,            0.0008663118,            2.3521023998
           20.0000000000,            0.0000859208,            0.0002493810,            0.0001215646,            0.0000001055,            0.0008679672,            2.0514272524
           25.0000000000,            0.0001945573,            0.0004042110,            0.0002750535,            0.0000002396,            0.0008711726,            1.4695726330
           30.0000000000,            0.0002920573,            0.0005431575,            0.0004128076,            0.0000003600,            0.0008720222,            1.3157642567
           35.0000000000,            0.0004116411,            0.0007135692,            0.0005817626,            0.0000005076,            0.0008725179,            1.2265640784
           40.0000000000,            0.0005218703,            0.0008706458,            0.0007375000,            0.0000006437,            0.0008727774,            1.1805366727
           45.0000000000,            0.0006295465,            0.0010240806,            0.0008896290,            0.0000007766,            0.0008729480,            1.1511321473
           50.0000000000,            0.0007330842,            0.0011716134,            0.0010359087,            0.0000009044,            0.0008730715,            1.1310006081
           55.0000000000,            0.0008449851,            0.0013310550,            0.0011939995,            0.0000010426,            0.0008731831,            1.1147868210
           60.0000000000,            0.0009546813,            0.0014873381,            0.0013489651,            0.0000011780,            0.0008732914,            1.1025771632
           65.0000000000,            0.0010470320,            0.0016188763,            0.0014794059,            0.0000012921,            0.0008734098,            1.0942745851
           70.0000000000,            0.0011510865,            0.0017669426,            0.0016262852,            0.0000014209,            0.0008736992,            1.0864899890
           75.0000000000,            0.0012611645,            0.0019204837,            0.0017796340,            0.0000015617,            0.0008775377,            1.0791453202
           80.0000000000,            0.0022170480,            0.0029269864,            0.0028917127,            0.0000032813,            0.0011347224,            1.0121981923
           85.0000000000,            0.0034066995,            0.0041689492,            0.0042538321,            0.0000054703,            0.0012859776,            0.9800455257
           90.0000000000,            0.0046668422,            0.0054829258,            0.0056759806,            0.0000078347,            0.0013803270,            0.9659874126
           95.0000000000,            0.0059877546,            0.0068584621,            0.0071418691,            0.0000103676,            0.0014516598,            0.9603175321
          100.0000000000,            0.0073516858,            0.0082767408,            0.0086266321,            0.0000130457,            0.0015122617,            0.9594405652
          110.0000000000,            0.0102863992,            0.0113208549,            0.0117126652,            0.0000190418,            0.0016257468,            0.9665481512
          120.0000000000,            0.0136106692,            0.0147562043,            0.0150155326,            0.0000262403,            0.0017475446,            0.9827293340
          130.0000000000,            0.0174784830,            0.0187368846,            0.0185960387,            0.0000351520,            0.0018902938,            1.0075739698
          140.0000000000,            0.0221581211,            0.0235332255,            0.0225778053,            0.0000466196,            0.0020648431,            1.0423167884
          150.0000000000,            0.0278396890,            0.0293349016,            0.0269742978,            0.0000613546,            0.0022745595,            1.0875130794
          160.0000000000,            0.0347875422,            0.0364083523,            0.0318288680,            0.0000802956,            0.0025227297,            1.1438783289
          170.0000000000,            0.0430621930,            0.0448134645,            0.0370230240,            0.0001038861,            0.0028059862,            1.2104215067
          180.0000000000,            0.0526973155,            0.0545840230,            0.0424359076,            0.0001325699,            0.0031240035,            1.2862697191
          190.0000000000,            0.0636447119,            0.0656711331,            0.0479237225,            0.0001666926,            0.0034782900,            1.3703262096
          200.0000000000,            0.0760106055,            0.0781822146,            0.0534431852,            0.0002073038,            0.0038789564,            1.4629033488
          210.0000000000,            0.0897894492,            0.0921112905,            0.0589148024,            0.0002554004,            0.0043350810,            1.5634660007
          220.0000000000,            0.1048714151,            0.1073471078,            0.0642538675,            0.0003118710,            0.0048537308,            1.6706715408
          230.0000000000,            0.1214673844,            0.1241024065,            0.0695129251,            0.0003791076,            0.0054537720,            1.7853141166
          240.0000000000,            0.1395473590,            0.1423465198,            0.0746725706,            0.0004589519,            0.0061461907,            1.9062758750
          250.0000000000,            0.1590592502,            0.1620266608,            0.0797303755,            0.0005533336,            0.0069400606,            2.0321823364
          260.0000000000,            0.1801366717,            0.1832773977,            0.0847437574,            0.0006653006,            0.0078507327,            2.1627244682
          270.0000000000,            0.2027535807,            0.2060722894,            0.0897353902,            0.0007973374,            0.0088854288,            2.2964438991
          280.0000000000,            0.2268864408,            0.2303875295,            0.0947364165,            0.0009519963,            0.0100488948,            2.4318792933
          290.0000000000,            0.2525777740,            0.2562659285,            0.0997945542,            0.0011323275,            0.0113465857,            2.5679349995
          300.0000000000,            0.2797923533,            0.2836720194,            0.1049423434,            0.0013409261,            0.0127777409,            2.7031225934
          350.0000000000,            0.4375135373,            0.4424141635,            0.1331070064,            0.0028979704,            0.0217717342,            3.3237481290
          400.0000000000,            0.6260923395,            0.6321121172,            0.1670302897,            0.0055346771,            0.0331357690,            3.7844160982
          450.0000000000,            0.8359684808,            0.8431986162,            0.2071143442,            0.0095673967,            0.0461937910,            4.0711744005
          500.0000000000,            1.0566384484,            1.0651662604,            0.2521597638,            0.0153481787,            0.0608668824,            4.2241721845
          550.0000000000,            1.2784070830,            1.2883154089,            0.3004295164,            0.0232002705,            0.0772236721,            4.2882451243
          600.0000000000,            1.4933886534,            1.5047526213,            0.3503616031,            0.0333083611,            0.0950685257,            4.2948559656
          650.0000000000,            1.6959157688,            1.7087990655,            0.4008319212,            0.0456497374,            0.1138874800,            4.2631311905
          700.0000000000,            1.8828835561,            1.8973392212,            0.4512340346,            0.0600352925,            0.1330469066,            4.2047786199
          750.0000000000,            2.0527077267,            2.0687759547,            0.5011890204,            0.0761375692,            0.1519138809,            4.1277359848
          800.0000000000,            2.2051258027,            2.2228353617,            0.5504980413,            0.0935811031,            0.1699935260,            4.0378624353
          850.0000000000,            2.3407522960,            2.3601237068,            0.5990863764,            0.1120107035,            0.1869692050,            3.9395382699
          900.0000000000,            2.4605461228,            2.4815938472,            0.6469173381,            0.1311090419,            0.2026673799,            3.8360292747
          950.0000000000,            2.5653405283,            2.5880713061,            0.6938635531,            0.1505609688,            0.2169893031,            3.7299427166
         1000.0000000000,            2.6563830332,            2.6808048308,            0.7399953479,            0.1701749473,            0.2299675907,            3.6227320054
         1050.0000000000,            2.7341991456,            2.7603118466,            0.7850712841,            0.1896654350,            0.2415900809,            3.5160015435
         1100.0000000000,            2.7995905285,            2.8273945762,            0.8290245883,            0.2088512597,            0.2519240836,            3.4105075000
         1150.0000000000,            2.8529866166,            2.8824792144,            0.8716117654,            0.2275004937,            0.2610112699,            3.3070678125
         1200.0000000000,            2.8947860970,            2.9259661006,            0.9126097404,            0.2454133082,            0.2689137507,            3.2061526095
         1250.0000000000,            2.9250766639,            2.9579400932,            0.9515300417,            0.2623008729,            0.2756622087,            3.1086145089
