            0.2500000000,            0.3505999408,            0.3506061216,            0.0063742365,            0.0000000000,            0.0000000000,           55.0036258800
            0.5000000000,            1.6101941352,            1.6102088488,            0.0151380476,            0.0000000000,            0.0000000000,          106.3683302600
            0.7500000000,            2.7622914481,            2.7623148116,            0.0213671888,            0.0000000000,            0.0000000000,          129.2783450717
            1.0000000000,            3.2565064042,            3.2565384170,            0.0216547057,            0.0000000000,            0.0000000000,          150.3847918676
            1.2500000000,            3.1996755122,            3.1997161752,            0.0262097172,            0.0000000000,            0.0000000000,          122.0812935349
            1.5000000000,            2.9268136103,            2.9268629286,            0.0414302179,            0.0000000000,            0.0000000000,           70.6456079259
            1.7500000000,            2.6703417939,            2.6703997663,            0.0641908261,            0.0000000000,            0.0000000000,           41.6009565326
            2.0000000000,            2.5033881853,            2.5034548037,            0.0880231851,            0.0000000000,            0.0000000000,           28.4408568221
            2.2500000000,            2.4130803227,            2.4131555699,            0.1082900313,            0.0000000000,            0.0000000000,           22.2841894171
            2.5000000000,            2.3672817269,            2.3673655784,            0.1230993493,            0.0000000000,            0.0000000000,           19.2313411173
            2.7500000000,            2.3419429205,            2.3420353508,            0.1323724428,            0.0000000000,            0.0000000000,           17.6927712539
            3.0000000000,            2.3244254564,            2.3245264425,            0.1368961536,            0.0000000000,            0.0000000000,           16.9802173508
            3.2500000000,            2.3095344617,            2.3096439789,            0.1377697303,            0.0000000000,            0.0000000000,           16.7645242103
            3.5000000000,            2.2956510359,            2.2957690459,            0.1361239693,            0.0000000000,            0.0000000000,           16.8652813881
            3.7500000000,            2.2825016755,            2.2826281160,            0.1329741014,            0.0000000000,            0.0000000000,           17.1659600716
            4.0000000000,            2.2701687260,            2.2703035045,            0.1291441263,            0.0000000000,            0.0000000000,           17.5796110034
            4.2500000000,            2.2587453406,            2.2588883354,            0.1252404877,            0.0000000000,            0.0000000000,           18.0364064113
            4.5000000000,            2.2482569892,            2.2484080569,            0.1216618221,            0.0000000000,            0.0000000000,           18.4808020933
            4.7500000000,            2.2386696902,            2.2388286748,            0.1186311530,            0.0000000000,            0.0000000000,           18.8721817000
            5.0000000000,            2.2299150571,            2.2300817997,            0.1162376570,            0.0000000000,            0.0000000000,           19.1855363954
            6.0000000000,            2.2015975083,            2.2017938484,            0.1122846032,            0.0000000000,            0.0000000000,           19.6090450994
            7.0000000000,            2.1807740375,            2.1809982510,            0.1131890837,            0.0000000000,            0.0000000000,           19.2686271497
            8.0000000000,            2.1646432804,            2.1648942831,            0.1148455290,            0.0000000000,            0.0000000000,           18.8504881451
            9.0000000000,            2.1516541777,            2.1519313752,            0.1158221954,            0.0000000000,            0.0000000000,           18.5796113389
           10.0000000000,            2.1409100886,            2.1412133069,            0.1160655320,            0.0000000000,            0.0000000000,           18.4483133780
           11.0000000000,            2.1318520130,            2.1321813886,            0.1158992733,            0.0000000000,            0.0000000000,           18.3968486339
           12.0000000000,            2.1241035061,            2.1244593362,            0.1156191669,            0.0000000000,            0.0000000000,           18.3746293315
           13.0000000000,            2.1173950415,            2.1177776542,            0.1153960896,            0.0000000000,            0.0000000000,           18.3522480036
           14.0000000000,            2.1115256675,            2.1119353488,            0.1152932397,            0.0000000000,            0.0000000000,           18.3179460858
           15.0000000000,            2.1063418579,            2.1067788307,            0.1153087701,            0.0000000000,            0.0000000000,           18.2707597086
           16.0000000000,            2.1017245177,            2.1021889529,            0.1154118763,            0.0000000000,            0.0000000000,           18.2146675092
           17.0000000000,            2.0975802184,            2.0980722550,            0.1155654356,            0.0000000000,            0.0000000000,           18.1548422630
           18.0000000000,            2.0938349292,            2.0943546881,            0.1157373144,            0.0000000000,            0.0000000000,           18.0957602046
           19.0000000000,            2.0904294061,            2.0909769940,            0.1159043712,            0.0000000000,            0.0000000000,           18.0405361177
           20.0000000000,            2.0873157628,            2.0878912667,            0.1160525470,            0.0000000000,            0.0000000000,           17.9909129167
           25.0000000000,            2.0749702030,            2.0756853160,            0.1164332302,            0.0000000000,            0.0000000000,           17.8272587043
           30.0000000000,            2.0661490288,            2.0670002181,            0.1165829469,            0.0000000000,            0.0000000000,           17.7298676432
           35.0000000000,            2.0594530967,            2.0604350714,            0.1169694207,            0.0000000000,            0.0000000000,           17.6151600857
           40.0000000000,            2.0541561067,            2.0552651038,            0.1177377839,            0.0000000000,            0.0000000000,           17.4562917290
           45.0000000000,            2.0498364444,            2.0510707246,            0.1188475670,            0.0000000000,            0.0000000000,           17.2579950596
           50.0000000000,            2.0462295618,            2.0475887167,            0.1201934774,            0.0000000000,            0.0000000000,           17.0357723270
           55.0000000000,            2.0431600462,            2.0446443182,            0.1216627292,            0.0000000000,            0.0000000000,           16.8058396549
           60.0000000000,            2.0405066661,            2.0421165411,            0.1231581460,            0.0000000000,            0.0000000000,           16.5812543314
           65.0000000000,            2.0381828073,            2.0399188128,            0.1246037723,            0.0000000000,            0.0000000000,           16.3712444243
           70.0000000000,            2.0361248315,            2.0379874445,            0.1259432211,            0.0000000000,            0.0000000000,           16.1817954744
           75.0000000000,            2.0342848381,            2.0362744472,            0.1271362079,            0.0000000000,            0.0000000000,           16.0164793413
           80.0000000000,            2.0326260108,            2.0347429069,            0.1281552835,            0.0000000000,            0.0000000000,           15.8771675337
           85.0000000000,            2.0311195407,            2.0333639223,            0.1289831680,            0.0000000000,            0.0000000000,           15.7645680006
           90.0000000000,            2.0297425344,            2.0321145222,            0.1296106219,            0.0000000000,            0.0000000000,           15.6786110041
           95.0000000000,            2.0284765562,            2.0309762104,            0.1300347330,            0.0000000000,            0.0000000000,           15.6187209632
          100.0000000000,            2.0273065865,            2.0299339244,            0.1302575241,            0.0000000000,            0.0000000000,           15.5840051323
          110.0000000000,            2.0252073061,            2.0280899681,            0.1301252942,            0.0000000000,            0.0000000000,           15.5856705718
          120.0000000000,            2.0233683999,            2.0265062744,            0.1292904735,            0.0000000000,            0.0000000000,           15.6740571769
          130.0000000000,            2.0217355523,            2.0251285457,            0.1278543700,            0.0000000000,            0.0000000000,           15.8393377179
          140.0000000000,            2.0202689521,            2.0239170242,            0.1259284225,            0.0000000000,            0.0000000000,           16.0719636111
          150.0000000000,            2.0189386771,            2.0228418392,            0.1236250044,            0.0000000000,            0.0000000000,           16.3627241004
          160.0000000000,            2.0177217475,            2.0218800473,            0.1210518469,            0.0000000000,            0.0000000000,           16.7025956155
          170.0000000000,            2.0166001865,            2.0210136913,            0.1183087479,            0.0000000000,            0.0000000000,           17.0825380785
          180.0000000000,            2.0155597081,            2.0202284913,            0.1154856857,            0.0000000000,            0.0000000000,           17.4933237810
          190.0000000000,            2.0145888039,            2.0195129355,            0.1126618089,            0.0000000000,            0.0000000000,           17.9254439112
          200.0000000000,            2.0136780926,            2.0188576338,            0.1099050090,            0.0000000000,            0.0000000000,           18.3691139419
          210.0000000000,            2.0128198459,            2.0182548463,            0.1072719093,            0.0000000000,            0.0000000000,           18.8143835537
          220.0000000000,            2.0120076373,            2.0176981336,            0.1048081669,            0.0000000000,            0.0000000000,           19.2513445511
          230.0000000000,            2.0112360764,            2.0171820929,            0.1025490149,            0.0000000000,            0.0000000000,           19.6704190096
          240.0000000000,            2.0105006065,            2.0167021555,            0.1005199801,            0.0000000000,            0.0000000000,           20.0626995110
          250.0000000000,            2.0097973477,            2.0162544306,            0.0987377233,            0.0000000000,            0.0000000000,           20.4203050607
          260.0000000000,            2.0091229741,            2.0158355827,            0.0972109551,            0.0000000000,            0.0000000000,           20.7367120405
          270.0000000000,            2.0084746173,            2.0154427344,            0.0959413875,            0.0000000000,            0.0000000000,           21.0070209163
          280.0000000000,            2.0078497887,            2.0150733895,            0.0949246911,            0.0000000000,            0.0000000000,           21.2281269156
          290.0000000000,            2.0072463183,            2.0147253711,            0.0941514326,            0.0000000000,            0.0000000000,           21.3987755300
          300.0000000000,            2.0066623040,            2.0143967709,            0.0936079764,            0.0000000000,            0.0000000000,           21.5194991737
          350.0000000000,            2.0039816811,            2.0129924808,            0.0936685938,            0.0000000000,            0.0000000000,           21.4905807802
          400.0000000000,            2.0016013936,            2.0118869617,            0.0963252175,            0.0000000000,            0.0000000000,           20.8863993669
          450.0000000000,            1.9994315537,            2.0109899993,            0.0990736158,            0.0000000000,            0.0000000000,           20.2979368648
          500.0000000000,            1.9974158537,            2.0102450561,            0.1003643447,            0.0000000000,            0.0000000000,           20.0294742418
          550.0000000000,            1.9955170593,            2.0096147279,            0.0997105404,            0.0000000000,            0.0000000000,           20.1544863790
          600.0000000000,            1.9937094754,            2.0090731933,            0.0973842548,            0.0000000000,            0.0000000000,           20.6303698361
          650.0000000000,            1.9919747458,            2.0086020031,            0.0940099779,            0.0000000000,            0.0000000000,           21.3658384827
          700.0000000000,            1.9902993746,            2.0081875958,            0.0902410913,            0.0000000000,            0.0000000000,           22.2535827804
          750.0000000000,            1.9886731966,            2.0078197607,            0.0865803954,            0.0000000000,            0.0000000000,           23.1902355255
          800.0000000000,            1.9870883940,            2.0074906515,            0.0833264540,            0.0000000000,            0.0000000000,           24.0918766524
          850.0000000000,            1.9855388457,            2.0071941313,            0.0805975297,            0.0000000000,            0.0000000000,           24.9039162742
          900.0000000000,            1.9840196827,            2.0069253250,            0.0783872034,            0.0000000000,            0.0000000000,           25.6027162445
          950.0000000000,            1.9825269782,            2.0066803072,            0.0766212327,            0.0000000000,            0.0000000000,           26.1896113713
         1000.0000000000,            1.9810575257,            2.0064558783,            0.0752011987,            0.0000000000,            0.0000000000,           26.6811688341
         1050.0000000000,            1.9796086777,            2.0062494021,            0.0740316899,            0.0000000000,            0.0000000000,           27.0998730895
         1100.0000000000,            1.9781782267,            2.0060586855,            0.0730335864,            0.0000000000,            0.0000000000,           27.4676184650
         1150.0000000000,            1.9767643150,            2.0058818875,            0.0721478808,            0.0000000000,            0.0000000000,           27.8023673751
         1200.0000000000,            1.9753653667,            2.0057174506,            0.0713341922,            0.0000000000,            0.0000000000,           28.1171958244
         1250.0000000000,            1.9739800347,            2.0055640473,            0.0705670068,            0.0000000000,            0.0000000000,           28.4207044796
