            0.2500000000,            2.6612689134,            2.6612689134,            0.3296257294,            0.0466333123,            0.1414735202,            8.0736079619
            0.5000000000,            2.4286202112,            2.4286202112,            0.4473327310,            0.1196639694,            0.2675055078,            5.4291135946
            0.7500000000,            2.1321251930,            2.1321251930,            0.4373600691,            0.1503640149,            0.3437991384,            4.8749882387
            1.0000000000,            2.0755049617,            2.0755049617,            0.4347512325,            0.1582780372,            0.3640657584,            4.7740059292
            1.2500000000,            2.0722640955,            2.0722640955,            0.4363727700,            0.1608702435,            0.3686532583,            4.7488391526
            1.5000000000,            2.0692668225,            2.0692668225,            0.4344295844,            0.1603939849,            0.3692059442,            4.7631811845
            1.7500000000,            2.0643495227,            2.0643495227,            0.4298444928,            0.1585026938,            0.3687442702,            4.8025496598
            2.0000000000,            2.0592676096,            2.0592676096,            0.4243819262,            0.1562347793,            0.3681466379,            4.8523923438
            2.2500000000,            2.0545873971,            2.0545873971,            0.4192091874,            0.1541542201,            0.3677262443,            4.9011029792
            2.5000000000,            2.0504081039,            2.0504081039,            0.4149992128,            0.1525504191,            0.3675920686,            4.9407517907
            2.7500000000,            2.0467187357,            2.0467187357,            0.4119891351,            0.1515032942,            0.3677361399,            4.9678949305
            3.0000000000,            2.0434862093,            2.0434862093,            0.4100904891,            0.1509468618,            0.3680818400,            4.9830129293
            3.2500000000,            2.0406648155,            2.0406648155,            0.4090510346,            0.1507477925,            0.3685305249,            4.9887780326
            3.5000000000,            2.0382064295,            2.0382064295,            0.4086018870,            0.1507723550,            0.3689957384,            4.9882452685
            3.7500000000,            2.0360581486,            2.0360581486,            0.4085354807,            0.1509214426,            0.3694206496,            4.9837976012
            4.0000000000,            2.0341734583,            2.0341734583,            0.4087293960,            0.1511389794,            0.3697776104,            4.9768220203
            4.2500000000,            2.0325120967,            2.0325120967,            0.4091330857,            0.1514043845,            0.3700614539,            4.9678507260
            4.5000000000,            2.0310390948,            2.0310390948,            0.4097436005,            0.1517201983,            0.3702808247,            4.9568537307
            4.7500000000,            2.0297242518,            2.0297242518,            0.4105816986,            0.1521001796,            0.3704504611,            4.9435331841
            5.0000000000,            2.0285428758,            2.0285428758,            0.4116722784,            0.1525598622,            0.3705857067,            4.9275673450
            6.0000000000,            2.0247640408,            2.0247640408,            0.4187432779,            0.1553524637,            0.3709969137,            4.8353350312
            7.0000000000,            2.0219039738,            2.0219039738,            0.4292533036,            0.1594153766,            0.3713783336,            4.7102816843
            8.0000000000,            2.0195417967,            2.0195417967,            0.4410894677,            0.1639524038,            0.3716987500,            4.5785309890
            9.0000000000,            2.0175038405,            2.0175038405,            0.4525094688,            0.1682737052,            0.3718678102,            4.4584787276
           10.0000000000,            2.0157157068,            2.0157157068,            0.4624764405,            0.1719580624,            0.3718201564,            4.3585262523
           11.0000000000,            2.0141421852,            2.0141421852,            0.4704361318,            0.1747809405,            0.3715295843,            4.2814359889
           12.0000000000,            2.0127661245,            2.0127661245,            0.4761679750,            0.1766632608,            0.3710103789,            4.2270085980
           13.0000000000,            2.0115734481,            2.0115734481,            0.4797484686,            0.1776546300,            0.3703078627,            4.1929752352
           14.0000000000,            2.0105431061,            2.0105431061,            0.4814840531,            0.1778992127,            0.3694810068,            4.1757210714
           15.0000000000,            2.0096554812,            2.0096554812,            0.4817846517,            0.1775842281,            0.3685966905,            4.1712733569
           16.0000000000,            2.0088906326,            2.0088906326,            0.4810941070,            0.1769085334,            0.3677212644,            4.1756708371
           17.0000000000,            2.0082220229,            2.0082220229,            0.4798056049,            0.1760423048,            0.3669033938,            4.1854909623
           18.0000000000,            2.0076314314,            2.0076314314,            0.4782357319,            0.1751229774,            0.3661854723,            4.1979954603
           19.0000000000,            2.0071033735,            2.0071033735,            0.4766167383,            0.1742488394,            0.3655952999,            4.2111474739
           20.0000000000,            2.0066233744,            2.0066233744,            0.4750938271,            0.1734778040,            0.3651443023,            4.2236359643
           25.0000000000,            2.0046650606,            2.0046650606,            0.4705362535,            0.1716376909,            0.3647703862,            4.2603838611
           30.0000000000,            2.0031310513,            2.0031310513,            0.4701907186,            0.1721251000,            0.3660750696,            4.2602522169
           35.0000000000,            2.0019031347,            2.0019031347,            0.4721401312,            0.1734768570,            0.3674266294,            4.2400613762
           40.0000000000,            2.0009497686,            2.0009497686,            0.4752780517,            0.1749938014,            0.3681924734,            4.2100613761
           45.0000000000,            2.0002347782,            2.0002347782,            0.4787073893,            0.1763317741,            0.3683498062,            4.1784079857
           50.0000000000,            1.9997111645,            1.9997111645,            0.4817949979,            0.1773453045,            0.3680928720,            4.1505436403
           55.0000000000,            1.9993276913,            1.9993276913,            0.4842424988,            0.1780248212,            0.3676356817,            4.1287736950
           60.0000000000,            1.9990365800,            1.9990365800,            0.4859734652,            0.1784195754,            0.3671385130,            4.1134685806
           65.0000000000,            1.9987989196,            1.9987989196,            0.4870057391,            0.1785808729,            0.3666915162,            4.1042615293
           70.0000000000,            1.9985870027,            1.9985870027,            0.4873832170,            0.1785406516,            0.3663249890,            4.1006479768
           75.0000000000,            1.9983833394,            1.9983833394,            0.4871574019,            0.1783140847,            0.3660297144,            4.1021307108
           80.0000000000,            1.9981786131,            1.9981786131,            0.4863868320,            0.1779101071,            0.3657790371,            4.1082086961
           85.0000000000,            1.9979690200,            1.9979690200,            0.4851419683,            0.1773412871,            0.3655451367,            4.1183182461
           90.0000000000,            1.9977540185,            1.9977540185,            0.4835074459,            0.1766293408,            0.3653084193,            4.1317957673
           95.0000000000,            1.9975347278,            1.9975347278,            0.4815804747,            0.1758062436,            0.3650609873,            4.1478731646
          100.0000000000,            1.9973128878,            1.9973128878,            0.4794654193,            0.1749118679,            0.3648060128,            4.1657079063
          110.0000000000,            1.9968697863,            1.9968697863,            0.4750924672,            0.1730880302,            0.3643249307,            4.2031181810
          120.0000000000,            1.9964401667,            1.9964401667,            0.4711279005,            0.1714872061,            0.3639928900,            4.2375757511
          130.0000000000,            1.9960363921,            1.9960363921,            0.4680278383,            0.1703200068,            0.3639099918,            4.2647813417
          140.0000000000,            1.9956673785,            1.9956673785,            0.4659198316,            0.1696409588,            0.3640990300,            4.2832848978
          150.0000000000,            1.9953378976,            1.9953378976,            0.4646772165,            0.1693800571,            0.3645112158,            4.2940299778
          160.0000000000,            1.9950489718,            1.9950489718,            0.4640450060,            0.1694040974,            0.3650596284,            4.2992574988
          170.0000000000,            1.9947986844,            1.9947986844,            0.4637454767,            0.1695695973,            0.3656522938,            4.3014946442
          180.0000000000,            1.9945831267,            1.9945831267,            0.4635426948,            0.1697555998,            0.3662135154,            4.3029113584
          190.0000000000,            1.9943975127,            1.9943975127,            0.4632705655,            0.1698777507,            0.3666923032,            4.3050382672
          200.0000000000,            1.9942370932,            1.9942370932,            0.4628358961,            0.1698895000,            0.3670620655,            4.3087347155
          210.0000000000,            1.9940977536,            1.9940977536,            0.4622083301,            0.1697765328,            0.3673160386,            4.3142834602
          220.0000000000,            1.9939761626,            1.9939761626,            0.4614043494,            0.1695484191,            0.3674616838,            4.3215374222
          230.0000000000,            1.9938698968,            1.9938698968,            0.4604714343,            0.1692301351,            0.3675149476,            4.3300620805
          240.0000000000,            1.9937770391,            1.9937770391,            0.4594709856,            0.1688536494,            0.3674957825,            4.3392882284
          250.0000000000,            1.9936961882,            1.9936961882,            0.4584678466,            0.1684522804,            0.3674244150,            4.3486063479
          260.0000000000,            1.9936263412,            1.9936263412,            0.4575237622,            0.1680573821,            0.3673194617,            4.3574268828
          270.0000000000,            1.9935664501,            1.9935664501,            0.4566886550,            0.1676944412,            0.3671964245,            4.3652637929
          280.0000000000,            1.9935155098,            1.9935155098,            0.4560004941,            0.1673828909,            0.3670673455,            4.3717398019
          290.0000000000,            1.9934725239,            1.9934725239,            0.4554850789,            0.1671361555,            0.3669410113,            4.3765923762
          300.0000000000,            1.9934363927,            1.9934363927,            0.4551554311,            0.1669614975,            0.3668230368,            4.3796827556
          350.0000000000,            1.9933217276,            1.9933217276,            0.4561598486,            0.1671437397,            0.3664148439,            4.3697877703
          400.0000000000,            1.9932461165,            1.9932461165,            0.4602120706,            0.1685447759,            0.3662328450,            4.3311469728
          450.0000000000,            1.9931698454,            1.9931698454,            0.4654681874,            0.1704401464,            0.3661692701,            4.2820753368
          500.0000000000,            1.9930934927,            1.9930934927,            0.4709318968,            0.1724706886,            0.3662327606,            4.2322329539
          550.0000000000,            1.9930213392,            1.9930213392,            0.4761736903,            0.1744966852,            0.3664559567,            4.1854923526
          600.0000000000,            1.9929513241,            1.9929513241,            0.4809482973,            0.1764237614,            0.3668247968,            4.1437953631
          650.0000000000,            1.9928789792,            1.9928789792,            0.4850599628,            0.1781528275,            0.3672800090,            4.1085208680
          700.0000000000,            1.9928015768,            1.9928015768,            0.4883682752,            0.1795969230,            0.3677489554,            4.0805303662
          750.0000000000,            1.9927194755,            1.9927194755,            0.4907916235,            0.1806944775,            0.3681694405,            4.0602149263
          800.0000000000,            1.9926351970,            1.9926351970,            0.4923132701,            0.1814177375,            0.3685006042,            4.0474943861
          850.0000000000,            1.9925521760,            1.9925521760,            0.4929649271,            0.1817672535,            0.3687224862,            4.0419755370
          900.0000000000,            1.9924739773,            1.9924739773,            0.4928052562,            0.1817617529,            0.3688307920,            4.0431264732
          950.0000000000,            1.9924040338,            1.9924040338,            0.4919079700,            0.1814314871,            0.3688321762,            4.0503593261
         1000.0000000000,            1.9923450626,            1.9923450626,            0.4903481888,            0.1808115762,            0.3687411932,            4.0631231197
         1050.0000000000,            1.9922997115,            1.9922997115,            0.4882103041,            0.1799442453,            0.3685793680,            4.0808227415
         1100.0000000000,            1.9922699244,            1.9922699244,            0.4855750849,            0.1788738566,            0.3683752774,            4.1029080492
         1150.0000000000,            1.9922572214,            1.9922572214,            0.4825356467,            0.1776542045,            0.3681680425,            4.1287254836
         1200.0000000000,            1.9922622500,            1.9922622500,            0.4791913325,            0.1763483250,            0.3680123430,            4.1575506793
         1250.0000000000,            1.9922839484,            1.9922839484,            0.4756893172,            0.1750495191,            0.3679912766,            4.1882040996
