            0.2500000000,            0.5332695467,            0.5332730004,            0.0073166060,            0.0000000000,            0.0000000000,           72.8852971725
            0.5000000000,            2.0844904013,            2.0844984926,            0.0186191736,            0.0000000000,            0.0000000000,          111.9544043018
            0.7500000000,            3.1185528156,            3.1185654872,            0.0224048967,            0.0000000000,            0.0000000000,          139.1912460879
            1.0000000000,            3.2554185419,            3.2554358120,            0.0244917749,            0.0000000000,            0.0000000000,          132.9195547191
            1.2500000000,            2.9590430121,            2.9590648798,            0.0397076942,            0.0000000000,            0.0000000000,           74.5211964898
            1.5000000000,            2.6562153119,            2.6562417722,            0.0664031464,            0.0000000000,            0.0000000000,           40.0017456303
            1.7500000000,            2.4762166674,            2.4762477153,            0.0942092875,            0.0000000000,            0.0000000000,           26.2845392570
            2.0000000000,            2.3914116894,            2.3914473069,            0.1159119748,            0.0000000000,            0.0000000000,           20.6315810880
            2.2500000000,            2.3523484086,            2.3523885512,            0.1293860744,            0.0000000000,            0.0000000000,           18.1811571528
            2.5000000000,            2.3296477893,            2.3296923993,            0.1354082578,            0.0000000000,            0.0000000000,           17.2049507020
            2.7500000000,            2.3115957630,            2.3116448063,            0.1358328146,            0.0000000000,            0.0000000000,           17.0183089636
            3.0000000000,            2.2949400934,            2.2949935917,            0.1326878297,            0.0000000000,            0.0000000000,           17.2961875808
            3.2500000000,            2.2792877705,            2.2793458050,            0.1277574279,            0.0000000000,            0.0000000000,           17.8411998645
            3.5000000000,            2.2648434932,            2.2649061785,            0.1223928930,            0.0000000000,            0.0000000000,           18.5052099214
            3.7500000000,            2.2517547148,            2.2518221591,            0.1174699167,            0.0000000000,            0.0000000000,           19.1693517985
            4.0000000000,            2.2400205403,            2.2400928111,            0.1134457652,            0.0000000000,            0.0000000000,           19.7459359381
            4.2500000000,            2.2295402706,            2.2296173769,            0.1104669247,            0.0000000000,            0.0000000000,           20.1835742518
            4.5000000000,            2.2201695810,            2.2202514721,            0.1084840580,            0.0000000000,            0.0000000000,           20.4661543265
            4.7500000000,            2.2117569783,            2.2118435551,            0.1073477974,            0.0000000000,            0.0000000000,           20.6044614749
            5.0000000000,            2.2041623329,            2.2042534646,            0.1068757481,            0.0000000000,            0.0000000000,           20.6244494620
            6.0000000000,            2.1798145977,            2.1799225219,            0.1085299233,            0.0000000000,            0.0000000000,           20.0859122971
            7.0000000000,            2.1618288268,            2.1619517728,            0.1116637326,            0.0000000000,            0.0000000000,           19.3612708713
            8.0000000000,            2.1477636636,            2.1479006067,            0.1142870866,            0.0000000000,            0.0000000000,           18.7939046328
            9.0000000000,            2.1363533127,            2.1365036583,            0.1161040820,            0.0000000000,            0.0000000000,           18.4016239759
           10.0000000000,            2.1268611771,            2.1270246262,            0.1172418770,            0.0000000000,            0.0000000000,           18.1421918638
           11.0000000000,            2.1188215753,            2.1189980706,            0.1179178921,            0.0000000000,            0.0000000000,           17.9701149059
           12.0000000000,            2.1119186241,            2.1121082742,            0.1183247705,            0.0000000000,            0.0000000000,           17.8500939871
           13.0000000000,            2.1059247044,            2.1061276989,            0.1185935993,            0.0000000000,            0.0000000000,           17.7592021097
           14.0000000000,            2.1006685187,            2.1008850617,            0.1187982832,            0.0000000000,            0.0000000000,           17.6844732500
           15.0000000000,            2.0960177834,            2.0962480550,            0.1189743692,            0.0000000000,            0.0000000000,           17.6193248025
           16.0000000000,            2.0918689280,            2.0921130685,            0.1191368894,            0.0000000000,            0.0000000000,           17.5605816088
           17.0000000000,            2.0881402119,            2.0883983205,            0.1192921821,            0.0000000000,            0.0000000000,           17.5065816020
           18.0000000000,            2.0847666940,            2.0850388343,            0.1194440869,            0.0000000000,            0.0000000000,           17.4561913358
           19.0000000000,            2.0816963934,            2.0819826011,            0.1195964778,            0.0000000000,            0.0000000000,           17.4083939613
           20.0000000000,            2.0788873288,            2.0791876192,            0.1197539074,            0.0000000000,            0.0000000000,           17.3621693450
           25.0000000000,            2.0677465822,            2.0681171449,            0.1207993657,            0.0000000000,            0.0000000000,           17.1202649370
           30.0000000000,            2.0598104992,            2.0602507562,            0.1227060658,            0.0000000000,            0.0000000000,           16.7901296760
           35.0000000000,            2.0538166600,            2.0543260027,            0.1258167474,            0.0000000000,            0.0000000000,           16.3279217247
           40.0000000000,            2.0491001757,            2.0496781384,            0.1300431997,            0.0000000000,            0.0000000000,           15.7615172776
           45.0000000000,            2.0452731803,            2.0459194071,            0.1349510281,            0.0000000000,            0.0000000000,           15.1604581056
           50.0000000000,            2.0420909349,            2.0428051283,            0.1400440811,            0.0000000000,            0.0000000000,           14.5868723072
           55.0000000000,            2.0393909603,            2.0401728880,            0.1449784082,            0.0000000000,            0.0000000000,           14.0722533312
           60.0000000000,            2.0370619175,            2.0379114386,            0.1496038382,            0.0000000000,            0.0000000000,           13.6220531674
           65.0000000000,            2.0350254954,            2.0359425646,            0.1539038835,            0.0000000000,            0.0000000000,           13.2286627130
           70.0000000000,            2.0332250810,            2.0342097273,            0.1579204491,            0.0000000000,            0.0000000000,           12.8812306409
           75.0000000000,            2.0316185478,            2.0326708421,            0.1617030994,            0.0000000000,            0.0000000000,           12.5703888769
           80.0000000000,            2.0301736722,            2.0312936991,            0.1652865304,            0.0000000000,            0.0000000000,           12.2895295477
           85.0000000000,            2.0288652110,            2.0300530503,            0.1686865151,            0.0000000000,            0.0000000000,           12.0344714513
           90.0000000000,            2.0276730049,            2.0289287229,            0.1719042411,            0.0000000000,            0.0000000000,           11.8026682180
           95.0000000000,            2.0265807115,            2.0279043583,            0.1749326194,            0.0000000000,            0.0000000000,           11.5924883856
          100.0000000000,            2.0255749256,            2.0269665365,            0.1777615949,            0.0000000000,            0.0000000000,           11.4027247461
          110.0000000000,            2.0237803044,            2.0253079039,            0.1827855352,            0.0000000000,            0.0000000000,           11.0802416680
          120.0000000000,            2.0222202607,            2.0238838771,            0.1869312600,            0.0000000000,            0.0000000000,           10.8268883308
          130.0000000000,            2.0208455436,            2.0226451690,            0.1901989652,            0.0000000000,            0.0000000000,           10.6343647392
          140.0000000000,            2.0196200611,            2.0215556700,            0.1926229161,            0.0000000000,            0.0000000000,           10.4948866459
          150.0000000000,            2.0185167689,            2.0205883307,            0.1942572013,            0.0000000000,            0.0000000000,           10.4016135148
          160.0000000000,            2.0175149874,            2.0197224759,            0.1951651706,            0.0000000000,            0.0000000000,           10.3487854412
          170.0000000000,            2.0165986110,            2.0189420099,            0.1954128806,            0.0000000000,            0.0000000000,           10.3316731414
          180.0000000000,            2.0157548867,            2.0182341922,            0.1950653956,            0.0000000000,            0.0000000000,           10.3464491266
          190.0000000000,            2.0149735654,            2.0175887864,            0.1941848724,            0.0000000000,            0.0000000000,           10.3900410031
          200.0000000000,            2.0142463010,            2.0169974574,            0.1928296968,            0.0000000000,            0.0000000000,           10.4599939259
          210.0000000000,            2.0135662167,            2.0164533361,            0.1910542149,            0.0000000000,            0.0000000000,           10.5543514796
          220.0000000000,            2.0129275872,            2.0159507021,            0.1889087838,            0.0000000000,            0.0000000000,           10.6715561937
          230.0000000000,            2.0123256013,            2.0154847460,            0.1864399815,            0.0000000000,            0.0000000000,           10.8103676571
          240.0000000000,            2.0117561826,            2.0150513906,            0.1836908852,            0.0000000000,            0.0000000000,           10.9697951967
          250.0000000000,            2.0112158516,            2.0146471536,            0.1807013682,            0.0000000000,            0.0000000000,           11.1490420568
          260.0000000000,            2.0107016184,            2.0142690412,            0.1775083878,            0.0000000000,            0.0000000000,           11.3474583698
          270.0000000000,            2.0102108983,            2.0139144634,            0.1741462533,            0.0000000000,            0.0000000000,           11.5645006696
          280.0000000000,            2.0097414445,            2.0135811681,            0.1706468660,            0.0000000000,            0.0000000000,           11.7996961519
          290.0000000000,            2.0092912939,            2.0132671865,            0.1670399307,            0.0000000000,            0.0000000000,           12.0526102800
          300.0000000000,            2.0088587235,            2.0129707901,            0.1633531395,            0.0000000000,            0.0000000000,           12.3228166674
          350.0000000000,            2.0069120241,            2.0117048683,            0.1445674348,            0.0000000000,            0.0000000000,           13.9153390285
          400.0000000000,            2.0052358575,            2.0107089999,            0.1269962844,            0.0000000000,            0.0000000000,           15.8328175512
          450.0000000000,            2.0037485729,            2.0099012662,            0.1124411912,            0.0000000000,            0.0000000000,           17.8751331692
          500.0000000000,            2.0023991106,            2.0092304751,            0.1019861283,            0.0000000000,            0.0000000000,           19.7010172763
          550.0000000000,            2.0011537673,            2.0086628560,            0.0960967373,            0.0000000000,            0.0000000000,           20.9025083709
          600.0000000000,            1.9999893128,            2.0081751432,            0.0947266998,            0.0000000000,            0.0000000000,           21.1996738838
          650.0000000000,            1.9988891631,            2.0077507336,            0.0974365777,            0.0000000000,            0.0000000000,           20.6057189250
          700.0000000000,            1.9978411298,            2.0073774294,            0.1035184308,            0.0000000000,            0.0000000000,           19.3914978678
          750.0000000000,            1.9968360340,            2.0070460490,            0.1121163996,            0.0000000000,            0.0000000000,           17.9014493519
          800.0000000000,            1.9958668183,            2.0067495363,            0.1223339326,            0.0000000000,            0.0000000000,           16.4038668128
          850.0000000000,            1.9949279577,            2.0064823714,            0.1333207266,            0.0000000000,            0.0000000000,           15.0500407698
          900.0000000000,            1.9940150590,            2.0062401683,            0.1443356842,            0.0000000000,            0.0000000000,           13.8998209576
          950.0000000000,            1.9931245806,            2.0060193942,            0.1547853950,            0.0000000000,            0.0000000000,           12.9600043577
         1000.0000000000,            1.9922536318,            2.0058171688,            0.1642402833,            0.0000000000,            0.0000000000,           12.2126991567
         1050.0000000000,            1.9913998277,            2.0056311186,            0.1724323420,            0.0000000000,            0.0000000000,           11.6314091366
         1100.0000000000,            1.9905611810,            2.0054592680,            0.1792392793,            0.0000000000,            0.0000000000,           11.1887264664
         1150.0000000000,            1.9897360214,            2.0052999590,            0.1846600275,            0.0000000000,            0.0000000000,           10.8594154687
         1200.0000000000,            1.9889229329,            2.0051517883,            0.1887861211,            0.0000000000,            0.0000000000,           10.6212881350
         1250.0000000000,            1.9881207069,            2.0050135597,            0.1917726329,            0.0000000000,            0.0000000000,           10.4551599929
