            0.2500000000,            0.0000000000,            0.0000015862,            0.0000000000,            0.0000000000,            0.0000000000,    268569682.2891788483
            0.5000000000,            0.0000000000,            0.0000031720,            0.0000000000,            0.0000000000,            0.0000000000,     33572547.7645662725
            0.7500000000,            0.0000000000,            0.0000047580,            0.0000000000,            0.0000000000,            0.0000000000,      9947435.2467434313
            1.0000000000,            0.0000000000,            0.0000063440,            0.0000000000,            0.0000000000,            0.0000000000,      4196591.0256383726
            1.2500000000,            0.0000000000,            0.0000079300,            0.0000000000,            0.0000000000,            0.0000000000,      2148666.6571782064
            1.5000000000,            0.0000000001,            0.0000095161,            0.0000000000,            0.0000000000,            0.0000000000,      1243450.5239627494
            1.7500000000,            0.0000000001,            0.0000111022,            0.0000000000,            0.0000000000,            0.0000000000,       783054.8622582864
            2.0000000000,            0.0000000002,            0.0000126883,            0.0000000000,            0.0000000000,            0.0000000000,       524591.5936618930
            2.2500000000,            0.0000000003,            0.0000142745,            0.0000000000,            0.0000000000,            0.0000000000,       368442.5210796141
            2.5000000000,            0.0000000005,            0.0000158608,            0.0000000001,            0.0000000000,            0.0000000000,       268598.9736129082
            2.7500000000,            0.0000000007,            0.0000174471,            0.0000000001,            0.0000000000,            0.0000000000,       201806.2159374407
            3.0000000000,            0.0000000010,            0.0000190336,            0.0000000001,            0.0000000000,            0.0000000000,       155445.5715114301
            3.2500000000,            0.0000000014,            0.0000206202,            0.0000000002,            0.0000000000,            0.0000000000,       122265.2009296294
            3.5000000000,            0.0000000019,            0.0000222069,            0.0000000002,            0.0000000000,            0.0000000000,        97895.1240481676
            3.7500000000,            0.0000000025,            0.0000237938,            0.0000000003,            0.0000000000,            0.0000000000,        79594.8799292638
            4.0000000000,            0.0000000032,            0.0000253808,            0.0000000004,            0.0000000000,            0.0000000000,        65586.4733633504
            4.2500000000,            0.0000000041,            0.0000269680,            0.0000000005,            0.0000000000,            0.0000000000,        54682.0061295968
            4.5000000000,            0.0000000052,            0.0000285555,            0.0000000006,            0.0000000000,            0.0000000000,        46067.2622998739
            4.7500000000,            0.0000000064,            0.0000301432,            0.0000000008,            0.0000000000,            0.0000000000,        39171.4503672067
            5.0000000000,            0.0000000079,            0.0000317311,            0.0000000009,            0.0000000000,            0.0000000000,        33586.3574306985
            6.0000000000,            0.0000000164,            0.0000380862,            0.0000000020,            0.0000000000,            0.0000000000,        19441.4903123909
            7.0000000000,            0.0000000304,            0.0000444477,            0.0000000036,            0.0000000000,            0.0000000000,        12247.1904619756
            8.0000000000,            0.0000000519,            0.0000508179,            0.0000000062,            0.0000000000,            0.0000000000,         8208.2389001385
            9.0000000000,            0.0000000831,            0.0000571992,            0.0000000099,            0.0000000000,            0.0000000000,         5768.0497688640
           10.0000000000,            0.0000001267,            0.0000635944,            0.0000000151,            0.0000000000,            0.0000000000,         4207.7066702491
           11.0000000000,            0.0000001855,            0.0000700065,            0.0000000221,            0.0000000000,            0.0000000000,         3163.8346911544
           12.0000000000,            0.0000002627,            0.0000764389,            0.0000000313,            0.0000000000,            0.0000000000,         2439.2538947861
           13.0000000000,            0.0000003618,            0.0000828953,            0.0000000432,            0.0000000000,            0.0000000000,         1920.6452107010
           14.0000000000,            0.0000004867,            0.0000893796,            0.0000000580,            0.0000000000,            0.0000000000,         1539.7212141809
           15.0000000000,            0.0000006415,            0.0000958962,            0.0000000765,            0.0000000000,            0.0000000000,         1253.6574478599
           16.0000000000,            0.0000008305,            0.0001024496,            0.0000000990,            0.0000000000,            0.0000000000,         1034.6691704362
           17.0000000000,            0.0000010584,            0.0001090447,            0.0000001262,            0.0000000000,            0.0000000000,          864.1927452727
           18.0000000000,            0.0000013304,            0.0001156867,            0.0000001586,            0.0000000000,            0.0000000000,          729.5039275844
           19.0000000000,            0.0000016518,            0.0001223811,            0.0000001969,            0.0000000000,            0.0000000000,          621.6824256818
           20.0000000000,            0.0000020281,            0.0001291337,            0.0000002417,            0.0000000000,            0.0000000000,          534.3485734723
           25.0000000000,            0.0000049540,            0.0001639956,            0.0000005897,            0.0000000000,            0.0000000000,          278.0906472455
           30.0000000000,            0.0000102790,            0.0002013630,            0.0000012221,            0.0000000000,            0.0000000000,          164.7651935753
           35.0000000000,            0.0000190571,            0.0002423113,            0.0000022625,            0.0000000000,            0.0000000000,          107.0967899343
           40.0000000000,            0.0000325379,            0.0002881115,            0.0000038567,            0.0000000000,            0.0000000000,           74.7047053469
           45.0000000000,            0.0000521689,            0.0003402326,            0.0000061719,            0.0000000000,            0.0000000000,           55.1257153043
           50.0000000000,            0.0000795976,            0.0004003435,            0.0000093973,            0.0000000000,            0.0000000000,           42.6021725442
           55.0000000000,            0.0001166743,            0.0004703160,            0.0000137427,            0.0000000000,            0.0000000000,           34.2230651682
           60.0000000000,            0.0001654545,            0.0005522273,            0.0000194390,            0.0000000000,            0.0000000000,           28.4082855865
           65.0000000000,            0.0002282027,            0.0006483634,            0.0000267373,            0.0000000000,            0.0000000000,           24.2494412975
           70.0000000000,            0.0003073946,            0.0007612220,            0.0000359085,            0.0000000000,            0.0000000000,           21.1989261088
           75.0000000000,            0.0004057214,            0.0008935158,            0.0000472430,            0.0000000000,            0.0000000000,           18.9131937405
           80.0000000000,            0.0005260929,            0.0010481765,            0.0000610496,            0.0000000000,            0.0000000000,           17.1692612496
           85.0000000000,            0.0006716412,            0.0012283581,            0.0000776553,            0.0000000000,            0.0000000000,           15.8180886360
           90.0000000000,            0.0008457241,            0.0014374404,            0.0000974042,            0.0000000000,            0.0000000000,           14.7574775134
           95.0000000000,            0.0010519288,            0.0016790325,            0.0001206569,            0.0000000000,            0.0000000000,           13.9157550523
          100.0000000000,            0.0012940752,            0.0019569766,            0.0001477895,            0.0000000000,            0.0000000000,           13.2416446188
          110.0000000000,            0.0019026551,            0.0026384707,            0.0002152693,            0.0000000000,            0.0000000000,           12.2566022772
          120.0000000000,            0.0027067887,            0.0035174249,            0.0003031185,            0.0000000000,            0.0000000000,           11.6041233601
          130.0000000000,            0.0037456808,            0.0046332214,            0.0004147797,            0.0000000000,            0.0000000000,           11.1703181589
          140.0000000000,            0.0050624355,            0.0060291418,            0.0005538101,            0.0000000000,            0.0000000000,           10.8866582481
          150.0000000000,            0.0067040100,            0.0077523201,            0.0007238176,            0.0000000000,            0.0000000000,           10.7103226050
          160.0000000000,            0.0087210864,            0.0098536141,            0.0009283842,            0.0000000000,            0.0000000000,           10.6137246518
          170.0000000000,            0.0111678425,            0.0123873756,            0.0011709771,            0.0000000000,            0.0000000000,           10.5786658711
          180.0000000000,            0.0141016131,            0.0154111119,            0.0014548473,            0.0000000000,            0.0000000000,           10.5929410051
          190.0000000000,            0.0175824400,            0.0189850356,            0.0017829170,            0.0000000000,            0.0000000000,           10.6483001398
          200.0000000000,            0.0216725229,            0.0231715164,            0.0021576594,            0.0000000000,            0.0000000000,           10.7391909014
          210.0000000000,            0.0264355987,            0.0280344616,            0.0025809753,            0.0000000000,            0.0000000000,           10.8619641445
          220.0000000000,            0.0319362892,            0.0336386662,            0.0030540729,            0.0000000000,            0.0000000000,           11.0143625408
          230.0000000000,            0.0382394655,            0.0400491805,            0.0035773576,            0.0000000000,            0.0000000000,           11.1951852079
          240.0000000000,            0.0454096813,            0.0473307470,            0.0041503407,            0.0000000000,            0.0000000000,           11.4040629117
          250.0000000000,            0.0535107154,            0.0555473481,            0.0047715750,            0.0000000000,            0.0000000000,           11.6413025169
          260.0000000000,            0.0626052523,            0.0647618907,            0.0054386227,            0.0000000000,            0.0000000000,           11.9077740819
          270.0000000000,            0.0727547019,            0.0750360303,            0.0061480636,            0.0000000000,            0.0000000000,           12.2048233827
          280.0000000000,            0.0840191394,            0.0864301143,            0.0068955436,            0.0000000000,            0.0000000000,           12.5341988860
          290.0000000000,            0.0964573228,            0.0990032006,            0.0076758649,            0.0000000000,            0.0000000000,           12.8979864015
          300.0000000000,            0.1101267298,            0.1128130943,            0.0084831140,            0.0000000000,            0.0000000000,           13.2985474654
          350.0000000000,            0.1988537481,            0.2023390483,            0.0126879169,            0.0000000000,            0.0000000000,           15.9473812392
          400.0000000000,            0.3258633751,            0.3303402668,            0.0165802355,            0.0000000000,            0.0000000000,           19.9237378969
          450.0000000000,            0.4945103766,            0.5001945134,            0.0196377329,            0.0000000000,            0.0000000000,           25.4710926716
          500.0000000000,            0.7032051983,            0.7102956896,            0.0218277177,            0.0000000000,            0.0000000000,           32.5409967350
          550.0000000000,            0.9451524480,            0.9538006548,            0.0234826441,            0.0000000000,            0.0000000000,           40.6172596870
          600.0000000000,            1.2102182651,            1.2205194695,            0.0250727375,            0.0000000000,            0.0000000000,           48.6791467471
          650.0000000000,            1.4873739266,            1.4993768717,            0.0270487026,            0.0000000000,            0.0000000000,           55.4324875273
          700.0000000000,            1.7664599105,            1.7801826005,            0.0297827195,            0.0000000000,            0.0000000000,           59.7723321870
          750.0000000000,            2.0390034374,            2.0544471102,            0.0335668302,            0.0000000000,            0.0000000000,           61.2046801993
          800.0000000000,            2.2983739510,            2.3155324365,            0.0386284897,            0.0000000000,            0.0000000000,           59.9436440840
          850.0000000000,            2.5396262390,            2.5584910977,            0.0451439388,            0.0000000000,            0.0000000000,           56.6740777790
          900.0000000000,            2.7592552515,            2.7798180872,            0.0532451796,            0.0000000000,            0.0000000000,           52.2078825813
          950.0000000000,            2.9549614280,            2.9772146479,            0.0630223135,            0.0000000000,            0.0000000000,           47.2406435584
         1000.0000000000,            3.1254528462,            3.1493897092,            0.0745238774,            0.0000000000,            0.0000000000,           42.2601429321
         1050.0000000000,            3.2702809773,            3.2958953866,            0.0877570381,            0.0000000000,            0.0000000000,           37.5570490942
         1100.0000000000,            3.3896999332,            3.4169861836,            0.1026886164,            0.0000000000,            0.0000000000,           33.2752188473
         1150.0000000000,            3.4845408224,            3.5134933806,            0.1192473063,            0.0000000000,            0.0000000000,           29.4639223991
         1200.0000000000,            3.5560963841,            3.5867097169,            0.1373270979,            0.0000000000,            0.0000000000,           26.1180041831
         1250.0000000000,            3.6060139816,            3.6382824268,            0.1567917210,            0.0000000000,            0.0000000000,           23.2045569926
