            0.2500000000,            0.0000000000,            0.0000029477,            0.0000000000,            0.0000000000,            0.0000000000, 545461843353.4891357422
            0.5000000000,            0.0000000000,            0.0000029477,            0.0000000000,            0.0000000000,            0.0000000000, 545461843353.4891357422
            0.7500000000,            0.0000000000,            0.0000043534,            0.0000000000,            0.0000000000,            0.0000000000,  90642448636.2640838623
            1.0000000000,            0.0000000000,            0.0000059452,            0.0000000000,            0.0000000000,            0.0000000000,  43608505489.3366470337
            1.2500000000,            0.0000000000,            0.0000073641,            0.0000000000,            0.0000000000,            0.0000000000,  21535705618.7887573242
            1.5000000000,            0.0000000000,            0.0000088417,            0.0000000000,            0.0000000000,            0.0000000000,  11978877812.2882080078
            1.7500000000,            0.0000000000,            0.0000103168,            0.0000000000,            0.0000000000,            0.0000000000,   7455778188.1561641693
            2.0000000000,            0.0000000000,            0.0000117908,            0.0000000000,            0.0000000000,            0.0000000000,   4977174710.9062194824
            2.2500000000,            0.0000000000,            0.0000132647,            0.0000000000,            0.0000000000,            0.0000000000,   3491385602.4502744675
            2.5000000000,            0.0000000000,            0.0000147386,            0.0000000000,            0.0000000000,            0.0000000000,   2544025523.6600594521
            2.7500000000,            0.0000000000,            0.0000162125,            0.0000000000,            0.0000000000,            0.0000000000,   1910985040.5340833664
            3.0000000000,            0.0000000000,            0.0000176864,            0.0000000000,            0.0000000000,            0.0000000000,   1471813826.8511822224
            3.2500000000,            0.0000000000,            0.0000191603,            0.0000000000,            0.0000000000,            0.0000000000,   1157573218.4647672176
            3.5000000000,            0.0000000000,            0.0000206342,            0.0000000000,            0.0000000000,            0.0000000000,    926799736.6135394573
            3.7500000000,            0.0000000000,            0.0000221082,            0.0000000000,            0.0000000000,            0.0000000000,    753515859.0108855963
            4.0000000000,            0.0000000000,            0.0000235821,            0.0000000000,            0.0000000000,            0.0000000000,    620875898.8080749512
            4.2500000000,            0.0000000000,            0.0000250561,            0.0000000000,            0.0000000000,            0.0000000000,    517628123.4742885828
            4.5000000000,            0.0000000000,            0.0000265301,            0.0000000000,            0.0000000000,            0.0000000000,    436061491.5830791593
            4.7500000000,            0.0000000000,            0.0000280040,            0.0000000000,            0.0000000000,            0.0000000000,    370770800.0305279493
            5.0000000000,            0.0000000000,            0.0000294780,            0.0000000000,            0.0000000000,            0.0000000000,    317890618.3523847461
            6.0000000000,            0.0000000000,            0.0000353742,            0.0000000000,            0.0000000000,            0.0000000000,    183967518.1789705753
            7.0000000000,            0.0000000000,            0.0000412707,            0.0000000000,            0.0000000000,            0.0000000000,    115853648.5669264495
            8.0000000000,            0.0000000000,            0.0000471676,            0.0000000000,            0.0000000000,            0.0000000000,     77614750.3615066111
            9.0000000000,            0.0000000000,            0.0000530648,            0.0000000000,            0.0000000000,            0.0000000000,     54512800.3829258978
           10.0000000000,            0.0000000000,            0.0000589625,            0.0000000000,            0.0000000000,            0.0000000000,     39741038.3849585950
           11.0000000000,            0.0000000000,            0.0000648608,            0.0000000000,            0.0000000000,            0.0000000000,     29859032.8471738547
           12.0000000000,            0.0000000000,            0.0000707596,            0.0000000000,            0.0000000000,            0.0000000000,     22999904.2194822617
           13.0000000000,            0.0000000000,            0.0000766590,            0.0000000000,            0.0000000000,            0.0000000000,     18090770.9386193492
           14.0000000000,            0.0000000000,            0.0000825591,            0.0000000000,            0.0000000000,            0.0000000000,     14485109.5338832978
           15.0000000000,            0.0000000001,            0.0000884600,            0.0000000000,            0.0000000000,            0.0000000000,     11777477.0300792530
           16.0000000000,            0.0000000001,            0.0000943616,            0.0000000000,            0.0000000000,            0.0000000000,      9704823.5004555043
           17.0000000000,            0.0000000001,            0.0001002640,            0.0000000000,            0.0000000000,            0.0000000000,      8091401.7637162739
           18.0000000000,            0.0000000001,            0.0001061673,            0.0000000000,            0.0000000000,            0.0000000000,      6816749.7358776499
           19.0000000000,            0.0000000002,            0.0001120716,            0.0000000000,            0.0000000000,            0.0000000000,      5796419.2890790496
           20.0000000000,            0.0000000002,            0.0001179768,            0.0000000000,            0.0000000000,            0.0000000000,      4970015.4076396218
           25.0000000000,            0.0000000005,            0.0001475196,            0.0000000001,            0.0000000000,            0.0000000000,      2545565.5073168930
           30.0000000000,            0.0000000010,            0.0001770949,            0.0000000001,            0.0000000000,            0.0000000000,      1473778.0327280201
           35.0000000000,            0.0000000019,            0.0002067092,            0.0000000002,            0.0000000000,            0.0000000000,       928577.7235850032
           40.0000000000,            0.0000000032,            0.0002363692,            0.0000000004,            0.0000000000,            0.0000000000,       622449.3703440801
           45.0000000000,            0.0000000051,            0.0002660814,            0.0000000006,            0.0000000000,            0.0000000000,       437464.8713474887
           50.0000000000,            0.0000000078,            0.0002958525,            0.0000000009,            0.0000000000,            0.0000000000,       319155.6851359569
           55.0000000000,            0.0000000114,            0.0003256893,            0.0000000014,            0.0000000000,            0.0000000000,       239989.1425677413
           60.0000000000,            0.0000000161,            0.0003555983,            0.0000000019,            0.0000000000,            0.0000000000,       185024.0599485476
           65.0000000000,            0.0000000222,            0.0003855864,            0.0000000026,            0.0000000000,            0.0000000000,       145673.1285010583
           70.0000000000,            0.0000000298,            0.0004156603,            0.0000000036,            0.0000000000,            0.0000000000,       116761.1202037778
           75.0000000000,            0.0000000393,            0.0004458268,            0.0000000047,            0.0000000000,            0.0000000000,        95042.2617285407
           80.0000000000,            0.0000000509,            0.0004760929,            0.0000000061,            0.0000000000,            0.0000000000,        78410.4815137046
           85.0000000000,            0.0000000649,            0.0005064653,            0.0000000077,            0.0000000000,            0.0000000000,        65458.5234043004
           90.0000000000,            0.0000000816,            0.0005369511,            0.0000000097,            0.0000000000,            0.0000000000,        55221.6961776858
           95.0000000000,            0.0000001013,            0.0005675572,            0.0000000121,            0.0000000000,            0.0000000000,        47023.6296378697
          100.0000000000,            0.0000001243,            0.0005982906,            0.0000000148,            0.0000000000,            0.0000000000,        40380.5355206252
          110.0000000000,            0.0000001821,            0.0006601676,            0.0000000217,            0.0000000000,            0.0000000000,        30441.8134728514
          120.0000000000,            0.0000002579,            0.0007226392,            0.0000000307,            0.0000000000,            0.0000000000,        23535.4804890648
          130.0000000000,            0.0000003553,            0.0007857632,            0.0000000423,            0.0000000000,            0.0000000000,        18586.4603705113
          140.0000000000,            0.0000004779,            0.0008495983,            0.0000000568,            0.0000000000,            0.0000000000,        14946.6620727826
          150.0000000000,            0.0000006298,            0.0009142041,            0.0000000749,            0.0000000000,            0.0000000000,        12209.4930959028
          160.0000000000,            0.0000008155,            0.0009796409,            0.0000000969,            0.0000000000,            0.0000000000,        10111.0413988903
          170.0000000000,            0.0000010394,            0.0010459702,            0.0000001234,            0.0000000000,            0.0000000000,         8474.9005655180
          180.0000000000,            0.0000013066,            0.0011132546,            0.0000001550,            0.0000000000,            0.0000000000,         7180.0958019339
          190.0000000000,            0.0000016223,            0.0011815574,            0.0000001924,            0.0000000000,            0.0000000000,         6141.7742372186
          200.0000000000,            0.0000019921,            0.0012509435,            0.0000002361,            0.0000000000,            0.0000000000,         5299.2170885865
          210.0000000000,            0.0000024218,            0.0013214786,            0.0000002868,            0.0000000000,            0.0000000000,         4608.1923397006
          220.0000000000,            0.0000029176,            0.0013932300,            0.0000003452,            0.0000000000,            0.0000000000,         4035.9567380864
          230.0000000000,            0.0000034860,            0.0014662660,            0.0000004121,            0.0000000000,            0.0000000000,         3557.9175503915
          240.0000000000,            0.0000041338,            0.0015406565,            0.0000004883,            0.0000000000,            0.0000000000,         3155.3587673596
          250.0000000000,            0.0000048681,            0.0016164728,            0.0000005745,            0.0000000000,            0.0000000000,         2813.8645710202
          260.0000000000,            0.0000056962,            0.0016937876,            0.0000006715,            0.0000000000,            0.0000000000,         2522.2084036772
          270.0000000000,            0.0000066259,            0.0017726753,            0.0000007804,            0.0000000000,            0.0000000000,         2271.5584464945
          280.0000000000,            0.0000076652,            0.0018532120,            0.0000009018,            0.0000000000,            0.0000000000,         2054.9016038418
          290.0000000000,            0.0000088225,            0.0019354752,            0.0000010369,            0.0000000000,            0.0000000000,         1866.6206294540
          300.0000000000,            0.0000101064,            0.0020195446,            0.0000011864,            0.0000000000,            0.0000000000,         1702.1800571757
          350.0000000000,            0.0000187500,            0.0024699050,            0.0000021874,            0.0000000000,            0.0000000000,         1129.1407162634
          400.0000000000,            0.0000320408,            0.0029785430,            0.0000037103,            0.0000000000,            0.0000000000,          802.7703900761
          450.0000000000,            0.0000514245,            0.0035580010,            0.0000059037,            0.0000000000,            0.0000000000,          602.6766488562
          500.0000000000,            0.0000785587,            0.0042227731,            0.0000089290,            0.0000000000,            0.0000000000,          472.9280318336
          550.0000000000,            0.0001153223,            0.0049898275,            0.0000129579,            0.0000000000,            0.0000000000,          385.0789128226
          600.0000000000,            0.0001638299,            0.0058793125,            0.0000181684,            0.0000000000,            0.0000000000,          323.6003914879
          650.0000000000,            0.0002264527,            0.0069155332,            0.0000247405,            0.0000000000,            0.0000000000,          279.5225243370
          700.0000000000,            0.0003058496,            0.0081283273,            0.0000328518,            0.0000000000,            0.0000000000,          247.4239930776
          750.0000000000,            0.0004050167,            0.0095549992,            0.0000426740,            0.0000000000,            0.0000000000,          223.9068038185
          800.0000000000,            0.0005273627,            0.0112429465,            0.0000543727,            0.0000000000,            0.0000000000,          206.7754815250
          850.0000000000,            0.0006768200,            0.0132529822,            0.0000681149,            0.0000000000,            0.0000000000,          194.5680023566
          900.0000000000,            0.0008579947,            0.0156630790,            0.0000840885,            0.0000000000,            0.0000000000,          186.2689386516
          950.0000000000,            0.0010763499,            0.0185719186,            0.0001025392,            0.0000000000,            0.0000000000,          181.1201212787
         1000.0000000000,            0.0013384010,            0.0221013325,            0.0001238259,            0.0000000000,            0.0000000000,          178.4871508961
         1050.0000000000,            0.0016518922,            0.0263966418,            0.0001484921,            0.0000000000,            0.0000000000,          177.7646326317
         1100.0000000000,            0.0020259173,            0.0316241111,            0.0001773464,            0.0000000000,            0.0000000000,          178.3183117484
         1150.0000000000,            0.0024709498,            0.0379651954,            0.0002115404,            0.0000000000,            0.0000000000,          179.4701617720
         1200.0000000000,            0.0029987637,            0.0456078509,            0.0002526319,            0.0000000000,            0.0000000000,          180.5308291520
         1250.0000000000,            0.0036222385,            0.0547357276,            0.0003026221,            0.0000000000,            0.0000000000,          180.8715411010
