            0.2500000000,            0.0000000000,            0.0002860568,            0.0000000000,            0.0000000000,            0.0000000000,  10133271205.9585094452
            0.5000000000,            0.0000000000,            0.0005720357,            0.0000000000,            0.0000000000,            0.0000000000,   1266712927.3535654545
            0.7500000000,            0.0000000000,            0.0008580603,            0.0000000000,            0.0000000000,            0.0000000000,    375324545.1474037170
            1.0000000000,            0.0000000001,            0.0011440929,            0.0000000000,            0.0000000000,            0.0000000000,    158341618.4462222159
            1.2500000000,            0.0000000001,            0.0014301362,            0.0000000000,            0.0000000000,            0.0000000000,     81071950.9590758532
            1.5000000000,            0.0000000003,            0.0017161929,            0.0000000000,            0.0000000000,            0.0000000000,     46917376.4312603846
            1.7500000000,            0.0000000006,            0.0020022658,            0.0000000001,            0.0000000000,            0.0000000000,     29546186.3010243177
            2.0000000000,            0.0000000010,            0.0022883574,            0.0000000001,            0.0000000000,            0.0000000000,     19794061.9160880782
            2.2500000000,            0.0000000016,            0.0025744706,            0.0000000002,            0.0000000000,            0.0000000000,     13902341.2354220655
            2.5000000000,            0.0000000024,            0.0028606081,            0.0000000003,            0.0000000000,            0.0000000000,     10135083.1283308174
            2.7500000000,            0.0000000035,            0.0031467725,            0.0000000004,            0.0000000000,            0.0000000000,      7614867.6589820152
            3.0000000000,            0.0000000049,            0.0034329666,            0.0000000006,            0.0000000000,            0.0000000000,      5865581.0131693417
            3.2500000000,            0.0000000068,            0.0037191931,            0.0000000008,            0.0000000000,            0.0000000000,      4613604.2754528625
            3.5000000000,            0.0000000091,            0.0040054548,            0.0000000011,            0.0000000000,            0.0000000000,      3694053.4682899918
            3.7500000000,            0.0000000120,            0.0042917544,            0.0000000014,            0.0000000000,            0.0000000000,      3003527.8274216601
            4.0000000000,            0.0000000155,            0.0045780947,            0.0000000018,            0.0000000000,            0.0000000000,      2474941.3450656426
            4.2500000000,            0.0000000198,            0.0048644784,            0.0000000024,            0.0000000000,            0.0000000000,      2063472.9831556776
            4.5000000000,            0.0000000248,            0.0051509082,            0.0000000030,            0.0000000000,            0.0000000000,      1738401.1524838610
            4.7500000000,            0.0000000308,            0.0054373871,            0.0000000037,            0.0000000000,            0.0000000000,      1478188.9586536773
            5.0000000000,            0.0000000378,            0.0057239176,            0.0000000045,            0.0000000000,            0.0000000000,      1267433.8071771236
            6.0000000000,            0.0000000785,            0.0068706127,            0.0000000094,            0.0000000000,            0.0000000000,       733655.9255266979
            7.0000000000,            0.0000001454,            0.0080183589,            0.0000000174,            0.0000000000,            0.0000000000,       462150.6156098745
            8.0000000000,            0.0000002481,            0.0091673365,            0.0000000296,            0.0000000000,            0.0000000000,       309713.3258527666
            9.0000000000,            0.0000003974,            0.0103177277,            0.0000000474,            0.0000000000,            0.0000000000,       217608.2556427364
           10.0000000000,            0.0000006058,            0.0114697160,            0.0000000723,            0.0000000000,            0.0000000000,       158707.3013146842
           11.0000000000,            0.0000008872,            0.0126234866,            0.0000001058,            0.0000000000,            0.0000000000,       119298.2159471558
           12.0000000000,            0.0000012568,            0.0137792266,            0.0000001499,            0.0000000000,            0.0000000000,        91940.0142277096
           13.0000000000,            0.0000017314,            0.0149371247,            0.0000002064,            0.0000000000,            0.0000000000,        72356.2188648167
           14.0000000000,            0.0000023294,            0.0160973711,            0.0000002777,            0.0000000000,            0.0000000000,        57969.6736263586
           15.0000000000,            0.0000030704,            0.0172601582,            0.0000003660,            0.0000000000,            0.0000000000,        47164.1225894758
           16.0000000000,            0.0000039758,            0.0184256798,            0.0000004738,            0.0000000000,            0.0000000000,        38890.8826539241
           17.0000000000,            0.0000050684,            0.0195941318,            0.0000006038,            0.0000000000,            0.0000000000,        32449.2701040640
           18.0000000000,            0.0000063723,            0.0207657119,            0.0000007590,            0.0000000000,            0.0000000000,        27358.9840001911
           19.0000000000,            0.0000079133,            0.0219406196,            0.0000009423,            0.0000000000,            0.0000000000,        23283.2923852813
           20.0000000000,            0.0000097187,            0.0231190565,            0.0000011570,            0.0000000000,            0.0000000000,        19981.3553325899
           25.0000000000,            0.0000237734,            0.0290713723,            0.0000028261,            0.0000000000,            0.0000000000,        10286.7185406754
           30.0000000000,            0.0000494131,            0.0351433189,            0.0000058636,            0.0000000000,            0.0000000000,         5993.4560155089
           35.0000000000,            0.0000917995,            0.0413624690,            0.0000108707,            0.0000000000,            0.0000000000,         3804.9663249187
           40.0000000000,            0.0001571095,            0.0477578640,            0.0000185601,            0.0000000000,            0.0000000000,         2573.1401630037
           45.0000000000,            0.0002525749,            0.0543601234,            0.0000297584,            0.0000000000,            0.0000000000,         1826.7168141914
           50.0000000000,            0.0003865279,            0.0612015537,            0.0000454069,            0.0000000000,            0.0000000000,         1347.8463998367
           55.0000000000,            0.0005684530,            0.0683162520,            0.0000665652,            0.0000000000,            0.0000000000,         1026.3054685298
           60.0000000000,            0.0008090466,            0.0757402019,            0.0000944138,            0.0000000000,            0.0000000000,          802.2153983120
           65.0000000000,            0.0011202819,            0.0835113556,            0.0001302583,            0.0000000000,            0.0000000000,          641.1211597207
           70.0000000000,            0.0015154814,            0.0916696971,            0.0001755346,            0.0000000000,            0.0000000000,          522.2314317299
           75.0000000000,            0.0020093939,            0.1002572787,            0.0002318150,            0.0000000000,            0.0000000000,          432.4882236844
           80.0000000000,            0.0026182767,            0.1093182234,            0.0003008158,            0.0000000000,            0.0000000000,          363.4058973408
           85.0000000000,            0.0033599800,            0.1188986837,            0.0003844056,            0.0000000000,            0.0000000000,          309.3053148912
           90.0000000000,            0.0042540312,            0.1290467500,            0.0004846157,            0.0000000000,            0.0000000000,          266.2867547362
           95.0000000000,            0.0053217152,            0.1398122996,            0.0006036508,            0.0000000000,            0.0000000000,          231.6112131952
          100.0000000000,            0.0065861454,            0.1512467801,            0.0007438998,            0.0000000000,            0.0000000000,          203.3160712848
          110.0000000000,            0.0098071561,            0.1763343986,            0.0010985794,            0.0000000000,            0.0000000000,          160.5112910217
          120.0000000000,            0.0141400493,            0.2047400185,            0.0015718112,            0.0000000000,            0.0000000000,          130.2573893155
          130.0000000000,            0.0198376077,            0.2368938295,            0.0021901105,            0.0000000000,            0.0000000000,          108.1652390928
          140.0000000000,            0.0271787954,            0.2732076289,            0.0029831061,            0.0000000000,            0.0000000000,           91.5849528934
          150.0000000000,            0.0364614271,            0.3140542779,            0.0039827841,            0.0000000000,            0.0000000000,           78.8529497940
          160.0000000000,            0.0479909261,            0.3597464090,            0.0052221601,            0.0000000000,            0.0000000000,           68.8884297046
          170.0000000000,            0.0620657151,            0.4105161803,            0.0067334334,            0.0000000000,            0.0000000000,           60.9668438487
          180.0000000000,            0.0789604982,            0.4664978567,            0.0085458024,            0.0000000000,            0.0000000000,           54.5879527493
          190.0000000000,            0.0989091730,            0.5277147821,            0.0106831947,            0.0000000000,            0.0000000000,           49.3967205445
          200.0000000000,            0.1220892427,            0.5940719055,            0.0131621879,            0.0000000000,            0.0000000000,           45.1347383717
          210.0000000000,            0.1486093730,            0.6653544867,            0.0159903627,            0.0000000000,            0.0000000000,           41.6097183817
          220.0000000000,            0.1785012548,            0.7412330019,            0.0191652544,            0.0000000000,            0.0000000000,           38.6758760321
          230.0000000000,            0.2117163262,            0.8212736965,            0.0226739784,            0.0000000000,            0.0000000000,           36.2209790526
          240.0000000000,            0.2481273081,            0.9049537755,            0.0264935183,            0.0000000000,            0.0000000000,           34.1575537123
          250.0000000000,            0.2875340181,            0.9916799243,            0.0305915963,            0.0000000000,            0.0000000000,           32.4167433335
          260.0000000000,            0.3296725937,            1.0808087341,            0.0349280001,            0.0000000000,            0.0000000000,           30.9439055358
          270.0000000000,            0.3742270918,            1.1716676532,            0.0394562221,            0.0000000000,            0.0000000000,           29.6953836656
          280.0000000000,            0.4208424096,            1.2635752443,            0.0441252641,            0.0000000000,            0.0000000000,           28.6360947921
          290.0000000000,            0.4691375658,            1.3558597776,            0.0488814766,            0.0000000000,            0.0000000000,           27.7377008763
          300.0000000000,            0.5187185369,            1.4478754568,            0.0536703269,            0.0000000000,            0.0000000000,           26.9772058691
          350.0000000000,            0.7725598939,            1.8845789732,            0.0763185905,            0.0000000000,            0.0000000000,           24.6935767788
          400.0000000000,            1.0079641266,            2.2481354368,            0.0932772948,            0.0000000000,            0.0000000000,           24.1016363332
          450.0000000000,            1.2024370273,            2.5205823625,            0.1023321652,            0.0000000000,            0.0000000000,           24.6313791614
          500.0000000000,            1.3510563627,            2.7088527199,            0.1040206971,            0.0000000000,            0.0000000000,           26.0414782335
          550.0000000000,            1.4589964150,            2.8304618921,            0.1003480089,            0.0000000000,            0.0000000000,           28.2064579396
          600.0000000000,            1.5349921111,            2.9040010967,            0.0936155883,            0.0000000000,            0.0000000000,           31.0204865272
          650.0000000000,            1.5876315163,            2.9449111200,            0.0857363198,            0.0000000000,            0.0000000000,           34.3484666331
          700.0000000000,            1.6238923400,            2.9645375357,            0.0779971902,            0.0000000000,            0.0000000000,           38.0082606698
          750.0000000000,            1.6489140054,            2.9706424558,            0.0710979865,            0.0000000000,            0.0000000000,           41.7823711016
          800.0000000000,            1.6662762556,            2.9683118643,            0.0653053171,            0.0000000000,            0.0000000000,           45.4528359178
          850.0000000000,            1.6783962397,            2.9607957164,            0.0606194642,            0.0000000000,            0.0000000000,           48.8423274261
          900.0000000000,            1.6868832262,            2.9501451106,            0.0569070467,            0.0000000000,            0.0000000000,           51.8414727666
          950.0000000000,            1.6928070515,            2.9376502757,            0.0539886047,            0.0000000000,            0.0000000000,           54.4124133823
         1000.0000000000,            1.6968848573,            2.9241253272,            0.0516876587,            0.0000000000,            0.0000000000,           56.5729886078
         1050.0000000000,            1.6996049277,            2.9100875435,            0.0498529742,            0.0000000000,            0.0000000000,           58.3733988364
         1100.0000000000,            1.7013066415,            2.8958683428,            0.0483648382,            0.0000000000,            0.0000000000,           59.8754890949
         1150.0000000000,            1.7022314320,            2.8816815756,            0.0471331994,            0.0000000000,            0.0000000000,           61.1391039718
         1200.0000000000,            1.7025551927,            2.8676656525,            0.0460925586,            0.0000000000,            0.0000000000,           62.2153714568
         1250.0000000000,            1.7024090052,            2.8539097666,            0.0451962675,            0.0000000000,            0.0000000000,           63.1448109047
