            1.7150092563,            0.0000000000,            0.0000007374,            0.0000000000,    481361277.8295367360
            5.7196023531,            0.0000000000,            0.0000024593,            0.0000000000,       597519.2944929239
            9.6463787137,            0.0000000003,            0.0000041480,            0.0000000000,       120151.4164136664
           13.4388165048,            0.0000000011,            0.0000057795,            0.0000000001,        44212.0057519520
           17.1308647092,            0.0000000029,            0.0000073690,            0.0000000003,        21317.8739312196
           20.7455883720,            0.0000000062,            0.0000089270,            0.0000000007,        12000.8316449458
           24.2981207955,            0.0000000117,            0.0000104605,            0.0000000014,         7470.8485141934
           27.7989196511,            0.0000000201,            0.0000119748,            0.0000000024,         4991.4020852312
           31.2555749557,            0.0000000321,            0.0000134740,            0.0000000038,         3514.2886460745
           34.6738189428,            0.0000000487,            0.0000149614,            0.0000000058,         2576.4216710925
           38.0581206595,            0.0000000706,            0.0000164399,            0.0000000084,         1950.6090258090
           41.4120549755,            0.0000000990,            0.0000179120,            0.0000000118,         1516.0476700633
           44.7385423445,            0.0000001349,            0.0000193801,            0.0000000161,         1204.2677339566
           48.0400107784,            0.0000001794,            0.0000208463,            0.0000000214,          974.3908063795
           51.3185089475,            0.0000002336,            0.0000223126,            0.0000000279,          800.9350180149
           54.5757874123,            0.0000002988,            0.0000237812,            0.0000000356,          667.4267714977
           57.8133583989,            0.0000003763,            0.0000252539,            0.0000000449,          562.8789897254
           61.0325407197,            0.0000004675,            0.0000267327,            0.0000000557,          479.7634306089
           64.2344941598,            0.0000005736,            0.0000282194,            0.0000000684,          412.7986885338
           67.4202462269,            0.0000006962,            0.0000297161,            0.0000000830,          358.2017337649
           70.5907132653,            0.0000008368,            0.0000312245,            0.0000000997,          313.2122581642
           73.7467173338,            0.0000009968,            0.0000327466,            0.0000001187,          275.7826086450
           76.8889998565,            0.0000011780,            0.0000342844,            0.0000001403,          244.3710230871
           80.0182327774,            0.0000013820,            0.0000358398,            0.0000001646,          217.8009121878
           83.1350277628,            0.0000016103,            0.0000374147,            0.0000001917,          195.1633100621
           86.2399438582,            0.0000018649,            0.0000390112,            0.0000002220,          175.7481100541
           89.3334939097,            0.0000021475,            0.0000406313,            0.0000002556,          158.9948466369
           92.4161499892,            0.0000024599,            0.0000422770,            0.0000002927,          144.4569718377
           95.4883480070,            0.0000028040,            0.0000439504,            0.0000003335,          131.7755911064
           98.5504916594,            0.0000031817,            0.0000456537,            0.0000003784,          120.6599236496
          101.6029558251,            0.0000035950,            0.0000473889,            0.0000004274,          110.8726052683
          104.6460895041,            0.0000040459,            0.0000491583,            0.0000004809,          102.2185204942
          107.6802183726,            0.0000045365,            0.0000509641,            0.0000005391,           94.5362357495
          110.7056470146,            0.0000050689,            0.0000528085,            0.0000006022,           87.6913694054
          113.7226608793,            0.0000056452,            0.0000546938,            0.0000006705,           81.5714182320
          116.7315280057,            0.0000062676,            0.0000566223,            0.0000007442,           76.0816889155
          119.7325005466,            0.0000069384,            0.0000585964,            0.0000008237,           71.1420752337
          122.7258161220,            0.0000076598,            0.0000606185,            0.0000009090,           66.6844875734
          125.7116990231,            0.0000084341,            0.0000626909,            0.0000010006,           62.6507894671
          128.6903612884,            0.0000092637,            0.0000648162,            0.0000010987,           58.9911310131
          131.6620036675,            0.0000101510,            0.0000669968,            0.0000012036,           55.6625950586
          134.6268164869,            0.0000110984,            0.0000692353,            0.0000013156,           52.6280914258
          137.5849804309,            0.0000121083,            0.0000715342,            0.0000014348,           49.8554490428
          140.5366672454,            0.0000131834,            0.0000738961,            0.0000015617,           47.3166668811
          143.4820403774,            0.0000143262,            0.0000763237,            0.0000016966,           44.9872930202
          146.4212555530,            0.0000155392,            0.0000788197,            0.0000018396,           42.8459076220
          149.3544613053,            0.0000168251,            0.0000813867,            0.0000019912,           40.8736905923
          152.2817994543,            0.0000181866,            0.0000840275,            0.0000021516,           39.0540585880
          155.2034055461,            0.0000196264,            0.0000867449,            0.0000023211,           37.3723590615
          158.1194092542,            0.0000211472,            0.0000895418,            0.0000025001,           35.8156114232
          161.0299347480,            0.0000227519,            0.0000924208,            0.0000026888,           34.3722872850
          163.9351010314,            0.0000244432,            0.0000953851,            0.0000028876,           33.0321232498
          166.8350222536,            0.0000262240,            0.0000984375,            0.0000030969,           31.7859609027
          169.7298079969,            0.0000280973,            0.0001015809,            0.0000033169,           30.6256096249
          172.6195635409,            0.0000300660,            0.0001048183,            0.0000035479,           29.5437286182
          175.5043901083,            0.0000321330,            0.0001081529,            0.0000037904,           28.5337251567
          178.3843850910,            0.0000343014,            0.0001115876,            0.0000040445,           27.5896665884
          181.2596422611,            0.0000365742,            0.0001151256,            0.0000043108,           26.7062040244
          184.1302519660,            0.0000389546,            0.0001187700,            0.0000045895,           25.8785059918
          186.9963013102,            0.0000414457,            0.0001225241,            0.0000048810,           25.1022006052
          189.8578743242,            0.0000440506,            0.0001263909,            0.0000051856,           24.3733250417
          192.7150521223,            0.0000467725,            0.0001303738,            0.0000055037,           23.6882812949
          195.5679130498,            0.0000496147,            0.0001344761,            0.0000058357,           23.0437973393
          198.4165328203,            0.0000525805,            0.0001387011,            0.0000061818,           22.4368929705
          201.2609846443,            0.0000556732,            0.0001430521,            0.0000065426,           21.8648496947
          204.1013393496,            0.0000588961,            0.0001475325,            0.0000069182,           21.3251841333
          206.9376654943,            0.0000622526,            0.0001521458,            0.0000073092,           20.8156244864
          209.7700294725,            0.0000657462,            0.0001568955,            0.0000077159,           20.3340896637
          212.5984956135,            0.0000693803,            0.0001617850,            0.0000081386,           19.8786707454
          215.4231262760,            0.0000731584,            0.0001668179,            0.0000085778,           19.4476144850
          218.2439819353,            0.0000770841,            0.0001719977,            0.0000090338,           19.0393086015
          221.0611212665,            0.0000811609,            0.0001773281,            0.0000095071,           18.6522686472
          223.8746012227,            0.0000853925,            0.0001828126,            0.0000099979,           18.2851262610
          226.6844771084,            0.0000897824,            0.0001884551,            0.0000105067,           17.9366186451
          229.4908026491,            0.0000943344,            0.0001942592,            0.0000110340,           17.6055791237
          232.2936300571,            0.0000990522,            0.0002002285,            0.0000115800,           17.2909286583
          235.0930100936,            0.0001039395,            0.0002063671,            0.0000121452,           16.9916682132
          237.8889921276,            0.0001090001,            0.0002126785,            0.0000127300,           16.7068718744
          240.6816241914,            0.0001142378,            0.0002191668,            0.0000133348,           16.4356806410
          243.4709530334,            0.0001196566,            0.0002258358,            0.0000139600,           16.1772968136
          246.2570241684,            0.0001252602,            0.0002326893,            0.0000146061,           15.9309789172
          249.0398819248,            0.0001310527,            0.0002397315,            0.0000152734,           15.6960371019
          251.8195694897,            0.0001370379,            0.0002469662,            0.0000159623,           15.4718289698
          254.5961289520,            0.0001432199,            0.0002543975,            0.0000166733,           15.2577557851
          257.3696013426,            0.0001496028,            0.0002620295,            0.0000174068,           15.0532590283
          260.1400266739,            0.0001561906,            0.0002698663,            0.0000181633,           14.8578172589
          262.9074439757,            0.0001629873,            0.0002779119,            0.0000189430,           14.6709432560
          265.6718913310,            0.0001699973,            0.0002861706,            0.0000197466,           14.4921814092
          268.4334059092,            0.0001772245,            0.0002946466,            0.0000205743,           14.3211053365
          271.1920239976,            0.0001846733,            0.0003033441,            0.0000214267,           14.1573157046
          273.9477810323,            0.0001923478,            0.0003122673,            0.0000223041,           14.0004382351
          276.7007116266,            0.0002002524,            0.0003214207,            0.0000232071,           13.8501218772
          279.4508495987,            0.0002083914,            0.0003308084,            0.0000241360,           13.7060371320
          282.1982279981,            0.0002167692,            0.0003404350,            0.0000250913,           13.5678745139
          284.9428791306,            0.0002253900,            0.0003503048,            0.0000260734,           13.4353431374
          287.6848345820,            0.0002342584,            0.0003604222,            0.0000270828,           13.3081694165
          290.4241252412,            0.0002433788,            0.0003707918,            0.0000281199,           13.1860958685
          293.1607813219,            0.0002527556,            0.0003814180,            0.0000291852,           13.0688800108
          295.8948323829,            0.0002623935,            0.0003923054,            0.0000302791,           12.9562933441
          298.6263073484,            0.0002722969,            0.0004034586,            0.0000314021,           12.8481204140
          301.3552345264,            0.0002824704,            0.0004148821,            0.0000325547,           12.7441579439
          304.0816416268,            0.0002929188,            0.0004265807,            0.0000337372,           12.6442140336
          306.8055557784,            0.0003036465,            0.0004385589,            0.0000349502,           12.5481074175
          309.5270035449,            0.0003146584,            0.0004508216,            0.0000361941,           12.4556667785
          312.2460109406,            0.0003259591,            0.0004633734,            0.0000374694,           12.3667301110
          314.9626034445,            0.0003375534,            0.0004762192,            0.0000387765,           12.2811441310
          317.6768060145,            0.0003494461,            0.0004893637,            0.0000401158,           12.1987637291
          320.3886431005,            0.0003616420,            0.0005028118,            0.0000414880,           12.1194514608
          323.0981386563,            0.0003741459,            0.0005165683,            0.0000428934,           12.0430770747
          325.8053161515,            0.0003869628,            0.0005306382,            0.0000443325,           11.9695170724
          328.5101985822,            0.0004000975,            0.0005450263,            0.0000458057,           11.8986542994
          331.2128084817,            0.0004135550,            0.0005597377,            0.0000473136,           11.8303775642
          333.9131679294,            0.0004273402,            0.0005747773,            0.0000488566,           11.7645812828
          336.6112985601,            0.0004414582,            0.0005901501,            0.0000504352,           11.7011651478
          339.3072215721,            0.0004559139,            0.0006058612,            0.0000520498,           11.6400338194
          342.0009577350,            0.0004707125,            0.0006219157,            0.0000537009,           11.5810966365
          344.6925273963,            0.0004858590,            0.0006383187,            0.0000553891,           11.5242673473
          347.3819504883,            0.0005013585,            0.0006550752,            0.0000571147,           11.4694638573
          350.0692465333,            0.0005172162,            0.0006721905,            0.0000588783,           11.4166079934
          352.7544346494,            0.0005334372,            0.0006896697,            0.0000606803,           11.3656252834
          355.4375335547,            0.0005500267,            0.0007075180,            0.0000625212,           11.3164447490
          358.1185615713,            0.0005669898,            0.0007257407,            0.0000644015,           11.2689987126
          360.7975366291,            0.0005843319,            0.0007443429,            0.0000663217,           11.2232226155
          363.4744762686,            0.0006020582,            0.0007633300,            0.0000682822,           11.1790548475
          366.1493976432,            0.0006201739,            0.0007827072,            0.0000702834,           11.1364365874
          368.8223175211,            0.0006386844,            0.0008024798,            0.0000723260,           11.0953116530
          371.4932522869,            0.0006575948,            0.0008226531,            0.0000744104,           11.0556263596
          374.1622179421,            0.0006769106,            0.0008432326,            0.0000765369,           11.0173293881
          376.8292301057,            0.0006966371,            0.0008642234,            0.0000787062,           10.9803716603
          379.4943040145,            0.0007167796,            0.0008856310,            0.0000809187,           10.9447062214
          382.1574545215,            0.0007373434,            0.0009074608,            0.0000831748,           10.9102881302
          384.8186960962,            0.0007583340,            0.0009297181,            0.0000854750,           10.8770743548
          387.4780428223,            0.0007797567,            0.0009524083,            0.0000878198,           10.8450236753
          390.1355083961,            0.0008016169,            0.0009755369,            0.0000902097,           10.8140965911
          392.7911061245,            0.0008239199,            0.0009991091,            0.0000926452,           10.7842552345
          395.4448489222,            0.0008466712,            0.0010231305,            0.0000951266,           10.7554632884
          398.0967493090,            0.0008698762,            0.0010476063,            0.0000976545,           10.7276859093
          400.7468194062,            0.0008935402,            0.0010725421,            0.0001002292,           10.7008896544
          403.3950709331,            0.0009176686,            0.0010979432,            0.0001028514,           10.6750424123
          406.0415152033,            0.0009422668,            0.0011238150,            0.0001055214,           10.6501133386
          408.6861631204,            0.0009673402,            0.0011501629,            0.0001082397,           10.6260727940
          411.3290251735,            0.0009928941,            0.0011769923,            0.0001110067,           10.6028922866
          413.9701114325,            0.0010189340,            0.0012043086,            0.0001138229,           10.5805444168
          416.6094315433,            0.0010454651,            0.0012321170,            0.0001166888,           10.5590028256
          419.2469947227,            0.0010724927,            0.0012604230,            0.0001196047,           10.5382421454
          421.8828097532,            0.0011000223,            0.0012892318,            0.0001225711,           10.5182379540
          424.5168849772,            0.0011280590,            0.0013185487,            0.0001255884,           10.4989667299
          427.1492282919,            0.0011566081,            0.0013483791,            0.0001286572,           10.4804058117
          429.7798471435,            0.0011856749,            0.0013787282,            0.0001317777,           10.4625333579
          432.4087485213,            0.0012152646,            0.0014096012,            0.0001349504,           10.4453283103
          435.0359389519,            0.0012453824,            0.0014410033,            0.0001381758,           10.4287703583
          437.6614244936,            0.0012760335,            0.0014729397,            0.0001414542,           10.4128399056
          440.2852107301,            0.0013072228,            0.0015054155,            0.0001447860,           10.3975180384
          442.9073027649,            0.0013389556,            0.0015384358,            0.0001481718,           10.3827864955
          445.5277052154,            0.0013712369,            0.0015720056,            0.0001516117,           10.3686276399
          448.1464222069,            0.0014040717,            0.0016061300,            0.0001551063,           10.3550244313
          450.7634573670,            0.0014374649,            0.0016408138,            0.0001586560,           10.3419604012
          453.3788138197,            0.0014714215,            0.0016760622,            0.0001622610,           10.3294196280
          455.9924941801,            0.0015059463,            0.0017118798,            0.0001659218,           10.3173867142
          458.6045005488,            0.0015410441,            0.0017482715,            0.0001696388,           10.3058467645
          461.2148345064,            0.0015767197,            0.0017852422,            0.0001734123,           10.2947853648
          463.8234971084,            0.0016129778,            0.0018227964,            0.0001772426,           10.2841885628
          466.4304888805,            0.0016498230,            0.0018609388,            0.0001811301,           10.2740428489
          469.0358098135,            0.0016872598,            0.0018996741,            0.0001850752,           10.2643351386
          471.6394593584,            0.0017252929,            0.0019390067,            0.0001890782,           10.2550527555
          474.2414364228,            0.0017639267,            0.0019789411,            0.0001931393,           10.2461834153
          476.8417393662,            0.0018031655,            0.0020194816,            0.0001972590,           10.2377152103
          479.4403659962,            0.0018430136,            0.0020606326,            0.0002014375,           10.2296365948
          482.0373135647,            0.0018834753,            0.0021023983,            0.0002056752,           10.2219363716
          484.6325787653,            0.0019245547,            0.0021447829,            0.0002099722,           10.2146036786
          487.2261577292,            0.0019662559,            0.0021877904,            0.0002143290,           10.2076279761
          489.8180460233,            0.0020085829,            0.0022314248,            0.0002187457,           10.2009990352
          492.4082386474,            0.0020515396,            0.0022756901,            0.0002232227,           10.1947069261
          494.9967300321,            0.0020951299,            0.0023205901,            0.0002277602,           10.1887420075
          497.5835140370,            0.0021393575,            0.0023661285,            0.0002323585,           10.1830949160
          500.1685839493,            0.0021842259,            0.0024123089,            0.0002370177,           10.1777565566
          502.7519324829,            0.0022297389,            0.0024591350,            0.0002417382,           10.1727180929
          505.3335517774,            0.0022758999,            0.0025066102,            0.0002465202,           10.1679709386
          507.9134333978,            0.0023227122,            0.0025547378,            0.0002513638,           10.1635067485
          510.4915683343,            0.0023701791,            0.0026035212,            0.0002562693,           10.1593174105
          513.0679470031,            0.0024183037,            0.0026529635,            0.0002612369,           10.1553950380
          515.6425592468,            0.0024670893,            0.0027030678,            0.0002662667,           10.1517319619
          518.2153943353,            0.0025165387,            0.0027538371,            0.0002713589,           10.1483207243
          520.7864409678,            0.0025666548,            0.0028052741,            0.0002765137,           10.1451540707
          523.3556872742,            0.0026174404,            0.0028573818,            0.0002817313,           10.1422249443
          525.9231208174,            0.0026688981,            0.0029101627,            0.0002870117,           10.1395264793
          528.4887285961,            0.0027210305,            0.0029636193,            0.0002923551,           10.1370519951
          531.0524970475,            0.0027738401,            0.0030177542,            0.0002977617,           10.1347949905
          533.6144120509,            0.0028273291,            0.0030725696,            0.0003032316,           10.1327491380
          536.1744589311,            0.0028814998,            0.0031280678,            0.0003087648,           10.1309082791
          538.7326224627,            0.0029363542,            0.0031842508,            0.0003143614,           10.1292664185
          541.2888868745,            0.0029918945,            0.0032411207,            0.0003200216,           10.1278177200
          543.8432358543,            0.0030481224,            0.0032986792,            0.0003257454,           10.1265565012
          546.3956525539,            0.0031050397,            0.0033569282,            0.0003315328,           10.1254772292
          548.9461195948,            0.0031626481,            0.0034158693,            0.0003373840,           10.1245745167
          551.4946190739,            0.0032209491,            0.0034755040,            0.0003432989,           10.1238431172
          554.0411325698,            0.0032799441,            0.0035358336,            0.0003492775,           10.1232779215
          556.5856411492,            0.0033396344,            0.0035968596,            0.0003553200,           10.1228739536
          559.1281253737,            0.0034000212,            0.0036585830,            0.0003614263,           10.1226263670
          561.6685653069,            0.0034611054,            0.0037210049,            0.0003675963,           10.1225304415
          564.2069405223,            0.0035228882,            0.0037841262,            0.0003738301,           10.1225815792
          566.7432301104,            0.0035853702,            0.0038479476,            0.0003801277,           10.1227753015
          569.2774126869,            0.0036485521,            0.0039124700,            0.0003864890,           10.1231072458
          571.8094664013,            0.0037124346,            0.0039776938,            0.0003929140,           10.1235731626
          574.3393689454,            0.0037770180,            0.0040436194,            0.0003994026,           10.1241689122
          576.8670975619,            0.0038423028,            0.0041102472,            0.0004059547,           10.1248904619
          579.3926290535,            0.0039082890,            0.0041775774,            0.0004125703,           10.1257338833
          581.9159397926,            0.0039749769,            0.0042456100,            0.0004192493,           10.1266953497
          584.4370057305,            0.0040423664,            0.0043143451,            0.0004259916,           10.1277711329
          586.9558024074,            0.0041104572,            0.0043837823,            0.0004327970,           10.1289576015
          589.4723049623,            0.0041792492,            0.0044539215,            0.0004396655,           10.1302512178
          591.9864881431,            0.0042487420,            0.0045247622,            0.0004465968,           10.1316485355
          594.4983263173,            0.0043189350,            0.0045963039,            0.0004535910,           10.1331461976
          597.0077934820,            0.0043898276,            0.0046685459,            0.0004606478,           10.1347409341
          599.5148632753,            0.0044614191,            0.0047414875,            0.0004677670,           10.1364295598
          602.0195089868,            0.0045337086,            0.0048151278,            0.0004749486,           10.1382089718
          604.5217035686,            0.0046066951,            0.0048894658,            0.0004821922,           10.1400761481
          607.0214196465,            0.0046803775,            0.0049645003,            0.0004894978,           10.1420281451
          609.5186295315,            0.0047547547,            0.0050402302,            0.0004968651,           10.1440620960
          612.0133052310,            0.0048298252,            0.0051166541,            0.0005042939,           10.1461752085
          614.5054184603,            0.0049055876,            0.0051937705,            0.0005117840,           10.1483647634
          616.9949406542,            0.0049820405,            0.0052715778,            0.0005193351,           10.1506281125
          619.4818429789,            0.0050591820,            0.0053500744,            0.0005269471,           10.1529626768
          621.9660963433,            0.0051370106,            0.0054292585,            0.0005346197,           10.1553659452
          624.4476714113,            0.0052155241,            0.0055091281,            0.0005423526,           10.1578354725
          626.9265386134,            0.0052947208,            0.0055896812,            0.0005501455,           10.1603688778
          629.4026681584,            0.0053745984,            0.0056709158,            0.0005579982,           10.1629638431
          631.8760300458,            0.0054551548,            0.0057528296,            0.0005659105,           10.1656181117
          634.3465940775,            0.0055363877,            0.0058354202,            0.0005738819,           10.1683294866
          636.8143298696,            0.0056182946,            0.0059186852,            0.0005819122,           10.1710958292
          639.2792068646,            0.0057008730,            0.0060026221,            0.0005900012,           10.1739150578
          641.7411943433,            0.0057841203,            0.0060872283,            0.0005981484,           10.1767851462
          644.2002614367,            0.0058680339,            0.0061725009,            0.0006063537,           10.1797041223
          646.6563771379,            0.0059526108,            0.0062584372,            0.0006146165,           10.1826700671
          649.1095103139,            0.0060378482,            0.0063450342,            0.0006229367,           10.1856811130
          651.5596297178,            0.0061237431,            0.0064322889,            0.0006313138,           10.1887354427
          654.0067039999,            0.0062102923,            0.0065201982,            0.0006397475,           10.1918312880
          656.4507017203,            0.0062974928,            0.0066087588,            0.0006482374,           10.1949669287
          658.8915913598,            0.0063853412,            0.0066979675,            0.0006567832,           10.1981406913
          661.3293413318,            0.0064738341,            0.0067878208,            0.0006653845,           10.2013509478
          663.7639199937,            0.0065629681,            0.0068783153,            0.0006740409,           10.2045961147
          666.1952956587,            0.0066527397,            0.0069694474,            0.0006827521,           10.2078746519
          668.6234366065,            0.0067431452,            0.0070612135,            0.0006915175,           10.2111850617
          671.0483110949,            0.0068341809,            0.0071536099,            0.0007003369,           10.2145258877
          673.4698873710,            0.0069258431,            0.0072466326,            0.0007092099,           10.2178957136
          675.8881336818,            0.0070181279,            0.0073402779,            0.0007181359,           10.2212931625
          678.3030182855,            0.0071110313,            0.0074345417,            0.0007271147,           10.2247168959
          680.7145094619,            0.0072045493,            0.0075294201,            0.0007361457,           10.2281656126
          683.1225755234,            0.0072986779,            0.0076249089,            0.0007452286,           10.2316380478
          685.5271848249,            0.0073934129,            0.0077210038,            0.0007543628,           10.2351329723
          687.9283057751,            0.0074887500,            0.0078177008,            0.0007635481,           10.2386491917
          690.3259068455,            0.0075846850,            0.0079149954,            0.0007727838,           10.2421855452
          692.7199565814,            0.0076812135,            0.0080128832,            0.0007820697,           10.2457409051
          695.1104236116,            0.0077783311,            0.0081113598,            0.0007914051,           10.2493141759
          697.4972766577,            0.0078760333,            0.0082104207,            0.0008007898,           10.2529042933
          699.8804845441,            0.0079743154,            0.0083100613,            0.0008102231,           10.2565102237
          702.2600162075,            0.0080731730,            0.0084102770,            0.0008197046,           10.2601309634
          704.6358407057,            0.0081726014,            0.0085110630,            0.0008292340,           10.2637655374
          707.0079272272,            0.0082725958,            0.0086124146,            0.0008388106,           10.2674129995
          709.3762450997,            0.0083731514,            0.0087143270,            0.0008484340,           10.2710724307
          711.7407637990,            0.0084742635,            0.0088167953,            0.0008581037,           10.2747429392
          714.1014529577,            0.0085759271,            0.0089198147,            0.0008678193,           10.2784236594
          716.4582823732,            0.0086781374,            0.0090233802,            0.0008775803,           10.2821137511
          718.8112220163,            0.0087808892,            0.0091274867,            0.0008873861,           10.2858123992
          721.1602420391,            0.0088841777,            0.0092321293,            0.0008972363,           10.2895188128
          723.5053127825,            0.0089879978,            0.0093373028,            0.0009071303,           10.2932322249
          725.8464047843,            0.0090923443,            0.0094430021,            0.0009170677,           10.2969518912
          728.1834887866,            0.0091972122,            0.0095492221,            0.0009270480,           10.3006770902
          730.5165357426,            0.0093025961,            0.0096559574,            0.0009370706,           10.3044071222
          732.8455168244,            0.0094084910,            0.0097632029,            0.0009471351,           10.3081413088
          735.1704034291,            0.0095148915,            0.0098709533,            0.0009572410,           10.3118789924
          737.4911671862,            0.0096217924,            0.0099792033,            0.0009673877,           10.3156195357
          739.8077799639,            0.0097291883,            0.0100879475,            0.0009775747,           10.3193623211
          742.1202138750,            0.0098370739,            0.0101971806,            0.0009878015,           10.3231067503
          744.4284412837,            0.0099454438,            0.0103068970,            0.0009980676,           10.3268522436
          746.7324348112,            0.0100542927,            0.0104170915,            0.0010083725,           10.3305982397
          749.0321673412,            0.0101636150,            0.0105277586,            0.0010187157,           10.3343441949
          751.3276120260,            0.0102734054,            0.0106388927,            0.0010290966,           10.3380895829
          753.6187422917,            0.0103836583,            0.0107504883,            0.0010395147,           10.3418338941
          755.9055318432,            0.0104943682,            0.0108625400,            0.0010499695,           10.3455766355
          758.1879546692,            0.0106055297,            0.0109750422,            0.0010604605,           10.3493173300
          760.4659850473,            0.0107171372,            0.0110879894,            0.0010709871,           10.3530555160
          762.7395975485,            0.0108291852,            0.0112013759,            0.0010815489,           10.3567907471
          765.0087670416,            0.0109416681,            0.0113151961,            0.0010921453,           10.3605225915
          767.2734686976,            0.0110545802,            0.0114294446,            0.0011027758,           10.3642506320
          769.5336779935,            0.0111679162,            0.0115441156,            0.0011134398,           10.3679744650
          771.7893707166,            0.0112816702,            0.0116592035,            0.0011241369,           10.3716937009
          774.0405229680,            0.0113958367,            0.0117747027,            0.0011348665,           10.3754079631
          776.2871111663,            0.0115104102,            0.0118906075,            0.0011456281,           10.3791168879
          778.5291120507,            0.0116253849,            0.0120069124,            0.0011564211,           10.3828201240
          780.7665026847,            0.0117407553,            0.0121236116,            0.0011672451,           10.3865173326
          782.9992604586,            0.0118565158,            0.0122406995,            0.0011780995,           10.3902081866
          785.2273630930,            0.0119726606,            0.0123581704,            0.0011889839,           10.3938923703
          787.4507886409,            0.0120891841,            0.0124760187,            0.0011998976,           10.3975695794
          789.6695154906,            0.0122060808,            0.0125942388,            0.0012108402,           10.4012395206
          791.8835223680,            0.0123233450,            0.0127128248,            0.0012218111,           10.4049019110
          794.0927883390,            0.0124409710,            0.0128317713,            0.0012328099,           10.4085564781
          796.2972928112,            0.0125589533,            0.0129510725,            0.0012438360,           10.4122029596
          798.4970155362,            0.0126772861,            0.0130707229,            0.0012548888,           10.4158411028
          800.6919366112,            0.0127959640,            0.0131907166,            0.0012659680,           10.4194706647
