            1.7150092563,            0.0000000000,            0.0000000071,            0.0000000000,619262839511993858305867093377024.0000000000
            5.7196023531,            0.0000000000,            0.0000000236,            0.0000000000,  14350024046.8895835876
            9.6463787137,            0.0000000000,            0.0000000397,            0.0000000000,     98908402.8421584517
           13.4388165048,            0.0000000000,            0.0000000554,            0.0000000000,     16061787.4201987218
           17.1308647092,            0.0000000000,            0.0000000706,            0.0000000000,      5925650.1291485494
           20.7455883720,            0.0000000000,            0.0000000854,            0.0000000000,      3011506.9342254838
           24.2981207955,            0.0000000000,            0.0000001001,            0.0000000000,      1794779.0051350556
           27.7989196511,            0.0000000000,            0.0000001145,            0.0000000000,      1174894.1559112044
           31.2555749557,            0.0000000000,            0.0000001287,            0.0000000000,       818559.5521661383
           34.6738189428,            0.0000000000,            0.0000001428,            0.0000000000,       596504.9398697839
           38.0581206595,            0.0000000000,            0.0000001568,            0.0000000000,       449847.0160286232
           41.4120549755,            0.0000000000,            0.0000001706,            0.0000000000,       348604.9234760184
           44.7385423445,            0.0000000000,            0.0000001843,            0.0000000000,       276221.4214757198
           48.0400107784,            0.0000000000,            0.0000001979,            0.0000000000,       222967.7897627636
           51.3185089475,            0.0000000000,            0.0000002114,            0.0000000000,       182840.1711458599
           54.5757874123,            0.0000000000,            0.0000002248,            0.0000000000,       151982.2526293318
           57.8133583989,            0.0000000000,            0.0000002381,            0.0000000000,       127833.0501263609
           61.0325407197,            0.0000000000,            0.0000002514,            0.0000000000,       108642.8637937650
           64.2344941598,            0.0000000000,            0.0000002646,            0.0000000000,        93186.6398246727
           67.4202462269,            0.0000000000,            0.0000002777,            0.0000000000,        80588.1073213066
           70.5907132653,            0.0000000000,            0.0000002908,            0.0000000000,        70208.5293498569
           73.7467173338,            0.0000000000,            0.0000003038,            0.0000000000,        61574.4224628486
           76.8889998565,            0.0000000000,            0.0000003167,            0.0000000000,        54329.4735602111
           80.0182327774,            0.0000000001,            0.0000003296,            0.0000000000,        48201.8740784772
           83.1350277628,            0.0000000001,            0.0000003425,            0.0000000000,        42981.7054023493
           86.2399438582,            0.0000000001,            0.0000003553,            0.0000000000,        38505.0135542219
           89.3334939097,            0.0000000001,            0.0000003680,            0.0000000000,        34642.4194316286
           92.4161499892,            0.0000000001,            0.0000003808,            0.0000000000,        31290.8568149366
           95.4883480070,            0.0000000001,            0.0000003934,            0.0000000000,        28367.5009572280
           98.5504916594,            0.0000000001,            0.0000004061,            0.0000000000,        25805.2533231786
          101.6029558251,            0.0000000001,            0.0000004186,            0.0000000000,        23549.3463459874
          104.6460895041,            0.0000000002,            0.0000004312,            0.0000000000,        21554.7641149006
          107.6802183726,            0.0000000002,            0.0000004437,            0.0000000000,        19784.2641753768
          110.7056470146,            0.0000000002,            0.0000004562,            0.0000000000,        18206.8468300729
          113.7226608793,            0.0000000002,            0.0000004687,            0.0000000000,        16796.5608452867
          116.7315280057,            0.0000000003,            0.0000004811,            0.0000000000,        15531.5643625980
          119.7325005466,            0.0000000003,            0.0000004935,            0.0000000000,        14393.3810760458
          122.7258161220,            0.0000000003,            0.0000005058,            0.0000000000,        13366.3070167702
          125.7116990231,            0.0000000003,            0.0000005182,            0.0000000000,        12436.9343812178
          128.6903612884,            0.0000000004,            0.0000005305,            0.0000000000,        11593.7669691162
          131.6620036675,            0.0000000004,            0.0000005427,            0.0000000001,        10826.9078082872
          134.6268164869,            0.0000000005,            0.0000005550,            0.0000000001,        10127.8040246535
          137.5849804309,            0.0000000005,            0.0000005672,            0.0000000001,         9489.0373831868
          140.5366672454,            0.0000000005,            0.0000005794,            0.0000000001,         8904.1514749210
          143.4820403774,            0.0000000006,            0.0000005916,            0.0000000001,         8367.5084689387
          146.4212555530,            0.0000000006,            0.0000006038,            0.0000000001,         7874.1698403162
          149.3544613053,            0.0000000007,            0.0000006159,            0.0000000001,         7419.7966377045
          152.2817994543,            0.0000000008,            0.0000006280,            0.0000000001,         7000.5657501741
          155.2034055461,            0.0000000008,            0.0000006401,            0.0000000001,         6613.0993334093
          158.1194092542,            0.0000000009,            0.0000006522,            0.0000000001,         6254.4051060048
          161.0299347480,            0.0000000009,            0.0000006642,            0.0000000001,         5921.8256618341
          163.9351010314,            0.0000000010,            0.0000006763,            0.0000000001,         5612.9952901684
          166.8350222536,            0.0000000011,            0.0000006883,            0.0000000001,         5325.8030711905
          169.7298079969,            0.0000000012,            0.0000007003,            0.0000000001,         5058.3612358488
          172.6195635409,            0.0000000012,            0.0000007123,            0.0000000001,         4808.9779572732
          175.5043901083,            0.0000000013,            0.0000007242,            0.0000000002,         4576.1338851958
          178.3843850910,            0.0000000014,            0.0000007362,            0.0000000002,         4358.4618519809
          181.2596422611,            0.0000000015,            0.0000007481,            0.0000000002,         4154.7292744216
          184.1302519660,            0.0000000016,            0.0000007601,            0.0000000002,         3963.8228536885
          186.9963013102,            0.0000000017,            0.0000007720,            0.0000000002,         3784.7352400985
          189.8578743242,            0.0000000018,            0.0000007839,            0.0000000002,         3616.5533823785
          192.7150521223,            0.0000000019,            0.0000007957,            0.0000000002,         3458.4483249609
          195.5679130498,            0.0000000020,            0.0000008076,            0.0000000002,         3309.6662532596
          198.4165328203,            0.0000000022,            0.0000008195,            0.0000000003,         3169.5206172012
          201.2609846443,            0.0000000023,            0.0000008313,            0.0000000003,         3037.3851886184
          204.1013393496,            0.0000000024,            0.0000008431,            0.0000000003,         2912.6879293417
          206.9376654943,            0.0000000026,            0.0000008550,            0.0000000003,         2794.9055646578
          209.7700294725,            0.0000000027,            0.0000008668,            0.0000000003,         2683.5587718358
          212.5984956135,            0.0000000029,            0.0000008786,            0.0000000003,         2578.2079061214
          215.4231262760,            0.0000000030,            0.0000008904,            0.0000000004,         2478.4491973528
          218.2439819353,            0.0000000032,            0.0000009022,            0.0000000004,         2383.9113594923
          221.0611212665,            0.0000000033,            0.0000009139,            0.0000000004,         2294.2525631433
          223.8746012227,            0.0000000035,            0.0000009257,            0.0000000004,         2209.1577277599
          226.6844771084,            0.0000000037,            0.0000009375,            0.0000000004,         2128.3360959342
          229.4908026491,            0.0000000039,            0.0000009492,            0.0000000005,         2051.5190570156
          232.2936300571,            0.0000000041,            0.0000009609,            0.0000000005,         1978.4581914941
          235.0930100936,            0.0000000043,            0.0000009727,            0.0000000005,         1908.9235111848
          237.8889921276,            0.0000000045,            0.0000009844,            0.0000000005,         1842.7018733548
          240.6816241914,            0.0000000047,            0.0000009961,            0.0000000006,         1779.5955496184
          243.4709530334,            0.0000000049,            0.0000010078,            0.0000000006,         1719.4209327563
          246.2570241684,            0.0000000051,            0.0000010195,            0.0000000006,         1662.0073666279
          249.0398819248,            0.0000000054,            0.0000010312,            0.0000000006,         1607.1960861077
          251.8195694897,            0.0000000056,            0.0000010429,            0.0000000007,         1554.8392554985
          254.5961289520,            0.0000000059,            0.0000010546,            0.0000000007,         1504.7990952146
          257.3696013426,            0.0000000061,            0.0000010663,            0.0000000007,         1456.9470876891
          260.1400266739,            0.0000000064,            0.0000010780,            0.0000000008,         1411.1632544837
          262.9074439757,            0.0000000067,            0.0000010897,            0.0000000008,         1367.3354974727
          265.6718913310,            0.0000000070,            0.0000011014,            0.0000000008,         1325.3589977598
          268.4334059092,            0.0000000073,            0.0000011130,            0.0000000009,         1285.1356666779
          271.1920239976,            0.0000000076,            0.0000011247,            0.0000000009,         1246.5736438319
          273.9477810323,            0.0000000079,            0.0000011364,            0.0000000009,         1209.5868376816
          276.7007116266,            0.0000000082,            0.0000011480,            0.0000000010,         1174.0945046371
          279.4508495987,            0.0000000085,            0.0000011597,            0.0000000010,         1140.0208630595
          282.1982279981,            0.0000000089,            0.0000011713,            0.0000000011,         1107.2947389333
          284.9428791306,            0.0000000092,            0.0000011830,            0.0000000011,         1075.8492403051
          287.6848345820,            0.0000000096,            0.0000011947,            0.0000000011,         1045.6214578786
          290.4241252412,            0.0000000099,            0.0000012063,            0.0000000012,         1016.5521894181
          293.1607813219,            0.0000000103,            0.0000012180,            0.0000000012,          988.5856858421
          295.8948323829,            0.0000000107,            0.0000012296,            0.0000000013,          961.6694170995
          298.6263073484,            0.0000000111,            0.0000012413,            0.0000000013,          935.7538561044
          301.3552345264,            0.0000000115,            0.0000012529,            0.0000000014,          910.7922791718
          304.0816416268,            0.0000000120,            0.0000012646,            0.0000000014,          886.7405815441
          306.8055557784,            0.0000000124,            0.0000012763,            0.0000000015,          863.5571067323
          309.5270035449,            0.0000000128,            0.0000012879,            0.0000000015,          841.2024885144
          312.2460109406,            0.0000000133,            0.0000012996,            0.0000000016,          819.6395045394
          314.9626034445,            0.0000000138,            0.0000013112,            0.0000000016,          798.8329405844
          317.6768060145,            0.0000000142,            0.0000013229,            0.0000000017,          778.7494645949
          320.3886431005,            0.0000000147,            0.0000013346,            0.0000000018,          759.3575097209
          323.0981386563,            0.0000000152,            0.0000013462,            0.0000000018,          740.6271656282
          325.8053161515,            0.0000000157,            0.0000013579,            0.0000000019,          722.5300774284
          328.5101985822,            0.0000000163,            0.0000013696,            0.0000000019,          705.0393516313
          331.2128084817,            0.0000000168,            0.0000013813,            0.0000000020,          688.1294685712
          333.9131679294,            0.0000000174,            0.0000013930,            0.0000000021,          671.7762008082
          336.6112985601,            0.0000000179,            0.0000014046,            0.0000000021,          655.9565370482
          339.3072215721,            0.0000000185,            0.0000014163,            0.0000000022,          640.6486111618
          342.0009577350,            0.0000000191,            0.0000014280,            0.0000000023,          625.8316359203
          344.6925273963,            0.0000000197,            0.0000014397,            0.0000000024,          611.4858410962
          347.3819504883,            0.0000000204,            0.0000014514,            0.0000000024,          597.5924156064
          350.0692465333,            0.0000000210,            0.0000014632,            0.0000000025,          584.1334534011
          352.7544346494,            0.0000000216,            0.0000014749,            0.0000000026,          571.0919028275
          355.4375335547,            0.0000000223,            0.0000014866,            0.0000000027,          558.4515192164
          358.1185615713,            0.0000000230,            0.0000014983,            0.0000000027,          546.1968204630
          360.7975366291,            0.0000000237,            0.0000015101,            0.0000000028,          534.3130453883
          363.4744762686,            0.0000000244,            0.0000015218,            0.0000000029,          522.7861146864
          366.1493976432,            0.0000000251,            0.0000015336,            0.0000000030,          511.6025942779
          368.8223175211,            0.0000000259,            0.0000015453,            0.0000000031,          500.7496609015
          371.4932522869,            0.0000000266,            0.0000015571,            0.0000000032,          490.2150697919
          374.1622179421,            0.0000000274,            0.0000015689,            0.0000000033,          479.9871243011
          376.8292301057,            0.0000000282,            0.0000015806,            0.0000000034,          470.0546473319
          379.4943040145,            0.0000000290,            0.0000015924,            0.0000000035,          460.4069544632
          382.1574545215,            0.0000000298,            0.0000016042,            0.0000000036,          451.0338286530
          384.8186960962,            0.0000000306,            0.0000016160,            0.0000000037,          441.9254964168
          387.4780428223,            0.0000000315,            0.0000016278,            0.0000000038,          433.0726053842
          390.1355083961,            0.0000000324,            0.0000016397,            0.0000000039,          424.4662031437
          392.7911061245,            0.0000000333,            0.0000016515,            0.0000000040,          416.0977172935
          395.4448489222,            0.0000000342,            0.0000016634,            0.0000000041,          407.9589366217
          398.0967493090,            0.0000000351,            0.0000016752,            0.0000000042,          400.0419933424
          400.7468194062,            0.0000000360,            0.0000016871,            0.0000000043,          392.3393463236
          403.3950709331,            0.0000000370,            0.0000016990,            0.0000000044,          384.8437652430
          406.0415152033,            0.0000000380,            0.0000017108,            0.0000000045,          377.5483156154
          408.6861631204,            0.0000000390,            0.0000017227,            0.0000000047,          370.4463446379
          411.3290251735,            0.0000000400,            0.0000017347,            0.0000000048,          363.5314678018
          413.9701114325,            0.0000000410,            0.0000017466,            0.0000000049,          356.7975562269
          416.6094315433,            0.0000000421,            0.0000017585,            0.0000000050,          350.2387246725
          419.2469947227,            0.0000000432,            0.0000017705,            0.0000000051,          343.8493201862
          421.8828097532,            0.0000000442,            0.0000017824,            0.0000000053,          337.6239113517
          424.5168849772,            0.0000000454,            0.0000017944,            0.0000000054,          331.5572781012
          427.1492282919,            0.0000000465,            0.0000018064,            0.0000000055,          325.6444020586
          429.7798471435,            0.0000000476,            0.0000018184,            0.0000000057,          319.8804573828
          432.4087485213,            0.0000000488,            0.0000018304,            0.0000000058,          314.2608020829
          435.0359389519,            0.0000000500,            0.0000018424,            0.0000000060,          308.7809697777
          437.6614244936,            0.0000000512,            0.0000018544,            0.0000000061,          303.4366618738
          440.2852107301,            0.0000000525,            0.0000018665,            0.0000000063,          298.2237401397
          442.9073027649,            0.0000000537,            0.0000018785,            0.0000000064,          293.1382196530
          445.5277052154,            0.0000000550,            0.0000018906,            0.0000000066,          288.1762621000
          448.1464222069,            0.0000000563,            0.0000019027,            0.0000000067,          283.3341694075
          450.7634573670,            0.0000000576,            0.0000019148,            0.0000000069,          278.6083776905
          453.3788138197,            0.0000000589,            0.0000019270,            0.0000000070,          273.9954514956
          455.9924941801,            0.0000000603,            0.0000019391,            0.0000000072,          269.4920783266
          458.6045005488,            0.0000000617,            0.0000019512,            0.0000000074,          265.0950634358
          461.2148345064,            0.0000000631,            0.0000019634,            0.0000000075,          260.8013248662
          463.8234971084,            0.0000000645,            0.0000019756,            0.0000000077,          256.6078887327
          466.4304888805,            0.0000000660,            0.0000019878,            0.0000000079,          252.5118847286
          469.0358098135,            0.0000000675,            0.0000020000,            0.0000000080,          248.5105418448
          471.6394593584,            0.0000000690,            0.0000020123,            0.0000000082,          244.6011842927
          474.2414364228,            0.0000000705,            0.0000020245,            0.0000000084,          240.7812276175
          476.8417393662,            0.0000000720,            0.0000020368,            0.0000000086,          237.0481749942
          479.4403659962,            0.0000000736,            0.0000020490,            0.0000000088,          233.3996136953
          482.0373135647,            0.0000000752,            0.0000020613,            0.0000000090,          229.8332117223
          484.6325787653,            0.0000000768,            0.0000020737,            0.0000000092,          226.3467145925
          487.2261577292,            0.0000000784,            0.0000020860,            0.0000000094,          222.9379422721
          489.8180460233,            0.0000000801,            0.0000020983,            0.0000000096,          219.6047862501
          492.4082386474,            0.0000000818,            0.0000021107,            0.0000000098,          216.3452067440
          494.9967300321,            0.0000000835,            0.0000021231,            0.0000000100,          213.1572300319
          497.5835140370,            0.0000000852,            0.0000021355,            0.0000000102,          210.0389459043
          500.1685839493,            0.0000000870,            0.0000021479,            0.0000000104,          206.9885052294
          502.7519324829,            0.0000000888,            0.0000021604,            0.0000000106,          204.0041176264
          505.3335517774,            0.0000000906,            0.0000021728,            0.0000000108,          201.0840492418
          507.9134333978,            0.0000000924,            0.0000021853,            0.0000000110,          198.2266206236
          510.4915683343,            0.0000000943,            0.0000021978,            0.0000000112,          195.4302046873
          513.0679470031,            0.0000000962,            0.0000022103,            0.0000000115,          192.6932247721
          515.6425592468,            0.0000000981,            0.0000022228,            0.0000000117,          190.0141527791
          518.2153943353,            0.0000001000,            0.0000022354,            0.0000000119,          187.3915073913
          520.7864409678,            0.0000001020,            0.0000022479,            0.0000000122,          184.8238523688
          523.3556872742,            0.0000001039,            0.0000022605,            0.0000000124,          182.3097949164
          525.9231208174,            0.0000001060,            0.0000022731,            0.0000000126,          179.8479841214
          528.4887285961,            0.0000001080,            0.0000022857,            0.0000000129,          177.4371094557
          531.0524970475,            0.0000001101,            0.0000022983,            0.0000000131,          175.0758993414
          533.6144120509,            0.0000001121,            0.0000023110,            0.0000000134,          172.7631197762
          536.1744589311,            0.0000001143,            0.0000023237,            0.0000000136,          170.4975730154
          538.7326224627,            0.0000001164,            0.0000023364,            0.0000000139,          168.2780963079
          541.2888868745,            0.0000001186,            0.0000023491,            0.0000000141,          166.1035606848
          543.8432358543,            0.0000001208,            0.0000023618,            0.0000000144,          163.9728697961
          546.3956525539,            0.0000001230,            0.0000023745,            0.0000000147,          161.8849587956
          548.9461195948,            0.0000001252,            0.0000023873,            0.0000000149,          159.8387932702
          551.4946190739,            0.0000001275,            0.0000024001,            0.0000000152,          157.8333682115
          554.0411325698,            0.0000001298,            0.0000024129,            0.0000000155,          155.8677070293
          556.5856411492,            0.0000001321,            0.0000024257,            0.0000000158,          153.9408606035
          559.1281253737,            0.0000001345,            0.0000024385,            0.0000000160,          152.0519063733
          561.6685653069,            0.0000001368,            0.0000024514,            0.0000000163,          150.1999474620
          564.2069405223,            0.0000001392,            0.0000024643,            0.0000000166,          148.3841118358
          566.7432301104,            0.0000001417,            0.0000024772,            0.0000000169,          146.6035514953
          569.2774126869,            0.0000001441,            0.0000024901,            0.0000000172,          144.8574416978
          571.8094664013,            0.0000001466,            0.0000025030,            0.0000000175,          143.1449802090
          574.3393689454,            0.0000001491,            0.0000025159,            0.0000000178,          141.4653865838
          576.8670975619,            0.0000001516,            0.0000025289,            0.0000000181,          139.8179014733
          579.3926290535,            0.0000001542,            0.0000025419,            0.0000000184,          138.2017859586
          581.9159397926,            0.0000001568,            0.0000025549,            0.0000000187,          136.6163209089
          584.4370057305,            0.0000001594,            0.0000025679,            0.0000000190,          135.0608063630
          586.9558024074,            0.0000001620,            0.0000025809,            0.0000000193,          133.5345609348
          589.4723049623,            0.0000001647,            0.0000025940,            0.0000000196,          132.0369212389
          591.9864881431,            0.0000001674,            0.0000026070,            0.0000000200,          130.5672413384
          594.4983263173,            0.0000001701,            0.0000026201,            0.0000000203,          129.1248922118
          597.0077934820,            0.0000001729,            0.0000026332,            0.0000000206,          127.7092612394
          599.5148632753,            0.0000001757,            0.0000026463,            0.0000000209,          126.3197517077
          602.0195089868,            0.0000001784,            0.0000026595,            0.0000000213,          124.9557823321
          604.5217035686,            0.0000001813,            0.0000026726,            0.0000000216,          123.6167867951
          607.0214196465,            0.0000001841,            0.0000026858,            0.0000000220,          122.3022133019
          609.5186295315,            0.0000001870,            0.0000026990,            0.0000000223,          121.0115241510
          612.0133052310,            0.0000001899,            0.0000027122,            0.0000000226,          119.7441953193
          614.5054184603,            0.0000001928,            0.0000027254,            0.0000000230,          118.4997160621
          616.9949406542,            0.0000001958,            0.0000027386,            0.0000000234,          117.2775885260
          619.4818429789,            0.0000001988,            0.0000027518,            0.0000000237,          116.0773273757
          621.9660963433,            0.0000002018,            0.0000027651,            0.0000000241,          114.8984594328
          624.4476714113,            0.0000002048,            0.0000027784,            0.0000000244,          113.7405233273
          626.9265386134,            0.0000002079,            0.0000027917,            0.0000000248,          112.6030691598
          629.4026681584,            0.0000002110,            0.0000028050,            0.0000000252,          111.4856581759
          631.8760300458,            0.0000002141,            0.0000028183,            0.0000000255,          110.3878624506
          634.3465940775,            0.0000002172,            0.0000028316,            0.0000000259,          109.3092645835
          636.8143298696,            0.0000002204,            0.0000028450,            0.0000000263,          108.2494574038
          639.2792068646,            0.0000002236,            0.0000028583,            0.0000000267,          107.2080436842
          641.7411943433,            0.0000002268,            0.0000028717,            0.0000000270,          106.1846358653
          644.2002614367,            0.0000002300,            0.0000028851,            0.0000000274,          105.1788557877
          646.6563771379,            0.0000002333,            0.0000028985,            0.0000000278,          104.1903344331
          649.1095103139,            0.0000002366,            0.0000029119,            0.0000000282,          103.2187116735
          651.5596297178,            0.0000002399,            0.0000029253,            0.0000000286,          102.2636360284
          654.0067039999,            0.0000002432,            0.0000029387,            0.0000000290,          101.3247644293
          656.4507017203,            0.0000002466,            0.0000029522,            0.0000000294,          100.4017619920
          658.8915913598,            0.0000002499,            0.0000029656,            0.0000000298,           99.4943017955
          661.3293413318,            0.0000002534,            0.0000029791,            0.0000000302,           98.6020646678
          663.7639199937,            0.0000002568,            0.0000029926,            0.0000000306,           97.7247389789
          666.1952956587,            0.0000002602,            0.0000030061,            0.0000000310,           96.8620204387
          668.6234366065,            0.0000002637,            0.0000030196,            0.0000000314,           96.0136119028
          671.0483110949,            0.0000002672,            0.0000030331,            0.0000000319,           95.1792231828
          673.4698873710,            0.0000002708,            0.0000030466,            0.0000000323,           94.3585708625
          675.8881336818,            0.0000002743,            0.0000030601,            0.0000000327,           93.5513781206
          678.3030182855,            0.0000002779,            0.0000030737,            0.0000000331,           92.7573745572
          680.7145094619,            0.0000002815,            0.0000030872,            0.0000000336,           91.9762960268
          683.1225755234,            0.0000002851,            0.0000031008,            0.0000000340,           91.2078844749
          685.5271848249,            0.0000002887,            0.0000031143,            0.0000000344,           90.4518877806
          687.9283057751,            0.0000002924,            0.0000031279,            0.0000000349,           89.7080596033
          690.3259068455,            0.0000002961,            0.0000031415,            0.0000000353,           88.9761592334
          692.7199565814,            0.0000002998,            0.0000031551,            0.0000000357,           88.2559514482
          695.1104236116,            0.0000003035,            0.0000031687,            0.0000000362,           87.5472063711
          697.4972766577,            0.0000003073,            0.0000031823,            0.0000000366,           86.8496993357
          699.8804845441,            0.0000003110,            0.0000031959,            0.0000000371,           86.1632107529
          702.2600162075,            0.0000003148,            0.0000032095,            0.0000000375,           85.4875259826
          704.6358407057,            0.0000003187,            0.0000032231,            0.0000000380,           84.8224352084
          707.0079272272,            0.0000003225,            0.0000032368,            0.0000000385,           84.1677333159
          709.3762450997,            0.0000003264,            0.0000032504,            0.0000000389,           83.5232197751
          711.7407637990,            0.0000003302,            0.0000032640,            0.0000000394,           82.8886985254
          714.1014529577,            0.0000003341,            0.0000032777,            0.0000000398,           82.2639778637
          716.4582823732,            0.0000003381,            0.0000032913,            0.0000000403,           81.6488703364
          718.8112220163,            0.0000003420,            0.0000033050,            0.0000000408,           81.0431926336
          721.1602420391,            0.0000003460,            0.0000033186,            0.0000000413,           80.4467654866
          723.5053127825,            0.0000003499,            0.0000033323,            0.0000000417,           79.8594135681
          725.8464047843,            0.0000003539,            0.0000033460,            0.0000000422,           79.2809653955
          728.1834887866,            0.0000003580,            0.0000033596,            0.0000000427,           78.7112532360
          730.5165357426,            0.0000003620,            0.0000033733,            0.0000000432,           78.1501130151
          732.8455168244,            0.0000003661,            0.0000033870,            0.0000000436,           77.5973842275
          735.1704034291,            0.0000003701,            0.0000034006,            0.0000000441,           77.0529098496
          737.4911671862,            0.0000003742,            0.0000034143,            0.0000000446,           76.5165362557
          739.8077799639,            0.0000003783,            0.0000034280,            0.0000000451,           75.9881131350
          742.1202138750,            0.0000003825,            0.0000034417,            0.0000000456,           75.4674934119
          744.4284412837,            0.0000003866,            0.0000034553,            0.0000000461,           74.9545331681
          746.7324348112,            0.0000003908,            0.0000034690,            0.0000000466,           74.4490915666
          749.0321673412,            0.0000003950,            0.0000034827,            0.0000000471,           73.9510307776
          751.3276120260,            0.0000003992,            0.0000034964,            0.0000000476,           73.4602159072
          753.6187422917,            0.0000004034,            0.0000035101,            0.0000000481,           72.9765149268
          755.9055318432,            0.0000004076,            0.0000035237,            0.0000000486,           72.4997986053
          758.1879546692,            0.0000004119,            0.0000035374,            0.0000000491,           72.0299404424
          760.4659850473,            0.0000004162,            0.0000035511,            0.0000000496,           71.5668166043
          762.7395975485,            0.0000004204,            0.0000035648,            0.0000000501,           71.1103058605
          765.0087670416,            0.0000004247,            0.0000035784,            0.0000000506,           70.6602895225
          767.2734686976,            0.0000004291,            0.0000035921,            0.0000000512,           70.2166513842
          769.5336779935,            0.0000004334,            0.0000036058,            0.0000000517,           69.7792776635
          771.7893707166,            0.0000004377,            0.0000036194,            0.0000000522,           69.3480569459
          774.0405229680,            0.0000004421,            0.0000036331,            0.0000000527,           68.9228801289
          776.2871111663,            0.0000004465,            0.0000036467,            0.0000000532,           68.5036403684
          778.5291120507,            0.0000004509,            0.0000036604,            0.0000000538,           68.0902330264
          780.7665026847,            0.0000004553,            0.0000036740,            0.0000000543,           67.6825556195
          782.9992604586,            0.0000004597,            0.0000036877,            0.0000000548,           67.2805077695
          785.2273630930,            0.0000004641,            0.0000037013,            0.0000000553,           66.8839911548
          787.4507886409,            0.0000004686,            0.0000037149,            0.0000000559,           66.4929094627
          789.6695154906,            0.0000004731,            0.0000037286,            0.0000000564,           66.1071683439
          791.8835223680,            0.0000004775,            0.0000037422,            0.0000000569,           65.7266753670
          794.0927883390,            0.0000004820,            0.0000037558,            0.0000000575,           65.3513399750
          796.2972928112,            0.0000004865,            0.0000037694,            0.0000000580,           64.9810734427
          798.4970155362,            0.0000004910,            0.0000037830,            0.0000000585,           64.6157888346
          800.6919366112,            0.0000004956,            0.0000037966,            0.0000000591,           64.2554009647
