            3.2198174176,            0.0000000000,            0.0000013844,            0.0000000000,      3465365.5277421940
           15.0531150153,            0.0000000019,            0.0000064746,            0.0000000002,        28397.2077304341
           27.0681716410,            0.0000000200,            0.0000116605,            0.0000000024,         4874.5145537404
           39.0942953518,            0.0000000873,            0.0000169029,            0.0000000104,         1623.2444852550
           51.1227928995,            0.0000002554,            0.0000222509,            0.0000000304,          730.7919042277
           63.1520919970,            0.0000005949,            0.0000277754,            0.0000000709,          391.8454982190
           75.1817353441,            0.0000011954,            0.0000335671,            0.0000001423,          235.8368326789
           87.2115506769,            0.0000021654,            0.0000397356,            0.0000002576,          154.2432176559
           99.2414613987,            0.0000036328,            0.0000464097,            0.0000004318,          107.4891411521
          111.2714292483,            0.0000057446,            0.0000537376,            0.0000006820,           78.7965609096
          123.3014333869,            0.0000086670,            0.0000618869,            0.0000010276,           60.2217819991
          135.3314616777,            0.0000125862,            0.0000710446,            0.0000014903,           47.6712384019
          147.3615066640,            0.0000177078,            0.0000814176,            0.0000020936,           38.8888183155
          159.3915635592,            0.0000242575,            0.0000932326,            0.0000028633,           32.5612523598
          171.4216291768,            0.0000324809,            0.0001067366,            0.0000038272,           27.8886205281
          183.4517013288,            0.0000426441,            0.0001221968,            0.0000050153,           24.3646766636
          195.4817784727,            0.0000550337,            0.0001399008,            0.0000064594,           21.6583684034
          207.5118594956,            0.0000699570,            0.0001601572,            0.0000081934,           19.5469866108
          219.5419435783,            0.0000877425,            0.0001832956,            0.0000102532,           17.8769507094
          231.5720301069,            0.0001087396,            0.0002096666,            0.0000126763,           16.5400130627
          243.6021186142,            0.0001333195,            0.0002396425,            0.0000155024,           15.4583834131
          255.6322087394,            0.0001618749,            0.0002736173,            0.0000187728,           14.5751809932
          267.6623002003,            0.0001948206,            0.0003120068,            0.0000225306,           13.8481601744
          279.6923927736,            0.0002325934,            0.0003552491,            0.0000268204,           13.2454991571
          291.7224862809,            0.0002756526,            0.0004038046,            0.0000316885,           12.7429188294
          303.7525805782,            0.0003244799,            0.0004581562,            0.0000371829,           12.3216771571
          315.7826755480,            0.0003795799,            0.0005188097,            0.0000433528,           11.9671507781
          327.8127710942,            0.0004414798,            0.0005862935,            0.0000502488,           11.6678172364
          339.8428671369,            0.0005107300,            0.0006611591,            0.0000579227,           11.4145148982
          351.8729636099,            0.0005879035,            0.0007439807,            0.0000664275,           11.1998981349
          363.9030604575,            0.0006735966,            0.0008353559,            0.0000758172,           11.0180316673
          375.9331576327,            0.0007684283,            0.0009359047,            0.0000861467,           10.8640853212
          387.9632550958,            0.0008730405,            0.0010462702,            0.0000974716,           10.7341020760
          399.9933528128,            0.0009880977,            0.0011671183,            0.0001098483,           10.6248201858
          412.0234507547,            0.0011142868,            0.0012991369,            0.0001233334,           10.5335355973
          424.0535488963,            0.0012523169,            0.0014430363,            0.0001379840,           10.4579946792
          436.0836472161,            0.0014029187,            0.0015995483,            0.0001538573,           10.3963099551
          448.1137456953,            0.0015668442,            0.0017694262,            0.0001710104,           10.3468934366
          460.1438443175,            0.0017448663,            0.0019534441,            0.0001895002,           10.3084035279
          472.1739430684,            0.0019377780,            0.0021523961,            0.0002093831,           10.2797024730
          484.2040419353,            0.0021463921,            0.0023670961,            0.0002307151,           10.2598220461
          496.2341409073,            0.0023715402,            0.0025983771,            0.0002535513,           10.2479357307
          508.2642399745,            0.0026140721,            0.0028470899,            0.0002779456,           10.2433360376
          520.2943391282,            0.0028748551,            0.0031141030,            0.0003039509,           10.2454159138
          532.3244383608,            0.0031547732,            0.0034003017,            0.0003316186,           10.2536534275
          544.3545376654,            0.0034547262,            0.0037065869,            0.0003609984,           10.2675990884
          556.3846370359,            0.0037756289,            0.0040338746,            0.0003921384,           10.2868652993
          568.4147364667,            0.0041184101,            0.0043830947,            0.0004250844,           10.3111175378
          580.4448359529,            0.0044840119,            0.0047551907,            0.0004598801,           10.3400669493
          592.4749354900,            0.0048733889,            0.0051511182,            0.0004965668,           10.3734640962
          604.5050350742,            0.0052875070,            0.0055718446,            0.0005351834,           10.4110936571
          616.5351347017,            0.0057273430,            0.0060183476,            0.0005757658,           10.4527699120
          628.5652343693,            0.0061938834,            0.0064916150,            0.0006183472,           10.4983328778
          640.5953340739,            0.0066881234,            0.0069926435,            0.0006629578,           10.5476449861
          652.6254338130,            0.0072110668,            0.0075224380,            0.0007096246,           10.6005882135
          664.6555335840,            0.0077637244,            0.0080820106,            0.0007583714,           10.6570615941
          676.6856333848,            0.0083471138,            0.0086723801,            0.0008092187,           10.7169790514
          688.7157332131,            0.0089622582,            0.0092945712,            0.0008621837,           10.7802675043
          700.7458330672,            0.0096101858,            0.0099496133,            0.0009172801,           10.8468652036
          712.7759329454,            0.0102919291,            0.0106385405,            0.0009745180,           10.9167202685
          724.8060328461,            0.0110085243,            0.0113623900,            0.0010339043,           10.9897893936
          736.8361327677,            0.0117610100,            0.0121222021,            0.0010954421,           11.0660367033
          748.8662327091,            0.0125504270,            0.0129190190,            0.0011591312,           11.1454327364
          760.8963326688,            0.0133778175,            0.0137538842,            0.0012249680,           11.2279535411
          772.9264326459,            0.0142442239,            0.0146278417,            0.0012929455,           11.3135798707
          784.9565326392,            0.0151506886,            0.0155419354,            0.0013630531,           11.4022964650
          796.9866326477,            0.0160982529,            0.0164972080,            0.0014352773,           11.4940914092
          809.0167326706,            0.0170879563,            0.0174947005,            0.0015096011,           11.5889555613
          821.0468327068,            0.0181208355,            0.0185354514,            0.0015860048,           11.6868820411
          833.0769327556,            0.0191979242,            0.0196204956,            0.0016644655,           11.7878657726
          845.1070328161,            0.0203202513,            0.0207508640,            0.0017449574,           11.8919030765
          857.1371328875,            0.0214888410,            0.0219275820,            0.0018274521,           11.9989913063
          869.1672329689,            0.0227047113,            0.0231516694,            0.0019119187,           12.1091285240
          881.1973330593,            0.0239688734,            0.0244241390,            0.0019983238,           12.2223132111
          893.2274331575,            0.0252823308,            0.0257459959,            0.0020866316,           12.3385440123
          905.2575332625,            0.0266460783,            0.0271182364,            0.0021768044,           12.4578195076
          917.2876333725,            0.0280611009,            0.0285418473,            0.0022688024,           12.5801380108
          929.3177334855,            0.0295283733,            0.0300178049,            0.0023625840,           12.7054973917
          941.3478335992,            0.0310488588,            0.0315470738,            0.0024581060,           12.8338949187
          953.3779337103,            0.0326235079,            0.0331306066,            0.0025553236,           12.9653271214
          965.4080338146,            0.0342532582,            0.0347693422,            0.0026541909,           13.0997896698
          977.4381339066,            0.0359390329,            0.0364642053,            0.0027546605,           13.2372772690
          989.4682339793,            0.0376817397,            0.0382161054,            0.0028566844,           13.3777835677
         1001.4983340235,            0.0394822706,            0.0400259358,            0.0029602133,           13.5213010794
         1013.5284340274,            0.0413415001,            0.0418945727,            0.0030651976,           13.6678211141
         1025.5585339757,            0.0432602853,            0.0438228746,            0.0031715869,           13.8173337200
         1037.5886338490,            0.0452394640,            0.0458116809,            0.0032793304,           13.9698276346
         1049.6187336225,            0.0472798546,            0.0478618112,            0.0033883772,           14.1252902428
         1061.6488332651,            0.0493822550,            0.0499740650,            0.0034986760,           14.2837075422
         1073.6789327376,            0.0515474418,            0.0521492202,            0.0036101758,           14.4450641151
         1085.7090319910,            0.0537761695,            0.0543880326,            0.0037228253,           14.6093431051
         1097.7391309647,            0.0560691698,            0.0566912353,            0.0038365739,           14.7765261989
         1109.7692295837,            0.0584271511,            0.0590595378,            0.0039513711,           14.9465936126
         1121.7993277560,            0.0608507974,            0.0614936256,            0.0040671667,           15.1195240807
         1133.8294253695,            0.0633407683,            0.0639941590,            0.0041839114,           15.2952948501
         1145.8595222879,            0.0658976976,            0.0665617732,            0.0043015563,           15.4738816750
         1157.8896183464,            0.0685221936,            0.0691970776,            0.0044200532,           15.6552588155
         1169.9197133472,            0.0712148379,            0.0719006548,            0.0045393550,           15.8393990385
         1181.9498070534,            0.0739761856,            0.0746730607,            0.0046594151,           16.0262736196
         1193.9798991829,            0.0768067642,            0.0775148238,            0.0047801881,           16.2158523476
         1206.0099894013,            0.0797070737,            0.0804264451,            0.0049016295,           16.4081035298
         1218.0400773138,            0.0826775862,            0.0834083973,            0.0050236962,           16.6029939992
         1230.0701624563,            0.0857187455,            0.0864611251,            0.0051463457,           16.8004891227
         1242.1002442855,            0.0888309669,            0.0895850445,            0.0052695371,           17.0005528099
         1254.1303221680,            0.0920146370,            0.0927805427,            0.0053932307,           17.2031475235
         1266.1603953678,            0.0952701136,            0.0960479781,            0.0055173877,           17.4082342903
         1278.1904630334,            0.0985977255,            0.0993876800,            0.0056419711,           17.6157727130
         1290.2205241827,            0.1019977726,            0.1027999489,            0.0057669448,           17.8257209826
         1302.2505776876,            0.1054705255,            0.1062850557,            0.0058922743,           18.0380358923
         1314.2806222561,            0.1090162259,            0.1098432426,            0.0060179264,           18.2526728509
         1326.3106564136,            0.1126350865,            0.1134747226,            0.0061438693,           18.4695858984
         1338.3406784825,            0.1163272910,            0.1171796796,            0.0062700726,           18.6887277207
         1350.3706865604,            0.1200929943,            0.1209582688,            0.0063965072,           18.9100496666
         1362.4006784963,            0.1239323225,            0.1248106164,            0.0065231455,           19.1335017646
         1374.4306518652,            0.1278453734,            0.1287368203,            0.0066499614,           19.3590327405
         1386.4606039415,            0.1318322163,            0.1327369500,            0.0067769300,           19.5865900364
         1398.4905316696,            0.1358928925,            0.1368110467,            0.0069040280,           19.8161198303
         1410.5204316338,            0.1400274154,            0.1409591239,            0.0070312334,           20.0475670557
         1422.5503000257,            0.1442357712,            0.1451811675,            0.0071585257,           20.2808754241
         1434.5801326100,            0.1485179185,            0.1494771362,            0.0072858855,           20.5159874461
         1446.6099246883,            0.1528737894,            0.1538469617,            0.0074132952,           20.7528444555
         1458.6396710614,            0.1573032891,            0.1582905492,            0.0075407381,           20.9913866333
         1470.6693659893,            0.1618062969,            0.1628077777,            0.0076681992,           21.2315530331
         1482.6990031496,            0.1663826664,            0.1673985004,            0.0077956646,           21.4732816076
         1494.7285755941,            0.1710322258,            0.1720625452,            0.0079231217,           21.7165092365
         1506.7580757036,            0.1757547784,            0.1767997151,            0.0080505593,           21.9611717551
         1518.7874951411,            0.1805501030,            0.1816097884,            0.0081779673,           22.2072039848
         1530.8168248025,            0.1854179545,            0.1864925196,            0.0083053370,           22.4545397640
         1542.8460547670,            0.1903580643,            0.1914476394,            0.0084326607,           22.7031119813
         1554.8751742447,            0.1953701406,            0.1964748557,            0.0085599319,           22.9528526092
         1566.9041715231,            0.2004538691,            0.2015738536,            0.0086871454,           23.2036927394
         1578.9330339124,            0.2056089134,            0.2067442961,            0.0088142970,           23.4555626196
         1590.9617476888,            0.2108349158,            0.2119858247,            0.0089413836,           23.7083916915
         1602.9902980372,            0.2161314971,            0.2172980597,            0.0090684031,           23.9621086302
         1615.0186689920,            0.2214982578,            0.2226806009,            0.0091953544,           24.2166413848
         1627.0468433776,            0.2269347785,            0.2281330281,            0.0093222376,           24.4719172206
         1639.0748027469,            0.2324406200,            0.2336549014,            0.0094490536,           24.7278627629
         1651.1025273198,            0.2380153243,            0.2392457620,            0.0095758042,           24.9844040411
         1663.1299959203,            0.2436584149,            0.2449051326,            0.0097024922,           25.2414665354
         1675.1571859136,            0.2493693974,            0.2506325180,            0.0098291212,           25.4989752238
         1687.1840731417,            0.2551477600,            0.2564274055,            0.0099556956,           25.7568546309
         1699.2106318598,            0.2609929739,            0.2622892655,            0.0100822208,           26.0150288777
         1711.2368346709,            0.2669044942,            0.2682175520,            0.0102087027,           26.2734217328
         1723.2626524622,            0.2728817598,            0.2742117033,            0.0103351482,           26.5319566639
         1735.2880543396,            0.2789241946,            0.2802711421,            0.0104615646,           26.7905568918
         1747.3130075632,            0.2850312076,            0.2863952766,            0.0105879602,           27.0491454439
         1759.3374774834,            0.2912021936,            0.2925835004,            0.0107143438,           27.3076452098
         1771.3614274768,            0.2974365333,            0.2988351935,            0.0108407248,           27.5659789970
         1783.3848188825,            0.3037335946,            0.3051497226,            0.0109671133,           27.8240695878
         1795.4076109400,            0.3100927323,            0.3115264415,            0.0110935196,           28.0818397968
         1807.4297607266,            0.3165132891,            0.3179646919,            0.0112199551,           28.3392125289
         1819.4512230972,            0.3229945959,            0.3244638035,            0.0113464312,           28.5961108381
         1831.4719506237,            0.3295359721,            0.3310230949,            0.0114729599,           28.8524579863
         1843.4918935369,            0.3361367267,            0.3376418737,            0.0115995539,           29.1081775034
         1855.5109996689,            0.3427961580,            0.3443194374,            0.0117262259,           29.3631932463
         1867.5292143971,            0.3495135546,            0.3510550732,            0.0118529893,           29.6174294589
         1879.5464805905,            0.3562881956,            0.3578480594,            0.0119798576,           29.8708108326
         1891.5627385562,            0.3631193512,            0.3646976648,            0.0121068448,           30.1232625652
         1903.5779259896,            0.3700062833,            0.3716031502,            0.0122339652,           30.3747104213
         1915.5919779249,            0.3769482453,            0.3785637680,            0.0123612333,           30.6250807914
         1927.6048266887,            0.3839444834,            0.3855787630,            0.0124886638,           30.8743007509
         1939.6164018550,            0.3909942363,            0.3926473729,            0.0126162718,           31.1222981186
         1951.6266302032,            0.3980967360,            0.3997688286,            0.0127440725,           31.3690015150
         1963.6354356777,            0.4052512084,            0.4069423546,            0.0128720811,           31.6143404186
         1975.6427393503,            0.4124568730,            0.4141671693,            0.0130003133,           31.8582452233
         1987.6484593849,            0.4197129442,            0.4214424859,            0.0131287847,           32.1006472929
         1999.6525110050,            0.4270186307,            0.4287675120,            0.0132575109,           32.3414790162
         2011.6548064639,            0.4343731371,            0.4361414507,            0.0133865080,           32.5806738598
         2023.6552550167,            0.4417756629,            0.4435635006,            0.0135157917,           32.8181664201
         2035.6537628966,            0.4492254041,            0.4510328564,            0.0136453780,           33.0538924741
         2047.6502332925,            0.4567215528,            0.4585487088,            0.0137752828,           33.2877890285
         2059.6445663302,            0.4642632978,            0.4661102455,            0.0139055222,           33.5197943672
         2071.6366590566,            0.4718498249,            0.4737166512,            0.0140361121,           33.7498480974
         2083.6264054264,            0.4794803175,            0.4813671078,            0.0141670684,           33.9778911941
         2095.6136962920,            0.4871539565,            0.4890607950,            0.0142984069,           34.2038660422
         2107.5984193959,            0.4948699209,            0.4967968907,            0.0144301435,           34.4277164772
         2119.5804593671,            0.5026273881,            0.5045745710,            0.0145622940,           34.6493878243
         2131.5596977191,            0.5104255342,            0.5123930106,            0.0146948738,           34.8688269342
         2143.5360128523,            0.5182635342,            0.5202513835,            0.0148278985,           35.0859822187
         2155.5092800580,            0.5261405624,            0.5281488625,            0.0149613835,           35.3008036822
         2167.4793715265,            0.5340557928,            0.5360846206,            0.0150953440,           35.5132429527
         2179.4461563576,            0.5420083992,            0.5440578300,            0.0152297952,           35.7232533093
         2191.4095005741,            0.5499975555,            0.5520676637,            0.0153647517,           35.9307897085
         2203.3692671382,            0.5580224360,            0.5601132945,            0.0155002285,           36.1358088070
         2215.3253159710,            0.5660822159,            0.5681938964,            0.0156362400,           36.3382689838
         2227.2775039743,            0.5741760711,            0.5763086440,            0.0157728006,           36.5381303580
         2239.2256850563,            0.5823031788,            0.5844567134,            0.0159099243,           36.7353548061
         2251.1697101585,            0.5904627177,            0.5926372819,            0.0160476250,           36.9299059757
         2263.1094272869,            0.5986538682,            0.6008495286,            0.0161859163,           37.1217492974
         2275.0446815447,            0.6068758124,            0.6090926345,            0.0163248117,           37.3108519942
         2286.9753151682,            0.6151277350,            0.6173657828,            0.0164643243,           37.4971830882
         2298.9011675651,            0.6234088226,            0.6256681590,            0.0166044669,           37.6807134058
         2310.8220753554,            0.6317182647,            0.6339989514,            0.0167452522,           37.8614155800
         2322.7378724145,            0.6400552536,            0.6423573509,            0.0168866924,           38.0392640501
         2334.6483899190,            0.6484189844,            0.6507425514,            0.0170287996,           38.2142350600
         2346.5534563943,            0.6568086557,            0.6591537503,            0.0171715856,           38.3863066538
         2358.4528977649,            0.6652234692,            0.6675901480,            0.0173150618,           38.5554586689
         2370.3465374067,            0.6736626306,            0.6760509488,            0.0174592393,           38.7216727276
         2382.2341962013,            0.6821253490,            0.6845353608,            0.0176041289,           38.8849322266
         2394.1156925922,            0.6906108375,            0.6930425958,            0.0177497413,           39.0452223235
         2405.9908426430,            0.6991183136,            0.7015718699,            0.0178960866,           39.2025299229
         2417.8594600978,            0.7076469989,            0.7101224036,            0.0180431746,           39.3568436591
         2429.7213564426,            0.7161961195,            0.7186934216,            0.0181910150,           39.5081538780
         2441.5763409687,            0.7247649060,            0.7272841535,            0.0183396170,           39.6564526166
         2453.4242208384,            0.7333525938,            0.7358938334,            0.0184889895,           39.8017335814
         2465.2648011505,            0.7419584235,            0.7445217005,            0.0186391410,           39.9439921241
         2477.0978850091,            0.7505816403,            0.7531669989,            0.0187900798,           40.0832252174
         2488.9232735923,            0.7592214949,            0.7618289781,            0.0189418137,           40.2194314278
         2500.7407662229,            0.7678772431,            0.7705068927,            0.0190943504,           40.3526108875
         2512.5501604399,            0.7765481464,            0.7792000029,            0.0192476971,           40.4827652655
         2524.3512520713,            0.7852334717,            0.7879075743,            0.0194018606,           40.6098977367
         2536.1438353074,            0.7939324915,            0.7966288785,            0.0195568475,           40.7340129506
         2547.9277027756,            0.8026444842,            0.8053631924,            0.0197126640,           40.8551169979
         2559.7026456158,            0.8113687342,            0.8141097993,            0.0198693159,           40.9732173771
         2571.4684535559,            0.8201045316,            0.8228679883,            0.0200268088,           41.0883229601
         2583.2249149889,            0.8288511730,            0.8316370544,            0.0201851479,           41.2004439561
         2594.9718170501,            0.8376079608,            0.8404162992,            0.0203443380,           41.3095918757
         2606.7089456943,            0.8463742039,            0.8492050303,            0.0205043836,           41.4157794939
         2618.4360857745,            0.8551492176,            0.8580025618,            0.0206652889,           41.5190208128
         2630.1530211195,            0.8639323236,            0.8668082141,            0.0208270578,           41.6193310232
         2641.8595346130,            0.8727228500,            0.8756213144,            0.0209896938,           41.7167264666
         2653.5554082722,            0.8815201316,            0.8844411963,            0.0211532000,           41.8112245962
         2665.2404233265,            0.8903235101,            0.8932672001,            0.0213175793,           41.9028439377
         2676.9143602960,            0.8991323335,            0.9020986729,            0.0214828343,           41.9916040504
         2688.5769990709,            0.9079459568,            0.9109349686,            0.0216489672,           42.0775254875
         2700.2281189895,            0.9167637421,            0.9197754480,            0.0218159798,           42.1606297567
         2711.8674989166,            0.9255850580,            0.9286194786,            0.0219838738,           42.2409392808
         2723.4949173218,            0.9344092803,            0.9374664351,            0.0221526504,           42.3184773581
         2735.1101523572,            0.9432357917,            0.9463156992,            0.0223223106,           42.3932681235
         2746.7129819345,            0.9520639821,            0.9551666596,            0.0224928551,           42.4653365088
         2758.3031838021,            0.9608932483,            0.9640187120,            0.0226642841,           42.5347082041
         2769.8805356212,            0.9697229944,            0.9728712594,            0.0228365979,           42.6014096196
         2781.4448150418,            0.9785526316,            0.9817237118,            0.0230097960,           42.6654678464
         2792.9957997778,            0.9873815781,            0.9905754867,            0.0231838781,           42.7269106196
         2804.5332676812,            0.9962092597,            0.9994260085,            0.0233588433,           42.7857662803
         2816.0569968158,            1.0050351092,            1.0082747089,            0.0235346905,           42.8420637386
         2827.5667655305,            1.0138585665,            1.0171210271,            0.0237114183,           42.8958324376
         2839.0623525308,            1.0226790793,            1.0259644094,            0.0238890252,           42.9471023170
         2850.5435369504,            1.0314961020,            1.0348043093,            0.0240675092,           42.9959037780
         2862.0100984212,            1.0403090967,            1.0436401880,            0.0242468681,           43.0422676486
         2873.4618171427,            1.0491175327,            1.0524715135,            0.0244270996,           43.0862251497
         2884.8984739505,            1.0579208867,            1.0612977616,            0.0246082009,           43.1278078612
         2896.3198503829,            1.0667186424,            1.0701184152,            0.0247901692,           43.1670476902
         2907.7257287480,            1.0755102913,            1.0789329645,            0.0249730012,           43.2039768380
         2919.1158921878,            1.0842953320,            1.0877409072,            0.0251566935,           43.2386277699
         2930.4901247430,            1.0930732703,            1.0965417482,            0.0253412426,           43.2710331840
         2941.8482114152,            1.1018436195,            1.1053349998,            0.0255266444,           43.3012259820
         2953.1899382288,            1.1106059002,            1.1141201815,            0.0257128951,           43.3292392400
         2964.5150922912,            1.1193596401,            1.1228968204,            0.0258999901,           43.3551061805
         2975.8234618520,            1.1281043745,            1.1316644504,            0.0260879250,           43.3788601454
         2987.1148363608,            1.1368396457,            1.1404226132,            0.0262766951,           43.4005345692
         2998.3890065240,            1.1455650033,            1.1491708573,            0.0264662954,           43.4201629534
         3009.6457643599,            1.1542800043,            1.1579087388,            0.0266567207,           43.4377788418
         3020.8849032528,            1.1629842127,            1.1666358209,            0.0268479658,           43.4534157965
         3032.1062180057,            1.1716771998,            1.1753516738,            0.0270400251,           43.4671073747
         3043.3095048916,            1.1803585439,            1.1840558752,            0.0272328929,           43.4788871063
         3054.4945617033,            1.1890278308,            1.1927480097,            0.0274265633,           43.4887884727
         3065.6611878025,            1.1976846529,            1.2014276690,            0.0276210303,           43.4968448854
         3076.8091841665,            1.2063286101,            1.2100944521,            0.0278162876,           43.5030896670
         3087.9383534348,            1.2149593092,            1.2187479649,            0.0280123288,           43.5075560315
         3099.0484999529,            1.2235763638,            1.2273878202,            0.0282091474,           43.5102770661
         3110.1394298160,            1.2321793947,            1.2360136380,            0.0284067367,           43.5112857140
         3121.2109509105,            1.2407680296,            1.2446250452,            0.0286050899,           43.5106147574
         3132.2628729547,            1.2493419031,            1.2532216754,            0.0288041998,           43.5082968016
         3143.2950075374,            1.2579006566,            1.2618031693,            0.0290040595,           43.5043642599
         3154.3071681559,            1.2664439383,            1.2703691743,            0.0292046616,           43.4988493390
         3165.2991702523,            1.2749714032,            1.2789193446,            0.0294059987,           43.4917840256
         3176.2708312481,            1.2834827130,            1.2874533411,            0.0296080633,           43.4832000729
         3187.2219705781,            1.2919775361,            1.2959708315,            0.0298108478,           43.4731289888
         3198.1524097225,            1.3004555475,            1.3044714900,            0.0300143444,           43.4616020240
         3209.0619722376,            1.3089164288,            1.3129549975,            0.0302185452,           43.4486501609
         3219.9504837855,            1.3173598683,            1.3214210414,            0.0304234422,           43.4343041040
         3230.8177721624,            1.3257855604,            1.3298693155,            0.0306290274,           43.4185942694
         3241.6636673252,            1.3341932063,            1.3382995202,            0.0308352927,           43.4015507764
         3252.4880014171,            1.3425825134,            1.3467113622,            0.0310422296,           43.3832034389
         3263.2906087922,            1.3509531955,            1.3551045547,            0.0312498299,           43.3635817575
         3274.0713260380,            1.3593049726,            1.3634788169,            0.0314580852,           43.3427149124
         3284.8299919977,            1.3676375711,            1.3718338744,            0.0316669868,           43.3206317566
         3295.5664477901,            1.3759507233,            1.3801694590,            0.0318765263,           43.2973608099
         3306.2805368293,            1.3842441678,            1.3884853086,            0.0320866949,           43.2729302531
         3316.9721048424,            1.3925176492,            1.3967811672,            0.0322974839,           43.2473679232
         3327.6409998865,            1.4007709181,            1.4050567847,            0.0325088844,           43.2207013084
         3338.2870723640,            1.4090037311,            1.4133119169,            0.0327208878,           43.1929575442
         3348.9101750376,            1.4172158505,            1.4215463258,            0.0329334849,           43.1641634099
         3359.5101630431,            1.4254070448,            1.4297597789,            0.0331466670,           43.1343453249
         3370.0868939016,            1.4335770878,            1.4379520497,            0.0333604248,           43.1035293461
         3380.6402275309,            1.4417257594,            1.4461229173,            0.0335747494,           43.0717411658
         3391.1700262548,            1.4498528448,            1.4542721665,            0.0337896317,           43.0390061092
         3401.6761548126,            1.4579581351,            1.4623995876,            0.0340050626,           43.0053491329
         3412.1584803663,            1.4660414267,            1.4705049765,            0.0342210327,           42.9707948240
         3422.6168725080,            1.4741025216,            1.4785881348,            0.0344375331,           42.9353673988
         3433.0512032649,            1.4821412272,            1.4866488690,            0.0346545543,           42.8990907020
         3443.4613471044,            1.4901573561,            1.4946869915,            0.0348720872,           42.8619882072
         3453.8471809379,            1.4981507263,            1.5027023196,            0.0350901225,           42.8240830161
         3464.2085841232,            1.5061211610,            1.5106946761,            0.0353086509,           42.7853978594
         3474.5454384669,            1.5140684887,            1.5186638887,            0.0355276630,           42.7459550970
         3484.8576282248,            1.5219925426,            1.5266097903,            0.0357471496,           42.7057767192
         3495.1450401018,            1.5298931613,            1.5345322191,            0.0359671013,           42.6648843476
         3505.4075632518,            1.5377701883,            1.5424310179,            0.0361875088,           42.6232992362
         3515.6450892751,            1.5456234719,            1.5503060345,            0.0364083628,           42.5810422738
