            3.2198174176,            0.0000000000,            0.0000000480,            0.0000000000,    116643425.8070856184
           15.0531150153,            0.0000000000,            0.0000002245,            0.0000000000,       955478.6095643777
           27.0681716410,            0.0000000000,            0.0000004037,            0.0000000000,       163748.2153075988
           39.0942953518,            0.0000000001,            0.0000005831,            0.0000000000,        54327.0556373107
           51.1227928995,            0.0000000003,            0.0000007626,            0.0000000000,        24295.7920952429
           63.1520919970,            0.0000000006,            0.0000009424,            0.0000000001,        12892.1433215050
           75.1817353441,            0.0000000012,            0.0000011224,            0.0000000001,         7644.3927178825
           87.2115506769,            0.0000000022,            0.0000013028,            0.0000000003,         4900.3908400558
           99.2414613987,            0.0000000037,            0.0000014838,            0.0000000004,         3328.3988737075
          111.2714292483,            0.0000000059,            0.0000016654,            0.0000000007,         2363.8794525560
          123.3014333869,            0.0000000089,            0.0000018478,            0.0000000011,         1739.5766949123
          135.3314616777,            0.0000000129,            0.0000020313,            0.0000000015,         1317.7841431444
          147.3615066640,            0.0000000182,            0.0000022160,            0.0000000022,         1022.6168696700
          159.3915635592,            0.0000000249,            0.0000024022,            0.0000000030,          809.9090940268
          171.4216291768,            0.0000000333,            0.0000025901,            0.0000000040,          652.7633801586
          183.4517013288,            0.0000000436,            0.0000027800,            0.0000000052,          534.1599566388
          195.4817784727,            0.0000000562,            0.0000029722,            0.0000000067,          442.9709473349
          207.5118594956,            0.0000000714,            0.0000031670,            0.0000000085,          371.7116610627
          219.5419435783,            0.0000000895,            0.0000033646,            0.0000000107,          315.2216190449
          231.5720301069,            0.0000001108,            0.0000035655,            0.0000000132,          269.8642777421
          243.6021186142,            0.0000001357,            0.0000037701,            0.0000000162,          233.0267983507
          255.6322087394,            0.0000001645,            0.0000039786,            0.0000000196,          202.7990099057
          267.6623002003,            0.0000001977,            0.0000041915,            0.0000000236,          177.7624666161
          279.6923927736,            0.0000002358,            0.0000044093,            0.0000000281,          156.8488821414
          291.7224862809,            0.0000002790,            0.0000046323,            0.0000000333,          139.2432911256
          303.7525805782,            0.0000003280,            0.0000048610,            0.0000000391,          124.3166477053
          315.7826755480,            0.0000003832,            0.0000050960,            0.0000000457,          111.5781648192
          327.8127710942,            0.0000004450,            0.0000053377,            0.0000000530,          100.6411208280
          339.8428671369,            0.0000005140,            0.0000055866,            0.0000000613,           91.1979991888
          351.8729636099,            0.0000005908,            0.0000058433,            0.0000000704,           83.0021903436
          363.9030604575,            0.0000006759,            0.0000061083,            0.0000000805,           75.8543696684
          375.9331576327,            0.0000007698,            0.0000063823,            0.0000000917,           69.5922489649
          387.9632550958,            0.0000008733,            0.0000066658,            0.0000001040,           64.0827899464
          399.9933528128,            0.0000009868,            0.0000069594,            0.0000001175,           59.2162338286
          412.0234507547,            0.0000011111,            0.0000072637,            0.0000001323,           54.9014840531
          424.0535488963,            0.0000012467,            0.0000075795,            0.0000001484,           51.0625066786
          436.0836472161,            0.0000013944,            0.0000079075,            0.0000001660,           47.6355028994
          448.1137456953,            0.0000015549,            0.0000082482,            0.0000001851,           44.5666722478
          460.1438443175,            0.0000017288,            0.0000086024,            0.0000002057,           41.8104312030
          472.1739430684,            0.0000019170,            0.0000089710,            0.0000002281,           39.3279854964
          484.2040419353,            0.0000021201,            0.0000093545,            0.0000002522,           37.0861790276
          496.2341409073,            0.0000023390,            0.0000097538,            0.0000002782,           35.0565605300
          508.2642399745,            0.0000025745,            0.0000101698,            0.0000003062,           33.2146227204
          520.2943391282,            0.0000028272,            0.0000106031,            0.0000003362,           31.5391788840
          532.3244383608,            0.0000030982,            0.0000110547,            0.0000003683,           30.0118495851
          544.3545376654,            0.0000033882,            0.0000115254,            0.0000004028,           28.6166380920
          556.3846370359,            0.0000036982,            0.0000120160,            0.0000004395,           27.3395776324
          568.4147364667,            0.0000040289,            0.0000125276,            0.0000004787,           26.1684370929
          580.4448359529,            0.0000043814,            0.0000130609,            0.0000005205,           25.0924744885
          592.4749354900,            0.0000047566,            0.0000136170,            0.0000005650,           24.1022296546
          604.5050350742,            0.0000051554,            0.0000141968,            0.0000006122,           23.1893492779
          616.5351347017,            0.0000055788,            0.0000148012,            0.0000006624,           22.3464386993
          628.5652343693,            0.0000060278,            0.0000154313,            0.0000007155,           21.5669359681
          640.5953340739,            0.0000065034,            0.0000160880,            0.0000007718,           20.8450044567
          652.6254338130,            0.0000070066,            0.0000167725,            0.0000008313,           20.1754410164
          664.6555335840,            0.0000075385,            0.0000174857,            0.0000008942,           19.5535971871
          676.6856333848,            0.0000081002,            0.0000182288,            0.0000009607,           18.9753114120
          688.7157332131,            0.0000086928,            0.0000190028,            0.0000010307,           18.4368505555
          700.7458330672,            0.0000093174,            0.0000198089,            0.0000011045,           17.9348593149
          712.7759329454,            0.0000099751,            0.0000206482,            0.0000011822,           17.4663163445
          724.8060328461,            0.0000106671,            0.0000215219,            0.0000012639,           17.0284961085
          736.8361327677,            0.0000113946,            0.0000224311,            0.0000013497,           16.6189356331
          748.8662327091,            0.0000121587,            0.0000233770,            0.0000014399,           16.2354054626
          760.8963326688,            0.0000129607,            0.0000243609,            0.0000015345,           15.8758842301
          772.9264326459,            0.0000138018,            0.0000253840,            0.0000016336,           15.5385363439
          784.9565326392,            0.0000146833,            0.0000264476,            0.0000017375,           15.2216923679
          796.9866326477,            0.0000156065,            0.0000275529,            0.0000018462,           14.9238317347
          809.0167326706,            0.0000165726,            0.0000287013,            0.0000019600,           14.6435674837
          821.0468327068,            0.0000175830,            0.0000298940,            0.0000020789,           14.3796327625
          833.0769327556,            0.0000186390,            0.0000311324,            0.0000022031,           14.1308688636
          845.1070328161,            0.0000197420,            0.0000324179,            0.0000023329,           13.8962146048
          857.1371328875,            0.0000208934,            0.0000337519,            0.0000024682,           13.6746968848
          869.1672329689,            0.0000220946,            0.0000351357,            0.0000026093,           13.4654222693
          881.1973330593,            0.0000233469,            0.0000365708,            0.0000027564,           13.2675694842
          893.2274331575,            0.0000246519,            0.0000380587,            0.0000029096,           13.0803827056
          905.2575332625,            0.0000260111,            0.0000396008,            0.0000030691,           12.9031655540
          917.2876333725,            0.0000274258,            0.0000411985,            0.0000032350,           12.7352757107
          929.3177334855,            0.0000288976,            0.0000428535,            0.0000034075,           12.5761200830
          941.3478335992,            0.0000304281,            0.0000445672,            0.0000035869,           12.4251504591
          953.3779337103,            0.0000320188,            0.0000463412,            0.0000037731,           12.2818595943
          965.4080338146,            0.0000336712,            0.0000481771,            0.0000039666,           12.1457776832
          977.4381339066,            0.0000353870,            0.0000500764,            0.0000041673,           12.0164691752
          989.4682339793,            0.0000371677,            0.0000520408,            0.0000043756,           11.8935298952
         1001.4983340235,            0.0000390151,            0.0000540720,            0.0000045915,           11.7765844380
         1013.5284340274,            0.0000409307,            0.0000561715,            0.0000048153,           11.6652838070
         1025.5585339757,            0.0000429163,            0.0000583410,            0.0000050471,           11.5593032717
         1037.5886338490,            0.0000449735,            0.0000605823,            0.0000052872,           11.4583404218
         1049.6187336225,            0.0000471041,            0.0000628971,            0.0000055357,           11.3621133974
         1061.6488332651,            0.0000493098,            0.0000652870,            0.0000057928,           11.2703592780
         1073.6789327376,            0.0000515923,            0.0000677540,            0.0000060588,           11.1828326139
         1085.7090319910,            0.0000539536,            0.0000702997,            0.0000063337,           11.0993040862
         1097.7391309647,            0.0000563952,            0.0000729261,            0.0000066179,           11.0195592837
         1109.7692295837,            0.0000589192,            0.0000756348,            0.0000069115,           10.9433975836
         1121.7993277560,            0.0000615273,            0.0000784277,            0.0000072146,           10.8706311276
         1133.8294253695,            0.0000642214,            0.0000813069,            0.0000075277,           10.8010838845
         1145.8595222879,            0.0000670034,            0.0000842740,            0.0000078507,           10.7345907892
         1157.8896183464,            0.0000698752,            0.0000873310,            0.0000081840,           10.6709969540
         1169.9197133472,            0.0000728388,            0.0000904800,            0.0000085277,           10.6101569429
         1181.9498070534,            0.0000758961,            0.0000937227,            0.0000088820,           10.5519341050
         1193.9798991829,            0.0000790490,            0.0000970613,            0.0000092473,           10.4961999607
         1206.0099894013,            0.0000822997,            0.0001004977,            0.0000096236,           10.4428336361
         1218.0400773138,            0.0000856500,            0.0001040339,            0.0000100112,           10.3917213421
         1230.0701624563,            0.0000891021,            0.0001076720,            0.0000104104,           10.3427558935
         1242.1002442855,            0.0000926580,            0.0001114140,            0.0000108213,           10.2958362648
         1254.1303221680,            0.0000963198,            0.0001152621,            0.0000112441,           10.2508671796
         1266.1603953678,            0.0001000896,            0.0001192182,            0.0000116792,           10.2077587314
         1278.1904630334,            0.0001039695,            0.0001232847,            0.0000121266,           10.1664260322
         1290.2205241827,            0.0001079617,            0.0001274635,            0.0000125868,           10.1267888866
         1302.2505776876,            0.0001120683,            0.0001317569,            0.0000130598,           10.0887714905
         1314.2806222561,            0.0001162915,            0.0001361671,            0.0000135459,           10.0523021510
         1326.3106564136,            0.0001206335,            0.0001406962,            0.0000140453,           10.0173130266
         1338.3406784825,            0.0001250966,            0.0001453465,            0.0000145583,            9.9837398859
         1350.3706865604,            0.0001296830,            0.0001501203,            0.0000150852,            9.9515218831
         1362.4006784963,            0.0001343950,            0.0001550197,            0.0000156260,            9.9206013491
         1374.4306518652,            0.0001392348,            0.0001600471,            0.0000161812,            9.8909235975
         1386.4606039415,            0.0001442047,            0.0001652049,            0.0000167509,            9.8624367434
         1398.4905316696,            0.0001493071,            0.0001704952,            0.0000173354,            9.8350915349
         1410.5204316338,            0.0001545443,            0.0001759205,            0.0000179349,            9.8088411953
         1422.5503000257,            0.0001599186,            0.0001814830,            0.0000185496,            9.7836412770
         1434.5801326100,            0.0001654324,            0.0001871853,            0.0000191799,            9.7594495241
         1446.6099246883,            0.0001710882,            0.0001930296,            0.0000198259,            9.7362257441
         1458.6396710614,            0.0001768883,            0.0001990184,            0.0000204879,            9.7139316889
         1470.6693659893,            0.0001828351,            0.0002051540,            0.0000211662,            9.6925309422
         1482.6990031496,            0.0001889310,            0.0002114390,            0.0000218610,            9.6719888153
         1494.7285755941,            0.0001951786,            0.0002178757,            0.0000225725,            9.6522722490
         1506.7580757036,            0.0002015802,            0.0002244666,            0.0000233010,            9.6333497214
         1518.7874951411,            0.0002081384,            0.0002312143,            0.0000240468,            9.6151911625
         1530.8168248025,            0.0002148555,            0.0002381211,            0.0000248100,            9.5977678734
         1542.8460547670,            0.0002217342,            0.0002451895,            0.0000255911,            9.5810524503
         1554.8751742447,            0.0002287769,            0.0002524222,            0.0000263901,            9.5650187143
         1566.9041715231,            0.0002359860,            0.0002598215,            0.0000272075,            9.5496416440
         1578.9330339124,            0.0002433643,            0.0002673900,            0.0000280433,            9.5348973140
         1590.9617476888,            0.0002509141,            0.0002751303,            0.0000288979,            9.5207628351
         1602.9902980372,            0.0002586380,            0.0002830448,            0.0000297716,            9.5072163002
         1615.0186689920,            0.0002665385,            0.0002911361,            0.0000306645,            9.4942367319
         1627.0468433776,            0.0002746182,            0.0002994068,            0.0000315770,            9.4818040336
         1639.0748027469,            0.0002828796,            0.0003078593,            0.0000325093,            9.4698989444
         1651.1025273198,            0.0002913254,            0.0003164963,            0.0000334616,            9.4585029952
         1663.1299959203,            0.0002999579,            0.0003253203,            0.0000344342,            9.4475984688
         1675.1571859136,            0.0003087798,            0.0003343339,            0.0000354274,            9.4371683611
         1687.1840731417,            0.0003177936,            0.0003435395,            0.0000364413,            9.4271963457
         1699.2106318598,            0.0003270018,            0.0003529397,            0.0000374763,            9.4176667398
         1711.2368346709,            0.0003364071,            0.0003625371,            0.0000385327,            9.4085644722
         1723.2626524622,            0.0003460119,            0.0003723343,            0.0000396106,            9.3998750535
         1735.2880543396,            0.0003558187,            0.0003823336,            0.0000407102,            9.3915845475
         1747.3130075632,            0.0003658301,            0.0003925377,            0.0000418320,            9.3836795449
         1759.3374774834,            0.0003760486,            0.0004029491,            0.0000429760,            9.3761471374
         1771.3614274768,            0.0003864767,            0.0004135702,            0.0000441425,            9.3689748950
         1783.3848188825,            0.0003971169,            0.0004244036,            0.0000453319,            9.3621508426
         1795.4076109400,            0.0004079717,            0.0004354517,            0.0000465442,            9.3556634393
         1807.4297607266,            0.0004190434,            0.0004467171,            0.0000477798,            9.3495015586
         1819.4512230972,            0.0004303346,            0.0004582020,            0.0000490388,            9.3436544692
         1831.4719506237,            0.0004418477,            0.0004699090,            0.0000503216,            9.3381118174
         1843.4918935369,            0.0004535851,            0.0004818405,            0.0000516284,            9.3328636104
         1855.5109996689,            0.0004655491,            0.0004939989,            0.0000529593,            9.3279002000
         1867.5292143971,            0.0004777423,            0.0005063864,            0.0000543146,            9.3232122681
         1879.5464805905,            0.0004901668,            0.0005190056,            0.0000556945,            9.3187908122
         1891.5627385562,            0.0005028250,            0.0005318586,            0.0000570993,            9.3146271319
         1903.5779259896,            0.0005157192,            0.0005449479,            0.0000585291,            9.3107128167
         1915.5919779249,            0.0005288518,            0.0005582755,            0.0000599842,            9.3070397331
         1927.6048266887,            0.0005422248,            0.0005718439,            0.0000614648,            9.3036000142
         1939.6164018550,            0.0005558405,            0.0005856552,            0.0000629711,            9.3003860483
         1951.6266302032,            0.0005697012,            0.0005997115,            0.0000645032,            9.2973904687
         1963.6354356777,            0.0005838089,            0.0006140151,            0.0000660614,            9.2946061443
         1975.6427393503,            0.0005981657,            0.0006285680,            0.0000676460,            9.2920261705
         1987.6484593849,            0.0006127738,            0.0006433724,            0.0000692569,            9.2896438598
         1999.6525110050,            0.0006276352,            0.0006584301,            0.0000708946,            9.2874527346
         2011.6548064639,            0.0006427518,            0.0006737433,            0.0000725591,            9.2854465183
         2023.6552550167,            0.0006581257,            0.0006893140,            0.0000742506,            9.2836191285
         2035.6537628966,            0.0006737588,            0.0007051439,            0.0000759693,            9.2819646700
         2047.6502332925,            0.0006896528,            0.0007212351,            0.0000777153,            9.2804774273
         2059.6445663302,            0.0007058098,            0.0007375893,            0.0000794889,            9.2791518591
         2071.6366590566,            0.0007222315,            0.0007542084,            0.0000812901,            9.2779825917
         2083.6264054264,            0.0007389195,            0.0007710941,            0.0000831192,            9.2769644132
         2095.6136962920,            0.0007558758,            0.0007882481,            0.0000849763,            9.2760922681
         2107.5984193959,            0.0007731018,            0.0008056720,            0.0000868615,            9.2753612519
         2119.5804593671,            0.0007905992,            0.0008233675,            0.0000887750,            9.2747666063
         2131.5596977191,            0.0008083696,            0.0008413362,            0.0000907169,            9.2743037139
         2143.5360128523,            0.0008264144,            0.0008595794,            0.0000926873,            9.2739680941
         2155.5092800580,            0.0008447352,            0.0008780988,            0.0000946864,            9.2737553985
         2167.4793715265,            0.0008633334,            0.0008968957,            0.0000967143,            9.2736614065
         2179.4461563576,            0.0008822103,            0.0009159715,            0.0000987711,            9.2736820217
         2191.4095005741,            0.0009013672,            0.0009353274,            0.0001008568,            9.2738132675
         2203.3692671382,            0.0009208053,            0.0009549647,            0.0001029717,            9.2740512839
         2215.3253159710,            0.0009405259,            0.0009748847,            0.0001051157,            9.2743923237
         2227.2775039743,            0.0009605302,            0.0009950884,            0.0001072891,            9.2748327489
         2239.2256850563,            0.0009808191,            0.0010155770,            0.0001094918,            9.2753690279
         2251.1697101585,            0.0010013937,            0.0010363514,            0.0001117240,            9.2759977318
         2263.1094272869,            0.0010222551,            0.0010574126,            0.0001139857,            9.2767155320
         2275.0446815447,            0.0010434041,            0.0010787616,            0.0001162769,            9.2775191966
         2286.9753151682,            0.0010648415,            0.0011003992,            0.0001185979,            9.2784055879
         2298.9011675651,            0.0010865682,            0.0011223263,            0.0001209485,            9.2793716599
         2310.8220753554,            0.0011085849,            0.0011445434,            0.0001233289,            9.2804144554
         2322.7378724145,            0.0011308924,            0.0011670514,            0.0001257391,            9.2815311034
         2334.6483899190,            0.0011534911,            0.0011898508,            0.0001281791,            9.2827188170
         2346.5534563943,            0.0011763817,            0.0012129423,            0.0001306490,            9.2839748907
         2358.4528977649,            0.0011995648,            0.0012363262,            0.0001331488,            9.2852966983
         2370.3465374067,            0.0012230406,            0.0012600031,            0.0001356785,            9.2866816907
         2382.2341962013,            0.0012468097,            0.0012839734,            0.0001382381,            9.2881273937
         2394.1156925922,            0.0012708724,            0.0013082372,            0.0001408277,            9.2896314059
         2405.9908426430,            0.0012952288,            0.0013327950,            0.0001434472,            9.2911913969
         2417.8594600978,            0.0013198793,            0.0013576470,            0.0001460966,            9.2928051050
         2429.7213564426,            0.0013448239,            0.0013827932,            0.0001487759,            9.2944703355
         2441.5763409687,            0.0013700628,            0.0014082337,            0.0001514851,            9.2961849593
         2453.4242208384,            0.0013955960,            0.0014339686,            0.0001542242,            9.2979469101
         2465.2648011505,            0.0014214234,            0.0014599978,            0.0001569932,            9.2997541838
         2477.0978850091,            0.0014475450,            0.0014863213,            0.0001597919,            9.3016048360
         2488.9232735923,            0.0014739605,            0.0015129388,            0.0001626204,            9.3034969809
         2500.7407662229,            0.0015006699,            0.0015398503,            0.0001654787,            9.3054287893
         2512.5501604399,            0.0015276728,            0.0015670553,            0.0001683666,            9.3073984874
         2524.3512520713,            0.0015549688,            0.0015945535,            0.0001712842,            9.3094043552
         2536.1438353074,            0.0015825577,            0.0016223447,            0.0001742313,            9.3114447248
         2547.9277027756,            0.0016104390,            0.0016504283,            0.0001772078,            9.3135179795
         2559.7026456158,            0.0016386121,            0.0016788038,            0.0001802138,            9.3156225519
         2571.4684535559,            0.0016670766,            0.0017074706,            0.0001832491,            9.3177569227
         2583.2249149889,            0.0016958317,            0.0017364282,            0.0001863136,            9.3199196198
         2594.9718170501,            0.0017248769,            0.0017656759,            0.0001894073,            9.3221092164
         2606.7089456943,            0.0017542114,            0.0017952130,            0.0001925301,            9.3243243301
         2618.4360857745,            0.0017838345,            0.0018250386,            0.0001956818,            9.3265636217
         2630.1530211195,            0.0018137452,            0.0018551519,            0.0001988623,            9.3288257939
         2641.8595346130,            0.0018439428,            0.0018855521,            0.0002020716,            9.3311095904
         2653.5554082722,            0.0018744263,            0.0019162382,            0.0002053095,            9.3334137944
         2665.2404233265,            0.0019051946,            0.0019472093,            0.0002085758,            9.3357372277
         2676.9143602960,            0.0019362468,            0.0019784642,            0.0002118706,            9.3380787499
         2688.5769990709,            0.0019675818,            0.0020100018,            0.0002151935,            9.3404372569
         2700.2281189895,            0.0019991985,            0.0020418211,            0.0002185446,            9.3428116801
         2711.8674989166,            0.0020310955,            0.0020739209,            0.0002219236,            9.3452009855
         2723.4949173218,            0.0020632718,            0.0021062998,            0.0002253304,            9.3476041728
         2735.1101523572,            0.0020957260,            0.0021389566,            0.0002287649,            9.3500202740
         2746.7129819345,            0.0021284568,            0.0021718900,            0.0002322269,            9.3524483532
         2758.3031838021,            0.0021614628,            0.0022050986,            0.0002357162,            9.3548875051
         2769.8805356212,            0.0021947425,            0.0022385810,            0.0002392327,            9.3573368544
         2781.4448150418,            0.0022282946,            0.0022723357,            0.0002427762,            9.3597955551
         2792.9957997778,            0.0022621176,            0.0023063611,            0.0002463465,            9.3622627892
         2804.5332676812,            0.0022962098,            0.0023406558,            0.0002499435,            9.3647377665
         2816.0569968158,            0.0023305696,            0.0023752180,            0.0002535670,            9.3672197235
         2827.5667655305,            0.0023651955,            0.0024100463,            0.0002572168,            9.3697079224
         2839.0623525308,            0.0024000858,            0.0024451389,            0.0002608927,            9.3722016510
         2850.5435369504,            0.0024352387,            0.0024804940,            0.0002645945,            9.3747002213
         2862.0100984212,            0.0024706525,            0.0025161100,            0.0002683220,            9.3772029693
         2873.4618171427,            0.0025063254,            0.0025519850,            0.0002720751,            9.3797092541
         2884.8984739505,            0.0025422556,            0.0025881173,            0.0002758534,            9.3822184572
         2896.3198503829,            0.0025784412,            0.0026245049,            0.0002796569,            9.3847299818
         2907.7257287480,            0.0026148804,            0.0026611459,            0.0002834853,            9.3872432525
         2919.1158921878,            0.0026515711,            0.0026980384,            0.0002873384,            9.3897577142
         2930.4901247430,            0.0026885115,            0.0027351805,            0.0002912160,            9.3922728320
         2941.8482114152,            0.0027256996,            0.0027725701,            0.0002951179,            9.3947880903
         2953.1899382288,            0.0027631332,            0.0028102052,            0.0002990438,            9.3973029920
         2964.5150922912,            0.0028008105,            0.0028480839,            0.0003029935,            9.3998170587
         2975.8234618520,            0.0028387293,            0.0028862039,            0.0003069669,            9.4023298294
         2987.1148363608,            0.0028768874,            0.0029245631,            0.0003109636,            9.4048408604
         2998.3890065240,            0.0029152828,            0.0029631595,            0.0003149835,            9.4073497246
         3009.6457643599,            0.0029539133,            0.0030019908,            0.0003190262,            9.4098560110
         3020.8849032528,            0.0029927766,            0.0030410549,            0.0003230917,            9.4123593245
         3032.1062180057,            0.0030318707,            0.0030803496,            0.0003271796,            9.4148592850
         3043.3095048916,            0.0030711932,            0.0031198726,            0.0003312897,            9.4173555273
         3054.4945617033,            0.0031107420,            0.0031596216,            0.0003354217,            9.4198477003
         3065.6611878025,            0.0031505146,            0.0031995944,            0.0003395755,            9.4223354670
         3076.8091841665,            0.0031905089,            0.0032397887,            0.0003437508,            9.4248185036
         3087.9383534348,            0.0032307225,            0.0032802021,            0.0003479473,            9.4272964997
         3099.0484999529,            0.0032711531,            0.0033208323,            0.0003521647,            9.4297691571
         3110.1394298160,            0.0033117983,            0.0033616769,            0.0003564030,            9.4322361902
         3121.2109509105,            0.0033526557,            0.0034027337,            0.0003606617,            9.4346973250
         3132.2628729547,            0.0033937230,            0.0034440001,            0.0003649406,            9.4371522991
         3143.2950075374,            0.0034349978,            0.0034854737,            0.0003692395,            9.4396008614
         3154.3071681559,            0.0034764776,            0.0035271522,            0.0003735582,            9.4420427713
         3165.2991702523,            0.0035181600,            0.0035690332,            0.0003778963,            9.4444777989
         3176.2708312481,            0.0035600426,            0.0036111141,            0.0003822536,            9.4469057243
         3187.2219705781,            0.0036021229,            0.0036533925,            0.0003866299,            9.4493263375
         3198.1524097225,            0.0036443984,            0.0036958659,            0.0003910249,            9.4517394378
         3209.0619722376,            0.0036868667,            0.0037385319,            0.0003954384,            9.4541448339
         3219.9504837855,            0.0037295253,            0.0037813879,            0.0003998700,            9.4565423433
         3230.8177721624,            0.0037723717,            0.0038244316,            0.0004043196,            9.4589317922
         3241.6636673252,            0.0038154033,            0.0038676602,            0.0004087868,            9.4613130150
         3252.4880014171,            0.0038586178,            0.0039110715,            0.0004132715,            9.4636858544
         3263.2906087922,            0.0039020125,            0.0039546627,            0.0004177733,            9.4660501607
         3274.0713260380,            0.0039455849,            0.0039984315,            0.0004222919,            9.4684057918
         3284.8299919977,            0.0039893326,            0.0040423752,            0.0004268272,            9.4707526130
         3295.5664477901,            0.0040332530,            0.0040864913,            0.0004313789,            9.4730904966
         3306.2805368293,            0.0040773435,            0.0041307774,            0.0004359467,            9.4754193217
         3316.9721048424,            0.0041216016,            0.0041752308,            0.0004405303,            9.4777389741
         3327.6409998865,            0.0041660248,            0.0042198490,            0.0004451294,            9.4800493460
         3338.2870723640,            0.0042106105,            0.0042646294,            0.0004497439,            9.4823503357
         3348.9101750376,            0.0042553562,            0.0043095696,            0.0004543735,            9.4846418476
         3359.5101630431,            0.0043002594,            0.0043546670,            0.0004590178,            9.4869237917
         3370.0868939016,            0.0043453174,            0.0043999190,            0.0004636767,            9.4891960838
         3380.6402275309,            0.0043905279,            0.0044453231,            0.0004683498,            9.4914586449
         3391.1700262548,            0.0044358882,            0.0044908768,            0.0004730370,            9.4937114013
         3401.6761548126,            0.0044813958,            0.0045365774,            0.0004777379,            9.4959542843
         3412.1584803663,            0.0045270481,            0.0045824225,            0.0004824523,            9.4981872303
         3422.6168725080,            0.0045728427,            0.0046284096,            0.0004871800,            9.5004101799
         3433.0512032649,            0.0046187770,            0.0046745360,            0.0004919206,            9.5026230787
         3443.4613471044,            0.0046648484,            0.0047207994,            0.0004966739,            9.5048258764
         3453.8471809379,            0.0047110546,            0.0047671971,            0.0005014398,            9.5070185271
         3464.2085841232,            0.0047573929,            0.0048137266,            0.0005062178,            9.5092009888
         3474.5454384669,            0.0048038608,            0.0048603855,            0.0005110078,            9.5113732237
         3484.8576282248,            0.0048504560,            0.0049071713,            0.0005158094,            9.5135351974
         3495.1450401018,            0.0048971757,            0.0049540813,            0.0005206226,            9.5156868795
         3505.4075632518,            0.0049440177,            0.0050011133,            0.0005254469,            9.5178282430
         3515.6450892751,            0.0049909794,            0.0050482646,            0.0005302822,            9.5199592642
