            1.7150092563,            0.0000000000,            0.0000000256,            0.0000000000,28384805089719914496.0000000000
            5.7196023531,            0.0000000000,            0.0000000853,            0.0000000000,     68195691.0162198842
            9.6463787137,            0.0000000000,            0.0000001438,            0.0000000000,      5018355.3574809553
           13.4388165048,            0.0000000000,            0.0000002004,            0.0000000000,      1571563.8858534896
           17.1308647092,            0.0000000000,            0.0000002555,            0.0000000000,       729758.8107696640
           20.7455883720,            0.0000000000,            0.0000003094,            0.0000000000,       406213.1661894313
           24.2981207955,            0.0000000000,            0.0000003624,            0.0000000000,       251813.3164042053
           27.7989196511,            0.0000000000,            0.0000004146,            0.0000000000,       167892.4522690894
           31.2555749557,            0.0000000000,            0.0000004661,            0.0000000000,       118042.9295074394
           34.6738189428,            0.0000000001,            0.0000005171,            0.0000000000,        86434.2294753796
           38.0581206595,            0.0000000001,            0.0000005676,            0.0000000000,        65356.7334885504
           41.4120549755,            0.0000000001,            0.0000006177,            0.0000000000,        50725.9450605689
           44.7385423445,            0.0000000001,            0.0000006673,            0.0000000000,        40231.2244693281
           48.0400107784,            0.0000000002,            0.0000007166,            0.0000000000,        32494.5072747651
           51.3185089475,            0.0000000002,            0.0000007655,            0.0000000000,        26657.2897751709
           54.5757874123,            0.0000000003,            0.0000008142,            0.0000000000,        22164.7683734545
           57.8133583989,            0.0000000004,            0.0000008625,            0.0000000000,        18647.0025340000
           61.0325407197,            0.0000000005,            0.0000009106,            0.0000000001,        15850.5513799214
           64.2344941598,            0.0000000006,            0.0000009585,            0.0000000001,        13597.6333980590
           67.4202462269,            0.0000000007,            0.0000010061,            0.0000000001,        11760.9148416841
           70.5907132653,            0.0000000009,            0.0000010536,            0.0000000001,        10247.4913755651
           73.7467173338,            0.0000000010,            0.0000011008,            0.0000000001,         8988.4478800006
           76.8889998565,            0.0000000012,            0.0000011478,            0.0000000001,         7931.8973643274
           80.0182327774,            0.0000000014,            0.0000011947,            0.0000000002,         7038.2438496784
           83.1350277628,            0.0000000017,            0.0000012414,            0.0000000002,         6276.8986944672
           86.2399438582,            0.0000000019,            0.0000012880,            0.0000000002,         5623.9659955386
           89.3334939097,            0.0000000022,            0.0000013344,            0.0000000003,         5060.5859768063
           92.4161499892,            0.0000000025,            0.0000013807,            0.0000000003,         4571.7326246347
           95.4883480070,            0.0000000029,            0.0000014269,            0.0000000003,         4145.3297289828
           98.5504916594,            0.0000000033,            0.0000014730,            0.0000000004,         3771.5932628307
          101.6029558251,            0.0000000037,            0.0000015189,            0.0000000004,         3442.5367502417
          104.6460895041,            0.0000000042,            0.0000015648,            0.0000000005,         3151.5954203368
          107.6802183726,            0.0000000047,            0.0000016106,            0.0000000006,         2893.3379022451
          110.7056470146,            0.0000000052,            0.0000016562,            0.0000000006,         2663.2431077151
          113.7226608793,            0.0000000058,            0.0000017018,            0.0000000007,         2457.5261287064
          116.7315280057,            0.0000000064,            0.0000017473,            0.0000000008,         2273.0013255052
          119.7325005466,            0.0000000071,            0.0000017928,            0.0000000009,         2106.9738746277
          122.7258161220,            0.0000000079,            0.0000018382,            0.0000000009,         1957.1532702762
          125.7116990231,            0.0000000087,            0.0000018835,            0.0000000010,         1821.5838885544
          128.6903612884,            0.0000000095,            0.0000019288,            0.0000000011,         1698.5889077849
          131.6620036675,            0.0000000104,            0.0000019741,            0.0000000012,         1586.7247539302
          134.6268164869,            0.0000000114,            0.0000020193,            0.0000000014,         1484.7438930616
          137.5849804309,            0.0000000124,            0.0000020644,            0.0000000015,         1391.5642835417
          140.5366672454,            0.0000000135,            0.0000021096,            0.0000000016,         1306.2441721433
          143.4820403774,            0.0000000147,            0.0000021547,            0.0000000018,         1227.9612016556
          146.4212555530,            0.0000000159,            0.0000021998,            0.0000000019,         1155.9950150351
          149.3544613053,            0.0000000173,            0.0000022448,            0.0000000021,         1089.7127092026
          152.2817994543,            0.0000000187,            0.0000022899,            0.0000000022,         1028.5566222164
          155.2034055461,            0.0000000201,            0.0000023350,            0.0000000024,          972.0340396766
          158.1194092542,            0.0000000217,            0.0000023800,            0.0000000026,          919.7084865143
          161.0299347480,            0.0000000233,            0.0000024251,            0.0000000028,          871.1923337754
          163.9351010314,            0.0000000251,            0.0000024702,            0.0000000030,          826.1405004269
          166.8350222536,            0.0000000269,            0.0000025153,            0.0000000032,          784.2450704541
          169.7298079969,            0.0000000288,            0.0000025604,            0.0000000034,          745.2306777886
          172.6195635409,            0.0000000308,            0.0000026055,            0.0000000037,          708.8505376100
          175.5043901083,            0.0000000329,            0.0000026507,            0.0000000039,          674.8830235932
          178.3843850910,            0.0000000351,            0.0000026959,            0.0000000042,          643.1287077638
          181.2596422611,            0.0000000375,            0.0000027411,            0.0000000045,          613.4077935561
          184.1302519660,            0.0000000399,            0.0000027864,            0.0000000048,          585.5578840815
          186.9963013102,            0.0000000424,            0.0000028317,            0.0000000051,          559.4320369883
          189.8578743242,            0.0000000451,            0.0000028771,            0.0000000054,          534.8970650247
          192.7150521223,            0.0000000479,            0.0000029225,            0.0000000057,          511.8320478153
          195.5679130498,            0.0000000508,            0.0000029680,            0.0000000061,          490.1270256722
          198.4165328203,            0.0000000538,            0.0000030135,            0.0000000064,          469.6818506846
          201.2609846443,            0.0000000569,            0.0000030591,            0.0000000068,          450.4051740243
          204.1013393496,            0.0000000602,            0.0000031048,            0.0000000072,          432.2135515041
          206.9376654943,            0.0000000636,            0.0000031505,            0.0000000076,          415.0306520240
          209.7700294725,            0.0000000672,            0.0000031964,            0.0000000080,          398.7865557344
          212.5984956135,            0.0000000709,            0.0000032423,            0.0000000085,          383.4171305975
          215.4231262760,            0.0000000747,            0.0000032883,            0.0000000089,          368.8634775961
          218.2439819353,            0.0000000787,            0.0000033344,            0.0000000094,          355.0714361726
          221.0611212665,            0.0000000829,            0.0000033806,            0.0000000099,          341.9911426161
          223.8746012227,            0.0000000872,            0.0000034269,            0.0000000104,          329.5766350807
          226.6844771084,            0.0000000916,            0.0000034733,            0.0000000109,          317.7854997512
          229.4908026491,            0.0000000962,            0.0000035198,            0.0000000115,          306.5785533764
          232.2936300571,            0.0000001010,            0.0000035665,            0.0000000121,          295.9195580058
          235.0930100936,            0.0000001060,            0.0000036132,            0.0000000126,          285.7749642869
          237.8889921276,            0.0000001111,            0.0000036601,            0.0000000133,          276.1136801351
          240.6816241914,            0.0000001164,            0.0000037071,            0.0000000139,          266.9068619795
          243.4709530334,            0.0000001219,            0.0000037543,            0.0000000145,          258.1277261266
          246.2570241684,            0.0000001276,            0.0000038016,            0.0000000152,          249.7513780806
          249.0398819248,            0.0000001335,            0.0000038490,            0.0000000159,          241.7546579118
          251.8195694897,            0.0000001395,            0.0000038966,            0.0000000166,          234.1159999896
          254.5961289520,            0.0000001458,            0.0000039443,            0.0000000174,          226.8153055924
          257.3696013426,            0.0000001523,            0.0000039922,            0.0000000182,          219.8338270722
          260.1400266739,            0.0000001589,            0.0000040402,            0.0000000190,          213.1540624069
          262.9074439757,            0.0000001658,            0.0000040884,            0.0000000198,          206.7596590979
          265.6718913310,            0.0000001729,            0.0000041368,            0.0000000206,          200.6353264902
          268.4334059092,            0.0000001802,            0.0000041853,            0.0000000215,          194.7667556888
          271.1920239976,            0.0000001877,            0.0000042341,            0.0000000224,          189.1405463376
          273.9477810323,            0.0000001955,            0.0000042830,            0.0000000233,          183.7441396043
          276.7007116266,            0.0000002034,            0.0000043321,            0.0000000243,          178.5657567818
          279.4508495987,            0.0000002116,            0.0000043814,            0.0000000252,          173.5943429823
          282.1982279981,            0.0000002201,            0.0000044309,            0.0000000262,          168.8195154507
          284.9428791306,            0.0000002288,            0.0000044806,            0.0000000273,          164.2315160745
          287.6848345820,            0.0000002377,            0.0000045305,            0.0000000283,          159.8211677093
          290.4241252412,            0.0000002469,            0.0000045806,            0.0000000294,          155.5798339765
          293.1607813219,            0.0000002564,            0.0000046309,            0.0000000306,          151.4993822255
          295.8948323829,            0.0000002661,            0.0000046815,            0.0000000317,          147.5721493817
          298.6263073484,            0.0000002760,            0.0000047323,            0.0000000329,          143.7909104285
          301.3552345264,            0.0000002862,            0.0000047833,            0.0000000341,          140.1488492962
          304.0816416268,            0.0000002967,            0.0000048345,            0.0000000354,          136.6395319522
          306.8055557784,            0.0000003075,            0.0000048860,            0.0000000367,          133.2568815070
          309.5270035449,            0.0000003186,            0.0000049377,            0.0000000380,          129.9951551653
          312.2460109406,            0.0000003299,            0.0000049897,            0.0000000393,          126.8489228713
          314.9626034445,            0.0000003416,            0.0000050420,            0.0000000407,          123.8130475072
          317.6768060145,            0.0000003535,            0.0000050945,            0.0000000421,          120.8826665190
          320.3886431005,            0.0000003657,            0.0000051472,            0.0000000436,          118.0531748546
          323.0981386563,            0.0000003783,            0.0000052002,            0.0000000451,          115.3202091089
          325.8053161515,            0.0000003911,            0.0000052536,            0.0000000466,          112.6796327803
          328.5101985822,            0.0000004043,            0.0000053071,            0.0000000482,          110.1275225516
          331.2128084817,            0.0000004177,            0.0000053610,            0.0000000498,          107.6601555153
          333.9131679294,            0.0000004315,            0.0000054152,            0.0000000514,          105.2739972705
          336.6112985601,            0.0000004456,            0.0000054697,            0.0000000531,          102.9656908244
          339.3072215721,            0.0000004601,            0.0000055244,            0.0000000548,          100.7320462385
          342.0009577350,            0.0000004749,            0.0000055795,            0.0000000566,           98.5700309619
          344.6925273963,            0.0000004900,            0.0000056349,            0.0000000584,           96.4767608018
          347.3819504883,            0.0000005055,            0.0000056906,            0.0000000602,           94.4494914840
          350.0692465333,            0.0000005213,            0.0000057466,            0.0000000621,           92.4856107588
          352.7544346494,            0.0000005375,            0.0000058029,            0.0000000641,           90.5826310149
          355.4375335547,            0.0000005541,            0.0000058596,            0.0000000660,           88.7381823628
          358.1185615713,            0.0000005710,            0.0000059166,            0.0000000680,           86.9500061551
          360.7975366291,            0.0000005882,            0.0000059739,            0.0000000701,           85.2159489125
          363.4744762686,            0.0000006059,            0.0000060316,            0.0000000722,           83.5339566270
          366.1493976432,            0.0000006239,            0.0000060897,            0.0000000744,           81.9020694157
          368.8223175211,            0.0000006423,            0.0000061481,            0.0000000765,           80.3184165020
          371.4932522869,            0.0000006612,            0.0000062068,            0.0000000788,           78.7812115001
          374.1622179421,            0.0000006804,            0.0000062660,            0.0000000811,           77.2887479838
          376.8292301057,            0.0000007000,            0.0000063255,            0.0000000834,           75.8393953191
          379.4943040145,            0.0000007200,            0.0000063854,            0.0000000858,           74.4315947440
          382.1574545215,            0.0000007404,            0.0000064456,            0.0000000882,           73.0638556781
          384.8186960962,            0.0000007612,            0.0000065063,            0.0000000907,           71.7347522478
          387.4780428223,            0.0000007825,            0.0000065673,            0.0000000932,           70.4429200119
          390.1355083961,            0.0000008042,            0.0000066288,            0.0000000958,           69.1870528761
          392.7911061245,            0.0000008263,            0.0000066906,            0.0000000984,           67.9659001828
          395.4448489222,            0.0000008488,            0.0000067529,            0.0000001011,           66.7782639652
          398.0967493090,            0.0000008718,            0.0000068155,            0.0000001039,           65.6229963565
          400.7468194062,            0.0000008952,            0.0000068786,            0.0000001066,           64.4989971430
          403.3950709331,            0.0000009191,            0.0000069421,            0.0000001095,           63.4052114530
          406.0415152033,            0.0000009434,            0.0000070061,            0.0000001124,           62.3406275724
          408.6861631204,            0.0000009682,            0.0000070705,            0.0000001153,           61.3042748799
          411.3290251735,            0.0000009935,            0.0000071353,            0.0000001183,           60.2952218942
          413.9701114325,            0.0000010192,            0.0000072006,            0.0000001214,           59.3125744259
          416.6094315433,            0.0000010454,            0.0000072663,            0.0000001245,           58.3554738292
          419.2469947227,            0.0000010721,            0.0000073324,            0.0000001277,           57.4230953454
          421.8828097532,            0.0000010992,            0.0000073991,            0.0000001309,           56.5146465347
          424.5168849772,            0.0000011269,            0.0000074661,            0.0000001342,           55.6293657904
          427.1492282919,            0.0000011550,            0.0000075337,            0.0000001376,           54.7665209293
          429.7798471435,            0.0000011837,            0.0000076017,            0.0000001410,           53.9254078568
          432.4087485213,            0.0000012128,            0.0000076703,            0.0000001444,           53.1053492995
          435.0359389519,            0.0000012424,            0.0000077393,            0.0000001480,           52.3056936033
          437.6614244936,            0.0000012726,            0.0000078087,            0.0000001516,           51.5258135922
          440.2852107301,            0.0000013033,            0.0000078787,            0.0000001552,           50.7651054852
          442.9073027649,            0.0000013345,            0.0000079492,            0.0000001589,           50.0229878673
          445.5277052154,            0.0000013662,            0.0000080202,            0.0000001627,           49.2989007122
          448.1464222069,            0.0000013985,            0.0000080917,            0.0000001665,           48.5923044530
          450.7634573670,            0.0000014313,            0.0000081637,            0.0000001704,           47.9026790997
          453.3788138197,            0.0000014646,            0.0000082362,            0.0000001744,           47.2295233991
          455.9924941801,            0.0000014985,            0.0000083093,            0.0000001784,           46.5723540366
          458.6045005488,            0.0000015329,            0.0000083828,            0.0000001825,           45.9307048758
          461.2148345064,            0.0000015679,            0.0000084569,            0.0000001867,           45.3041262356
          463.8234971084,            0.0000016034,            0.0000085315,            0.0000001909,           44.6921842019
          466.4304888805,            0.0000016395,            0.0000086067,            0.0000001952,           44.0944599719
          469.0358098135,            0.0000016762,            0.0000086824,            0.0000001995,           43.5105492296
          471.6394593584,            0.0000017134,            0.0000087587,            0.0000002040,           42.9400615510
          474.2414364228,            0.0000017513,            0.0000088355,            0.0000002085,           42.3826198375
          476.8417393662,            0.0000017896,            0.0000089129,            0.0000002130,           41.8378597749
          479.4403659962,            0.0000018286,            0.0000089908,            0.0000002177,           41.3054293186
          482.0373135647,            0.0000018682,            0.0000090693,            0.0000002224,           40.7849882021
          484.6325787653,            0.0000019083,            0.0000091483,            0.0000002271,           40.2762074679
          487.2261577292,            0.0000019490,            0.0000092279,            0.0000002320,           39.7787690208
          489.8180460233,            0.0000019904,            0.0000093081,            0.0000002369,           39.2923652001
          492.4082386474,            0.0000020323,            0.0000093889,            0.0000002419,           38.8166983728
          494.9967300321,            0.0000020748,            0.0000094703,            0.0000002469,           38.3514805440
          497.5835140370,            0.0000021180,            0.0000095522,            0.0000002521,           37.8964329850
          500.1685839493,            0.0000021617,            0.0000096347,            0.0000002573,           37.4512858785
          502.7519324829,            0.0000022061,            0.0000097178,            0.0000002625,           37.0157779790
          505.3335517774,            0.0000022511,            0.0000098015,            0.0000002679,           36.5896562881
          507.9134333978,            0.0000022967,            0.0000098858,            0.0000002733,           36.1726757449
          510.4915683343,            0.0000023429,            0.0000099707,            0.0000002788,           35.7645989289
          513.0679470031,            0.0000023897,            0.0000100562,            0.0000002844,           35.3651957766
          515.6425592468,            0.0000024372,            0.0000101423,            0.0000002900,           34.9742433096
          518.2153943353,            0.0000024853,            0.0000102290,            0.0000002957,           34.5915253754
          520.7864409678,            0.0000025340,            0.0000103163,            0.0000003015,           34.2168323981
          523.3556872742,            0.0000025834,            0.0000104042,            0.0000003074,           33.8499611409
          525.9231208174,            0.0000026334,            0.0000104927,            0.0000003133,           33.4907144776
          528.4887285961,            0.0000026840,            0.0000105819,            0.0000003193,           33.1389011744
          531.0524970475,            0.0000027353,            0.0000106717,            0.0000003254,           32.7943356805
          533.6144120509,            0.0000027872,            0.0000107620,            0.0000003316,           32.4568379278
          536.1744589311,            0.0000028398,            0.0000108530,            0.0000003378,           32.1262331381
          538.7326224627,            0.0000028930,            0.0000109446,            0.0000003441,           31.8023516392
          541.2888868745,            0.0000029469,            0.0000110369,            0.0000003505,           31.4850286880
          543.8432358543,            0.0000030014,            0.0000111297,            0.0000003570,           31.1741043006
          546.3956525539,            0.0000030566,            0.0000112232,            0.0000003636,           30.8694230900
          548.9461195948,            0.0000031124,            0.0000113173,            0.0000003702,           30.5708341095
          551.4946190739,            0.0000031689,            0.0000114121,            0.0000003769,           30.2781907028
          554.0411325698,            0.0000032260,            0.0000115074,            0.0000003837,           29.9913503601
          556.5856411492,            0.0000032838,            0.0000116034,            0.0000003906,           29.7101745798
          559.1281253737,            0.0000033422,            0.0000117001,            0.0000003975,           29.4345287356
          561.6685653069,            0.0000034013,            0.0000117973,            0.0000004045,           29.1642819488
          564.2069405223,            0.0000034611,            0.0000118952,            0.0000004116,           28.8993069655
          566.7432301104,            0.0000035215,            0.0000119937,            0.0000004188,           28.6394800387
          569.2774126869,            0.0000035826,            0.0000120929,            0.0000004260,           28.3846808149
          571.8094664013,            0.0000036443,            0.0000121926,            0.0000004334,           28.1347922249
          574.3393689454,            0.0000037067,            0.0000122930,            0.0000004408,           27.8897003787
          576.8670975619,            0.0000037698,            0.0000123941,            0.0000004483,           27.6492944646
          579.3926290535,            0.0000038335,            0.0000124957,            0.0000004558,           27.4134666519
          581.9159397926,            0.0000038979,            0.0000125980,            0.0000004635,           27.1821119972
          584.4370057305,            0.0000039629,            0.0000127010,            0.0000004712,           26.9551283544
          586.9558024074,            0.0000040286,            0.0000128045,            0.0000004790,           26.7324162877
          589.4723049623,            0.0000040950,            0.0000129087,            0.0000004869,           26.5138789878
          591.9864881431,            0.0000041620,            0.0000130135,            0.0000004948,           26.2994221916
          594.4983263173,            0.0000042297,            0.0000131189,            0.0000005029,           26.0889541040
          597.0077934820,            0.0000042980,            0.0000132250,            0.0000005110,           25.8823853235
          599.5148632753,            0.0000043670,            0.0000133316,            0.0000005192,           25.6796287692
          602.0195089868,            0.0000044367,            0.0000134389,            0.0000005274,           25.4805996119
          604.5217035686,            0.0000045070,            0.0000135469,            0.0000005358,           25.2852152062
          607.0214196465,            0.0000045779,            0.0000136554,            0.0000005442,           25.0933950258
          609.5186295315,            0.0000046495,            0.0000137645,            0.0000005527,           24.9050606011
          612.0133052310,            0.0000047218,            0.0000138743,            0.0000005613,           24.7201354582
          614.5054184603,            0.0000047947,            0.0000139847,            0.0000005699,           24.5385450608
          616.9949406542,            0.0000048682,            0.0000140957,            0.0000005786,           24.3602167539
          619.4818429789,            0.0000049424,            0.0000142073,            0.0000005874,           24.1850797089
          621.9660963433,            0.0000050173,            0.0000143195,            0.0000005963,           24.0130648714
          624.4476714113,            0.0000050927,            0.0000144323,            0.0000006053,           23.8441049098
          626.9265386134,            0.0000051689,            0.0000145457,            0.0000006143,           23.6781341666
          629.4026681584,            0.0000052456,            0.0000146597,            0.0000006234,           23.5150886104
          631.8760300458,            0.0000053230,            0.0000147743,            0.0000006326,           23.3549057902
          634.3465940775,            0.0000054011,            0.0000148895,            0.0000006419,           23.1975247907
          636.8143298696,            0.0000054797,            0.0000150053,            0.0000006512,           23.0428861893
          639.2792068646,            0.0000055590,            0.0000151216,            0.0000006606,           22.8909320146
          641.7411943433,            0.0000056389,            0.0000152386,            0.0000006701,           22.7416057056
          644.2002614367,            0.0000057195,            0.0000153561,            0.0000006796,           22.5948520734
          646.6563771379,            0.0000058006,            0.0000154742,            0.0000006893,           22.4506172629
          649.1095103139,            0.0000058824,            0.0000155929,            0.0000006990,           22.3088487161
          651.5596297178,            0.0000059648,            0.0000157122,            0.0000007087,           22.1694951372
          654.0067039999,            0.0000060478,            0.0000158320,            0.0000007186,           22.0325064577
          656.4507017203,            0.0000061314,            0.0000159524,            0.0000007285,           21.8978338036
          658.8915913598,            0.0000062156,            0.0000160734,            0.0000007385,           21.7654294628
          661.3293413318,            0.0000063004,            0.0000161949,            0.0000007485,           21.6352468541
          663.7639199937,            0.0000063858,            0.0000163169,            0.0000007587,           21.5072404968
          666.1952956587,            0.0000064718,            0.0000164395,            0.0000007689,           21.3813659815
          668.6234366065,            0.0000065584,            0.0000165627,            0.0000007791,           21.2575799413
          671.0483110949,            0.0000066456,            0.0000166864,            0.0000007895,           21.1358400246
          673.4698873710,            0.0000067334,            0.0000168106,            0.0000007999,           21.0161048679
          675.8881336818,            0.0000068217,            0.0000169354,            0.0000008104,           20.8983340703
          678.3030182855,            0.0000069107,            0.0000170607,            0.0000008209,           20.7824881677
          680.7145094619,            0.0000070002,            0.0000171865,            0.0000008315,           20.6685286090
          683.1225755234,            0.0000070902,            0.0000173128,            0.0000008422,           20.5564177318
          685.5271848249,            0.0000071809,            0.0000174397,            0.0000008530,           20.4461187398
          687.9283057751,            0.0000072721,            0.0000175670,            0.0000008638,           20.3375956799
          690.3259068455,            0.0000073638,            0.0000176949,            0.0000008747,           20.2308134211
          692.7199565814,            0.0000074561,            0.0000178233,            0.0000008856,           20.1257376330
          695.1104236116,            0.0000075490,            0.0000179521,            0.0000008966,           20.0223347652
          697.4972766577,            0.0000076424,            0.0000180815,            0.0000009077,           19.9205720279
          699.8804845441,            0.0000077363,            0.0000182113,            0.0000009188,           19.8204173723
          702.2600162075,            0.0000078308,            0.0000183416,            0.0000009300,           19.7218394715
          704.6358407057,            0.0000079258,            0.0000184724,            0.0000009413,           19.6248077028
          707.0079272272,            0.0000080213,            0.0000186037,            0.0000009526,           19.5292921298
          709.3762450997,            0.0000081173,            0.0000187354,            0.0000009640,           19.4352634849
          711.7407637990,            0.0000082139,            0.0000188676,            0.0000009754,           19.3426931529
          714.1014529577,            0.0000083110,            0.0000190003,            0.0000009869,           19.2515531544
          716.4582823732,            0.0000084085,            0.0000191334,            0.0000009985,           19.1618161303
          718.8112220163,            0.0000085066,            0.0000192669,            0.0000010101,           19.0734553261
          721.1602420391,            0.0000086052,            0.0000194009,            0.0000010218,           18.9864445773
          723.5053127825,            0.0000087043,            0.0000195353,            0.0000010336,           18.9007582944
          725.8464047843,            0.0000088038,            0.0000196702,            0.0000010454,           18.8163714490
          728.1834887866,            0.0000089039,            0.0000198055,            0.0000010572,           18.7332595600
          730.5165357426,            0.0000090044,            0.0000199412,            0.0000010692,           18.6513986803
          732.8455168244,            0.0000091054,            0.0000200773,            0.0000010811,           18.5707653836
          735.1704034291,            0.0000092069,            0.0000202138,            0.0000010931,           18.4913367516
          737.4911671862,            0.0000093088,            0.0000203507,            0.0000011052,           18.4130903622
          739.8077799639,            0.0000094112,            0.0000204880,            0.0000011174,           18.3360042769
          742.1202138750,            0.0000095140,            0.0000206257,            0.0000011296,           18.2600570293
          744.4284412837,            0.0000096173,            0.0000207638,            0.0000011418,           18.1852276139
          746.7324348112,            0.0000097211,            0.0000209023,            0.0000011541,           18.1114954749
          749.0321673412,            0.0000098252,            0.0000210412,            0.0000011664,           18.0388404954
          751.3276120260,            0.0000099298,            0.0000211804,            0.0000011788,           17.9672429868
          753.6187422917,            0.0000100349,            0.0000213200,            0.0000011913,           17.8966836791
          755.9055318432,            0.0000101403,            0.0000214599,            0.0000012038,           17.8271437100
          758.1879546692,            0.0000102462,            0.0000216002,            0.0000012163,           17.7586046164
          760.4659850473,            0.0000103525,            0.0000217409,            0.0000012289,           17.6910483237
          762.7395975485,            0.0000104591,            0.0000218819,            0.0000012416,           17.6244571379
          765.0087670416,            0.0000105662,            0.0000220232,            0.0000012543,           17.5588137355
          767.2734686976,            0.0000106737,            0.0000221648,            0.0000012670,           17.4941011555
          769.5336779935,            0.0000107816,            0.0000223068,            0.0000012798,           17.4303027907
          771.7893707166,            0.0000108899,            0.0000224491,            0.0000012926,           17.3674023795
          774.0405229680,            0.0000109985,            0.0000225917,            0.0000013055,           17.3053839976
          776.2871111663,            0.0000111075,            0.0000227346,            0.0000013184,           17.2442320504
          778.5291120507,            0.0000112169,            0.0000228778,            0.0000013314,           17.1839312652
          780.7665026847,            0.0000113266,            0.0000230213,            0.0000013444,           17.1244666839
          782.9992604586,            0.0000114367,            0.0000231652,            0.0000013574,           17.0658236557
          785.2273630930,            0.0000115472,            0.0000233092,            0.0000013705,           17.0079878296
          787.4507886409,            0.0000116580,            0.0000234536,            0.0000013836,           16.9509451483
          789.6695154906,            0.0000117692,            0.0000235982,            0.0000013968,           16.8946818407
          791.8835223680,            0.0000118806,            0.0000237432,            0.0000014100,           16.8391844158
          794.0927883390,            0.0000119925,            0.0000238883,            0.0000014232,           16.7844396561
          796.2972928112,            0.0000121046,            0.0000240338,            0.0000014365,           16.7304346115
          798.4970155362,            0.0000122171,            0.0000241794,            0.0000014499,           16.6771565932
          800.6919366112,            0.0000123299,            0.0000243254,            0.0000014632,           16.6245931675
