            3.2198174176,            0.0000000000,            0.0000001107,            0.0000000000,     46028258.4053299800
           15.0531150153,            0.0000000000,            0.0000005175,            0.0000000000,       377044.8706761981
           27.0681716410,            0.0000000001,            0.0000009307,            0.0000000000,        64622.1735650280
           39.0942953518,            0.0000000005,            0.0000013445,            0.0000000001,        21443.5727320295
           51.1227928995,            0.0000000015,            0.0000017591,            0.0000000002,         9592.8799236352
           63.1520919970,            0.0000000036,            0.0000021748,            0.0000000004,         5092.8259080527
           75.1817353441,            0.0000000072,            0.0000025920,            0.0000000009,         3021.9613347552
           87.2115506769,            0.0000000130,            0.0000030116,            0.0000000016,         1939.1111656098
           99.2414613987,            0.0000000218,            0.0000034342,            0.0000000026,         1318.7557996445
          111.2714292483,            0.0000000345,            0.0000038607,            0.0000000041,          938.1212431772
          123.3014333869,            0.0000000520,            0.0000042921,            0.0000000062,          691.7442166974
          135.3314616777,            0.0000000755,            0.0000047295,            0.0000000090,          525.2833260918
          147.3615066640,            0.0000001061,            0.0000051742,            0.0000000127,          408.7928534813
          159.3915635592,            0.0000001453,            0.0000056275,            0.0000000173,          324.8439735955
          171.4216291768,            0.0000001943,            0.0000060908,            0.0000000232,          262.8222642191
          183.4517013288,            0.0000002549,            0.0000065657,            0.0000000304,          216.0112297725
          195.4817784727,            0.0000003287,            0.0000070539,            0.0000000392,          180.0194490559
          207.5118594956,            0.0000004174,            0.0000075572,            0.0000000498,          151.8931922658
          219.5419435783,            0.0000005230,            0.0000080775,            0.0000000623,          129.5959275422
          231.5720301069,            0.0000006475,            0.0000086168,            0.0000000771,          111.6925137828
          243.6021186142,            0.0000007930,            0.0000091772,            0.0000000945,           97.1517975545
          255.6322087394,            0.0000009617,            0.0000097610,            0.0000001145,           85.2199234716
          267.6623002003,            0.0000011560,            0.0000103706,            0.0000001377,           75.3370901907
          279.6923927736,            0.0000013785,            0.0000110084,            0.0000001641,           67.0816841988
          291.7224862809,            0.0000016316,            0.0000116771,            0.0000001942,           60.1320641229
          303.7525805782,            0.0000019181,            0.0000123793,            0.0000002282,           54.2399616782
          315.7826755480,            0.0000022408,            0.0000131179,            0.0000002666,           49.2116729186
          327.8127710942,            0.0000026026,            0.0000138958,            0.0000003095,           44.8945641120
          339.8428671369,            0.0000030066,            0.0000147161,            0.0000003575,           41.1672607539
          351.8729636099,            0.0000034559,            0.0000155820,            0.0000004108,           37.9324262649
          363.9030604575,            0.0000039540,            0.0000164967,            0.0000004698,           35.1113860417
          375.9331576327,            0.0000045040,            0.0000174637,            0.0000005350,           32.6400828443
          387.9632550958,            0.0000051096,            0.0000184864,            0.0000006068,           30.4660037924
          399.9933528128,            0.0000057744,            0.0000195686,            0.0000006855,           28.5458240798
          412.0234507547,            0.0000065022,            0.0000207139,            0.0000007717,           26.8435847002
          424.0535488963,            0.0000072967,            0.0000219263,            0.0000008657,           25.3292717970
          436.0836472161,            0.0000081621,            0.0000232098,            0.0000009680,           23.9777007361
          448.1137456953,            0.0000091024,            0.0000245685,            0.0000010791,           22.7676332956
          460.1438443175,            0.0000101219,            0.0000260065,            0.0000011995,           21.6810745873
          472.1739430684,            0.0000112248,            0.0000275283,            0.0000013297,           20.7027095677
          484.2040419353,            0.0000124157,            0.0000291384,            0.0000014702,           19.8194487190
          496.2341409073,            0.0000136991,            0.0000308413,            0.0000016215,           19.0200596688
          508.2642399745,            0.0000150798,            0.0000326417,            0.0000017842,           18.2948668843
          520.2943391282,            0.0000165625,            0.0000345444,            0.0000019588,           17.6355056093
          532.3244383608,            0.0000181522,            0.0000365545,            0.0000021459,           17.0347192654
          544.3545376654,            0.0000198540,            0.0000386769,            0.0000023460,           16.4861918677
          556.3846370359,            0.0000216730,            0.0000409170,            0.0000025598,           15.9844087901
          568.4147364667,            0.0000236146,            0.0000432799,            0.0000027878,           15.5245405990
          580.4448359529,            0.0000256842,            0.0000457711,            0.0000030307,           15.1023457409
          592.4749354900,            0.0000278874,            0.0000483962,            0.0000032891,           14.7140887110
          604.5050350742,            0.0000302297,            0.0000511609,            0.0000035636,           14.3564709871
          616.5351347017,            0.0000327171,            0.0000540710,            0.0000038549,           14.0265725289
          628.5652343693,            0.0000353554,            0.0000571324,            0.0000041636,           13.7218020616
          640.5953340739,            0.0000381506,            0.0000603511,            0.0000044905,           13.4398546850
          652.6254338130,            0.0000411090,            0.0000637333,            0.0000048361,           13.1786756169
          664.6555335840,            0.0000442369,            0.0000672853,            0.0000052012,           12.9364290894
          676.6856333848,            0.0000475406,            0.0000710136,            0.0000055866,           12.7114715892
          688.7157332131,            0.0000510267,            0.0000749247,            0.0000059929,           12.5023287700
          700.7458330672,            0.0000547019,            0.0000790253,            0.0000064208,           12.3076754809
          712.7759329454,            0.0000585729,            0.0000833221,            0.0000068712,           12.1263184450
          724.8060328461,            0.0000626467,            0.0000878222,            0.0000073447,           11.9571811984
          736.8361327677,            0.0000669303,            0.0000925325,            0.0000078422,           11.7992909643
          748.8662327091,            0.0000714309,            0.0000974602,            0.0000083644,           11.6517671857
          760.8963326688,            0.0000761558,            0.0001026126,            0.0000089121,           11.5138114857
          772.9264326459,            0.0000811125,            0.0001079973,            0.0000094862,           11.3846988576
          784.9565326392,            0.0000863084,            0.0001136217,            0.0000100874,           11.2637699183
          796.9866326477,            0.0000917513,            0.0001194935,            0.0000107165,           11.1504240824
          809.0167326706,            0.0000974490,            0.0001256206,            0.0000113744,           11.0441135370
          821.0468327068,            0.0001034094,            0.0001320109,            0.0000120620,           10.9443379106
          833.0769327556,            0.0001096407,            0.0001386725,            0.0000127801,           10.8506395502
          845.1070328161,            0.0001161509,            0.0001456136,            0.0000135296,           10.7625993271
          857.1371328875,            0.0001229485,            0.0001528426,            0.0000143113,           10.6798329082
          869.1672329689,            0.0001300420,            0.0001603679,            0.0000151262,           10.6019874331
          881.1973330593,            0.0001374398,            0.0001681981,            0.0000159751,           10.5287385495
          893.2274331575,            0.0001451508,            0.0001763420,            0.0000168590,           10.4597877638
          905.2575332625,            0.0001531839,            0.0001848085,            0.0000177788,           10.3948600692
          917.2876333725,            0.0001615479,            0.0001936065,            0.0000187354,           10.3337018189
          929.3177334855,            0.0001702521,            0.0002027452,            0.0000197298,           10.2760788179
          941.3478335992,            0.0001793057,            0.0002122339,            0.0000207629,           10.2217746054
          953.3779337103,            0.0001887181,            0.0002220819,            0.0000218357,           10.1705889102
          965.4080338146,            0.0001984988,            0.0002322988,            0.0000229491,           10.1223362566
          977.4381339066,            0.0002086575,            0.0002428943,            0.0000241042,           10.0768447063
          989.4682339793,            0.0002192040,            0.0002538782,            0.0000253019,           10.0339547217
         1001.4983340235,            0.0002301482,            0.0002652603,            0.0000265432,            9.9935181356
         1013.5284340274,            0.0002415003,            0.0002770509,            0.0000278292,            9.9553972192
         1025.5585339757,            0.0002532703,            0.0002892601,            0.0000291609,            9.9194638346
         1037.5886338490,            0.0002654687,            0.0003018982,            0.0000305392,            9.8855986664
         1049.6187336225,            0.0002781059,            0.0003149758,            0.0000319653,            9.8536905222
         1061.6488332651,            0.0002911926,            0.0003285035,            0.0000334401,            9.8236356953
         1073.6789327376,            0.0003047394,            0.0003424919,            0.0000349648,            9.7953373846
         1085.7090319910,            0.0003187573,            0.0003569521,            0.0000365404,            9.7687051644
         1097.7391309647,            0.0003332573,            0.0003718950,            0.0000381679,            9.7436545006
         1109.7692295837,            0.0003482505,            0.0003873318,            0.0000398485,            9.7201063081
         1121.7993277560,            0.0003637483,            0.0004032738,            0.0000415833,            9.6979865452
         1133.8294253695,            0.0003797621,            0.0004197325,            0.0000433732,            9.6772258428
         1145.8595222879,            0.0003963034,            0.0004367194,            0.0000452195,            9.6577591631
         1157.8896183464,            0.0004133839,            0.0004542462,            0.0000471233,            9.6395254875
         1169.9197133472,            0.0004310155,            0.0004723248,            0.0000490856,            9.6224675282
         1181.9498070534,            0.0004492102,            0.0004909671,            0.0000511076,            9.6065314646
         1193.9798991829,            0.0004679801,            0.0005101853,            0.0000531905,            9.5916666992
         1206.0099894013,            0.0004873373,            0.0005299916,            0.0000553353,            9.5778256329
         1218.0400773138,            0.0005072944,            0.0005503985,            0.0000575432,            9.5649634583
         1230.0701624563,            0.0005278637,            0.0005714183,            0.0000598154,            9.5530379684
         1242.1002442855,            0.0005490580,            0.0005930639,            0.0000621529,            9.5420093792
         1254.1303221680,            0.0005708900,            0.0006153479,            0.0000645571,            9.5318401671
         1266.1603953678,            0.0005933727,            0.0006382833,            0.0000670290,            9.5224949166
         1278.1904630334,            0.0006165190,            0.0006618830,            0.0000695698,            9.5139401807
         1290.2205241827,            0.0006403421,            0.0006861604,            0.0000721807,            9.5061443506
         1302.2505776876,            0.0006648553,            0.0007111287,            0.0000748629,            9.4990775349
         1314.2806222561,            0.0006900721,            0.0007368013,            0.0000776176,            9.4927114475
         1326.3106564136,            0.0007160059,            0.0007631917,            0.0000804459,            9.4870193035
         1338.3406784825,            0.0007426705,            0.0007903136,            0.0000833490,            9.4819757224
         1350.3706865604,            0.0007700796,            0.0008181809,            0.0000863283,            9.4775566377
         1362.4006784963,            0.0007982471,            0.0008468074,            0.0000893847,            9.4737392130
         1374.4306518652,            0.0008271870,            0.0008762071,            0.0000925196,            9.4705017635
         1386.4606039415,            0.0008569134,            0.0009063942,            0.0000957342,            9.4678236835
         1398.4905316696,            0.0008874407,            0.0009373830,            0.0000990296,            9.4656853780
         1410.5204316338,            0.0009187831,            0.0009691877,            0.0001024071,            9.4640681991
         1422.5503000257,            0.0009509551,            0.0010018228,            0.0001058679,            9.4629543867
         1434.5801326100,            0.0009839712,            0.0010353029,            0.0001094131,            9.4623270131
         1446.6099246883,            0.0010178461,            0.0010696427,            0.0001130441,            9.4621699312
         1458.6396710614,            0.0010525946,            0.0011048568,            0.0001167620,            9.4624677260
         1470.6693659893,            0.0010882314,            0.0011409602,            0.0001205680,            9.4632056692
         1482.6990031496,            0.0011247714,            0.0011779677,            0.0001244634,            9.4643696769
         1494.7285755941,            0.0011622297,            0.0012158943,            0.0001284493,            9.4659462698
         1506.7580757036,            0.0012006214,            0.0012547552,            0.0001325270,            9.4679225363
         1518.7874951411,            0.0012399615,            0.0012945655,            0.0001366976,            9.4702860975
         1530.8168248025,            0.0012802654,            0.0013353404,            0.0001409624,            9.4730250748
         1542.8460547670,            0.0013215481,            0.0013770951,            0.0001453225,            9.4761280595
         1554.8751742447,            0.0013638252,            0.0014198450,            0.0001497793,            9.4795840841
         1566.9041715231,            0.0014071120,            0.0014636056,            0.0001543337,            9.4833825956
         1578.9330339124,            0.0014514239,            0.0015083922,            0.0001589871,            9.4875134308
         1590.9617476888,            0.0014967763,            0.0015542202,            0.0001637406,            9.4919667928
         1602.9902980372,            0.0015431848,            0.0016011053,            0.0001685954,            9.4967332290
         1615.0186689920,            0.0015906648,            0.0016490629,            0.0001735526,            9.5018036106
         1627.0468433776,            0.0016392320,            0.0016981085,            0.0001786135,            9.5071691139
         1639.0748027469,            0.0016889018,            0.0017482578,            0.0001837791,            9.5128212020
         1651.1025273198,            0.0017396898,            0.0017995263,            0.0001890507,            9.5187516081
         1663.1299959203,            0.0017916117,            0.0018519295,            0.0001944293,            9.5249523202
         1675.1571859136,            0.0018446828,            0.0019054830,            0.0001999161,            9.5314155664
         1687.1840731417,            0.0018989188,            0.0019602024,            0.0002055121,            9.5381338012
         1699.2106318598,            0.0019543352,            0.0020161030,            0.0002112186,            9.5450996928
         1711.2368346709,            0.0020109474,            0.0020732006,            0.0002170367,            9.5523061116
         1723.2626524622,            0.0020687708,            0.0021315104,            0.0002229673,            9.5597461190
         1735.2880543396,            0.0021278209,            0.0021910478,            0.0002290115,            9.5674129571
         1747.3130075632,            0.0021881130,            0.0022518282,            0.0002351705,            9.5753000393
         1759.3374774834,            0.0022496624,            0.0023138669,            0.0002414453,            9.5834009415
         1771.3614274768,            0.0023124841,            0.0023771790,            0.0002478368,            9.5917093937
         1783.3848188825,            0.0023765935,            0.0024417797,            0.0002543462,            9.6002192728
         1795.4076109400,            0.0024420053,            0.0025076840,            0.0002609745,            9.6089245949
         1807.4297607266,            0.0025087347,            0.0025749069,            0.0002677225,            9.6178195096
         1819.4512230972,            0.0025767965,            0.0026434630,            0.0002745914,            9.6268982931
         1831.4719506237,            0.0026462052,            0.0027133673,            0.0002815819,            9.6361553433
         1843.4918935369,            0.0027169755,            0.0027846341,            0.0002886952,            9.6455851741
         1855.5109996689,            0.0027891219,            0.0028572781,            0.0002959321,            9.6551824112
         1867.5292143971,            0.0028626587,            0.0029313135,            0.0003032934,            9.6649417874
         1879.5464805905,            0.0029376000,            0.0030067544,            0.0003107802,            9.6748581384
         1891.5627385562,            0.0030139598,            0.0030836150,            0.0003183932,            9.6849263994
         1903.5779259896,            0.0030917520,            0.0031619089,            0.0003261333,            9.6951416018
         1915.5919779249,            0.0031709902,            0.0032416499,            0.0003340014,            9.7054988695
         1927.6048266887,            0.0032516879,            0.0033228515,            0.0003419981,            9.7159934167
         1939.6164018550,            0.0033338584,            0.0034055269,            0.0003501244,            9.7266205449
         1951.6266302032,            0.0034175148,            0.0034896893,            0.0003583809,            9.7373756405
         1963.6354356777,            0.0035026700,            0.0035753516,            0.0003667684,            9.7482541728
         1975.6427393503,            0.0035893366,            0.0036625263,            0.0003752876,            9.7592516916
         1987.6484593849,            0.0036775272,            0.0037512260,            0.0003839392,            9.7703638259
         1999.6525110050,            0.0037672538,            0.0038414629,            0.0003927239,            9.7815862818
         2011.6548064639,            0.0038585286,            0.0039332489,            0.0004016423,            9.7929148412
         2023.6552550167,            0.0039513632,            0.0040265958,            0.0004106950,            9.8043453601
         2035.6537628966,            0.0040457691,            0.0041215151,            0.0004198827,            9.8158737678
         2047.6502332925,            0.0041417575,            0.0042180180,            0.0004292058,            9.8274960651
         2059.6445663302,            0.0042393395,            0.0043161155,            0.0004386649,            9.8392083238
         2071.6366590566,            0.0043385257,            0.0044158182,            0.0004482606,            9.8510066854
         2083.6264054264,            0.0044393264,            0.0045171365,            0.0004579933,            9.8628873603
         2095.6136962920,            0.0045417519,            0.0046200806,            0.0004678635,            9.8748466267
         2107.5984193959,            0.0046458119,            0.0047246604,            0.0004778717,            9.8868808302
         2119.5804593671,            0.0047515160,            0.0048308852,            0.0004880182,            9.8989863830
         2131.5596977191,            0.0048588734,            0.0049387644,            0.0004983034,            9.9111597629
         2143.5360128523,            0.0049678931,            0.0050483069,            0.0005087277,            9.9233975131
         2155.5092800580,            0.0050785836,            0.0051595212,            0.0005192914,            9.9356962411
         2167.4793715265,            0.0051909532,            0.0052724157,            0.0005299948,            9.9480526187
         2179.4461563576,            0.0053050100,            0.0053869984,            0.0005408381,            9.9604633812
         2191.4095005741,            0.0054207614,            0.0055032768,            0.0005518217,            9.9729253264
         2203.3692671382,            0.0055382150,            0.0056212583,            0.0005629457,            9.9854353152
         2215.3253159710,            0.0056573776,            0.0057409498,            0.0005742104,            9.9979902698
         2227.2775039743,            0.0057782558,            0.0058623580,            0.0005856158,           10.0105871742
         2239.2256850563,            0.0059008560,            0.0059854891,            0.0005971621,           10.0232230734
         2251.1697101585,            0.0060251840,            0.0061103492,            0.0006088494,           10.0358950728
         2263.1094272869,            0.0061512456,            0.0062369436,            0.0006206778,           10.0486003377
         2275.0446815447,            0.0062790459,            0.0063652778,            0.0006326474,           10.0613360931
         2286.9753151682,            0.0064085898,            0.0064953566,            0.0006447580,           10.0740996231
         2298.9011675651,            0.0065398818,            0.0066271846,            0.0006570098,           10.0868882702
         2310.8220753554,            0.0066729262,            0.0067607658,            0.0006694027,           10.0996994350
         2322.7378724145,            0.0068077267,            0.0068961041,            0.0006819365,           10.1125305759
         2334.6483899190,            0.0069442869,            0.0070332029,            0.0006946113,           10.1253792082
         2346.5534563943,            0.0070826097,            0.0071720654,            0.0007074269,           10.1382429037
         2358.4528977649,            0.0072226979,            0.0073126941,            0.0007203830,           10.1511192904
         2370.3465374067,            0.0073645539,            0.0074550916,            0.0007334797,           10.1640060517
         2382.2341962013,            0.0075081797,            0.0075992598,            0.0007467165,           10.1769009260
         2394.1156925922,            0.0076535769,            0.0077452003,            0.0007600933,           10.1898017061
         2405.9908426430,            0.0078007467,            0.0078929143,            0.0007736099,           10.2027062385
         2417.8594600978,            0.0079496902,            0.0080424028,            0.0007872659,           10.2156124230
         2429.7213564426,            0.0081004077,            0.0081936663,            0.0008010609,           10.2285182123
         2441.5763409687,            0.0082528996,            0.0083467050,            0.0008149948,           10.2414216107
         2453.4242208384,            0.0084071656,            0.0085015186,            0.0008290670,           10.2543206744
         2465.2648011505,            0.0085632052,            0.0086581066,            0.0008432772,           10.2672135100
         2477.0978850091,            0.0087210174,            0.0088164681,            0.0008576249,           10.2800982746
         2488.9232735923,            0.0088806010,            0.0089766018,            0.0008721097,           10.2929731747
         2500.7407662229,            0.0090419545,            0.0091385061,            0.0008867311,           10.3058364657
         2512.5501604399,            0.0092050757,            0.0093021790,            0.0009014887,           10.3186864512
         2524.3512520713,            0.0093699624,            0.0094676182,            0.0009163818,           10.3315214823
         2536.1438353074,            0.0095366120,            0.0096348209,            0.0009314099,           10.3443399573
         2547.9277027756,            0.0097050213,            0.0098037842,            0.0009465725,           10.3571403202
         2559.7026456158,            0.0098751871,            0.0099745047,            0.0009618689,           10.3699210610
         2571.4684535559,            0.0100471056,            0.0101469786,            0.0009772985,           10.3826807142
         2583.2249149889,            0.0102207727,            0.0103212019,            0.0009928607,           10.3954178585
         2594.9718170501,            0.0103961842,            0.0104971702,            0.0010085548,           10.4081311161
         2606.7089456943,            0.0105733353,            0.0106748788,            0.0010243800,           10.4208191517
         2618.4360857745,            0.0107522210,            0.0108543226,            0.0010403357,           10.4334806722
         2630.1530211195,            0.0109328359,            0.0110354963,            0.0010564212,           10.4461144258
         2641.8595346130,            0.0111151743,            0.0112183942,            0.0010726356,           10.4587192009
         2653.5554082722,            0.0112992302,            0.0114030102,            0.0010889781,           10.4712938262
         2665.2404233265,            0.0114849974,            0.0115893380,            0.0011054481,           10.4838371694
         2676.9143602960,            0.0116724692,            0.0117773711,            0.0011220446,           10.4963481364
         2688.5769990709,            0.0118616387,            0.0119671025,            0.0011387669,           10.5088256710
         2700.2281189895,            0.0120524987,            0.0121585249,            0.0011556139,           10.5212687539
         2711.8674989166,            0.0122450417,            0.0123516309,            0.0011725850,           10.5336764022
         2723.4949173218,            0.0124392599,            0.0125464126,            0.0011896791,           10.5460476683
         2735.1101523572,            0.0126351453,            0.0127428619,            0.0012068954,           10.5583816398
         2746.7129819345,            0.0128326894,            0.0129409705,            0.0012242328,           10.5706774381
         2758.3031838021,            0.0130318836,            0.0131407298,            0.0012416906,           10.5829342181
         2769.8805356212,            0.0132327191,            0.0133421307,            0.0012592676,           10.5951511678
         2781.4448150418,            0.0134351867,            0.0135451642,            0.0012769629,           10.6073275067
         2792.9957997778,            0.0136392770,            0.0137498208,            0.0012947756,           10.6194624860
         2804.5332676812,            0.0138449802,            0.0139560908,            0.0013127045,           10.6315553875
         2816.0569968158,            0.0140522866,            0.0141639643,            0.0013307487,           10.6436055231
         2827.5667655305,            0.0142611858,            0.0143734311,            0.0013489071,           10.6556122338
         2839.0623525308,            0.0144716676,            0.0145844809,            0.0013671787,           10.6675748894
         2850.5435369504,            0.0146837213,            0.0147971028,            0.0013855623,           10.6794928877
         2862.0100984212,            0.0148973360,            0.0150112861,            0.0014040569,           10.6913656539
         2873.4618171427,            0.0151125007,            0.0152270198,            0.0014226615,           10.7031926398
         2884.8984739505,            0.0153292041,            0.0154442924,            0.0014413748,           10.7149733234
         2896.3198503829,            0.0155474347,            0.0156630925,            0.0014601958,           10.7267072079
         2907.7257287480,            0.0157671808,            0.0158834084,            0.0014791233,           10.7383938217
         2919.1158921878,            0.0159884305,            0.0161052281,            0.0014981562,           10.7500327170
         2930.4901247430,            0.0162111718,            0.0163285396,            0.0015172933,           10.7616234700
         2941.8482114152,            0.0164353922,            0.0165533306,            0.0015365336,           10.7731656796
         2953.1899382288,            0.0166610795,            0.0167795885,            0.0015558757,           10.7846589673
         2964.5150922912,            0.0168882210,            0.0170073009,            0.0015753185,           10.7961029763
         2975.8234618520,            0.0171168039,            0.0172364547,            0.0015948609,           10.8074973713
         2987.1148363608,            0.0173468152,            0.0174670372,            0.0016145016,           10.8188418375
         2998.3890065240,            0.0175782418,            0.0176990351,            0.0016342394,           10.8301360804
         3009.6457643599,            0.0178110705,            0.0179324352,            0.0016540731,           10.8413798251
         3020.8849032528,            0.0180452878,            0.0181672240,            0.0016740016,           10.8525728156
         3032.1062180057,            0.0182808802,            0.0184033880,            0.0016940235,           10.8637148148
         3043.3095048916,            0.0185178340,            0.0186409134,            0.0017141376,           10.8748056034
         3054.4945617033,            0.0187561355,            0.0188797865,            0.0017343428,           10.8858449797
         3065.6611878025,            0.0189957705,            0.0191199933,            0.0017546377,           10.8968327592
         3076.8091841665,            0.0192367252,            0.0193615197,            0.0017750211,           10.9077687737
         3087.9383534348,            0.0194789853,            0.0196043515,            0.0017954918,           10.9186528712
         3099.0484999529,            0.0197225366,            0.0198484744,            0.0018160485,           10.9294849154
         3110.1394298160,            0.0199673646,            0.0200938741,            0.0018366899,           10.9402647852
         3121.2109509105,            0.0202134550,            0.0203405360,            0.0018574149,           10.9509923739
         3132.2628729547,            0.0204607930,            0.0205884456,            0.0018782220,           10.9616675893
         3143.2950075374,            0.0207093642,            0.0208375881,            0.0018991102,           10.9722903531
         3154.3071681559,            0.0209591537,            0.0210879489,            0.0019200780,           10.9828606003
         3165.2991702523,            0.0212101467,            0.0213395131,            0.0019411242,           10.9933782789
         3176.2708312481,            0.0214623284,            0.0215922658,            0.0019622477,           11.0038433494
         3187.2219705781,            0.0217156838,            0.0218461920,            0.0019834469,           11.0142557846
         3198.1524097225,            0.0219701978,            0.0221012767,            0.0020047209,           11.0246155693
         3209.0619722376,            0.0222258555,            0.0223575049,            0.0020260681,           11.0349226993
         3219.9504837855,            0.0224826417,            0.0226148614,            0.0020474874,           11.0451771818
         3230.8177721624,            0.0227405412,            0.0228733309,            0.0020689775,           11.0553790345
         3241.6636673252,            0.0229995388,            0.0231328984,            0.0020905372,           11.0655282857
         3252.4880014171,            0.0232596194,            0.0233935484,            0.0021121651,           11.0756249733
         3263.2906087922,            0.0235207675,            0.0236552658,            0.0021338600,           11.0856691453
         3274.0713260380,            0.0237829679,            0.0239180352,            0.0021556206,           11.0956608586
         3284.8299919977,            0.0240462053,            0.0241818413,            0.0021774457,           11.1056001794
         3295.5664477901,            0.0243104643,            0.0244466686,            0.0021993340,           11.1154871825
         3306.2805368293,            0.0245757295,            0.0247125018,            0.0022212842,           11.1253219511
         3316.9721048424,            0.0248419855,            0.0249793255,            0.0022432951,           11.1351045765
         3327.6409998865,            0.0251092171,            0.0252471244,            0.0022653654,           11.1448351577
         3338.2870723640,            0.0253774087,            0.0255158829,            0.0022874940,           11.1545138014
         3348.9101750376,            0.0256465449,            0.0257855856,            0.0023096794,           11.1641406213
         3359.5101630431,            0.0259166105,            0.0260562173,            0.0023319205,           11.1737157382
         3370.0868939016,            0.0261875899,            0.0263277624,            0.0023542161,           11.1832392796
         3380.6402275309,            0.0264594679,            0.0266002056,            0.0023765650,           11.1927113795
         3391.1700262548,            0.0267322291,            0.0268735315,            0.0023989658,           11.2021321779
         3401.6761548126,            0.0270058580,            0.0271477247,            0.0024214173,           11.2115018209
         3412.1584803663,            0.0272803395,            0.0274227700,            0.0024439184,           11.2208204604
         3422.6168725080,            0.0275556582,            0.0276986520,            0.0024664679,           11.2300882535
         3433.0512032649,            0.0278317989,            0.0279753555,            0.0024890645,           11.2393053629
         3443.4613471044,            0.0281087463,            0.0282528651,            0.0025117069,           11.2484719561
         3453.8471809379,            0.0283864853,            0.0285311658,            0.0025343942,           11.2575882055
         3464.2085841232,            0.0286650006,            0.0288102422,            0.0025571249,           11.2666542881
         3474.5454384669,            0.0289442771,            0.0290900793,            0.0025798980,           11.2756703853
         3484.8576282248,            0.0292242998,            0.0293706621,            0.0026027122,           11.2846366830
         3495.1450401018,            0.0295050537,            0.0296519753,            0.0026255665,           11.2935533706
         3505.4075632518,            0.0297865238,            0.0299340042,            0.0026484596,           11.3024206420
         3515.6450892751,            0.0300686951,            0.0302167336,            0.0026713903,           11.3112386942
