            3.2198174176,            0.0000000002,            0.0000102135,            0.0000000000,       466033.3398048164
           15.0531150153,            0.0000001048,            0.0000478731,            0.0000000125,         3828.6221028802
           27.0681716410,            0.0000011009,            0.0000870786,            0.0000001311,          664.2201224310
           39.0942953518,            0.0000047995,            0.0001291620,            0.0000005700,          226.5801327490
           51.1227928995,            0.0000140621,            0.0001770198,            0.0000016643,          106.3633276363
           63.1520919970,            0.0000328206,            0.0002346419,            0.0000038670,           60.6776465389
           75.1817353441,            0.0000661035,            0.0003071181,            0.0000077462,           39.6474767143
           87.2115506769,            0.0001200666,            0.0004006672,            0.0000139800,           28.6600297526
           99.2414613987,            0.0002020276,            0.0005226703,            0.0000233505,           22.3836708345
          111.2714292483,            0.0003205005,            0.0006817052,            0.0000367361,           18.5568102227
          123.3014333869,            0.0004852265,            0.0008875772,            0.0000551013,           16.1080988139
          135.3314616777,            0.0007071954,            0.0011513404,            0.0000794840,           14.4851920501
          147.3615066640,            0.0009986534,            0.0014853054,            0.0001109796,           13.3835949061
          159.3915635592,            0.0013730892,            0.0019030254,            0.0001507217,           12.6260866105
          171.4216291768,            0.0018451968,            0.0024192587,            0.0001998593,           12.1048095572
          183.4517013288,            0.0024308103,            0.0030499037,            0.0002595301,           11.7516377593
          195.4817784727,            0.0031468148,            0.0038119098,            0.0003308321,           11.5221898472
          207.5118594956,            0.0040110366,            0.0047231678,            0.0004147931,           11.3868047336
          219.5419435783,            0.0050421201,            0.0058023870,            0.0005123411,           11.3252430215
          231.5720301069,            0.0062593982,            0.0070689669,            0.0006242760,           11.3234648459
          243.6021186142,            0.0076827641,            0.0085428681,            0.0007512455,           11.3716067239
          255.6322087394,            0.0093325458,            0.0102444888,            0.0008937260,           11.4626731141
          267.6623002003,            0.0112293875,            0.0121945459,            0.0010520097,           11.5916667999
          279.6923927736,            0.0133941348,            0.0144139607,            0.0012261986,           11.7549964973
          291.7224862809,            0.0158477220,            0.0169237462,            0.0014162054,           11.9500645554
          303.7525805782,            0.0186110582,            0.0197448934,            0.0016217605,           12.1749748596
          315.7826755480,            0.0217049096,            0.0228982527,            0.0018424250,           12.4283230216
          327.8127710942,            0.0251497755,            0.0264044099,            0.0020776078,           12.7090441769
          339.8428671369,            0.0289657588,            0.0302835549,            0.0023265867,           13.0163018723
          351.8729636099,            0.0331724305,            0.0345553463,            0.0025885305,           13.3494066840
          363.9030604575,            0.0377886920,            0.0392387716,            0.0028625232,           13.7077565657
          375.9331576327,            0.0428326359,            0.0443520074,            0.0031475877,           14.0907931764
          387.9632550958,            0.0483214114,            0.0499122836,            0.0034427084,           14.4979699980
          399.9933528128,            0.0542710959,            0.0559357538,            0.0037468530,           14.9287291541
          412.0234507547,            0.0606965763,            0.0624373757,            0.0040589916,           15.3824846444
          424.0535488963,            0.0676114438,            0.0694308050,            0.0043781141,           15.8586103016
          436.0836472161,            0.0750279030,            0.0769283040,            0.0047032450,           16.3564312157
          448.1137456953,            0.0829566983,            0.0849406676,            0.0050334561,           16.8752177046
          460.1438443175,            0.0914070568,            0.0934771653,            0.0053678760,           17.4141811576
          472.1739430684,            0.1003866497,            0.1025455030,            0.0057056985,           17.9724712674
          484.2040419353,            0.1099015700,            0.1121518004,            0.0060461883,           18.5491743073
          496.2341409073,            0.1199563272,            0.1223005858,            0.0063886847,           19.1433122168
          508.2642399745,            0.1305538575,            0.1329948064,            0.0067326044,           19.7538423381
          520.2943391282,            0.1416955471,            0.1442358520,            0.0070774423,           20.3796577046
          532.3244383608,            0.1533812685,            0.1560235919,            0.0074227712,           21.0195878253
          544.3545376654,            0.1656094276,            0.1683564217,            0.0077682408,           21.6723999384
          556.3846370359,            0.1783770192,            0.1812313199,            0.0081135755,           22.3368007318
          568.4147364667,            0.1916796908,            0.1946439120,            0.0084585721,           23.0114385377
          580.4448359529,            0.2055118116,            0.2085885400,            0.0088030963,           23.6949060193
          592.4749354900,            0.2198665465,            0.2230583366,            0.0091470796,           24.3857433715
          604.5050350742,            0.2347359327,            0.2380453031,            0.0094905154,           25.0824420539
          616.5351347017,            0.2501109593,            0.2535403885,            0.0098334551,           25.7834490747
          628.5652343693,            0.2659816469,            0.2695335700,            0.0101760041,           26.4871718360
          640.5953340739,            0.2823371275,            0.2860139338,            0.0105183181,           27.1919835442
          652.6254338130,            0.2991657241,            0.3029697545,            0.0108605988,           27.8962291794
          664.6555335840,            0.3164550286,            0.3203885734,            0.0112030902,           28.5982320071
          676.6856333848,            0.3341919777,            0.3382572754,            0.0115460747,           29.2963006051
          688.7157332131,            0.3523629267,            0.3565621624,            0.0118898695,           29.9887363648
          700.7458330672,            0.3709537209,            0.3752890255,            0.0122348232,           30.6738414156
          712.7759329454,            0.3899497630,            0.3944232126,            0.0125813120,           31.3499269098
          724.8060328461,            0.4093360788,            0.4139496942,            0.0129297372,           32.0153215912
          736.8361327677,            0.4290973786,            0.4338531250,            0.0132805213,           32.6683805652
          748.8662327091,            0.4492181155,            0.4541179029,            0.0136341059,           33.3074941755
          760.8963326688,            0.4696825408,            0.4747282240,            0.0139909484,           33.9310968857
          772.9264326459,            0.4904747555,            0.4956681345,            0.0143515196,           34.5376760623
          784.9565326392,            0.5115787586,            0.5169215792,            0.0147163016,           35.1257805477
          796.9866326477,            0.5329784924,            0.5384724468,            0.0150857850,           35.6940289137
          809.0167326706,            0.5546578843,            0.5603046121,            0.0154604674,           36.2411172878
          821.0468327068,            0.5766008859,            0.5824019748,            0.0158408508,           36.7658266473
          833.0769327556,            0.5987915089,            0.6047484955,            0.0162274403,           37.2670294834
          845.1070328161,            0.6212138579,            0.6273282291,            0.0166207420,           37.7436957467
          857.1371328875,            0.6438521611,            0.6501253547,            0.0170212617,           38.1948979947
          869.1672329689,            0.6666907980,            0.6731242042,            0.0174295033,           38.6198156773
          881.1973330593,            0.6897143244,            0.6963092869,            0.0178459673,           39.0177385066
          893.2274331575,            0.7129074960,            0.7196653127,            0.0182711499,           39.3880688768
          905.2575332625,            0.7362552883,            0.7431772131,            0.0187055415,           39.7303233116
          917.2876333725,            0.7597429159,            0.7668301597,            0.0191496258,           40.0441329362
          929.3177334855,            0.7833558492,            0.7906095807,            0.0196038785,           40.3292429844
          941.3478335992,            0.8070798288,            0.8145011763,            0.0200687671,           40.5855113674
          953.3779337103,            0.8309008789,            0.8384909310,            0.0205447493,           40.8129063461
          965.4080338146,            0.8548053188,            0.8625651258,            0.0210322728,           41.0115033600
          977.4381339066,            0.8787797729,            0.8867103479,            0.0215317741,           41.1814810785
          989.4682339793,            0.9028111788,            0.9109134990,            0.0220436785,           41.3231167496
         1001.4983340235,            0.9268867955,            0.9351618030,            0.0225683989,           41.4367809281
         1013.5284340274,            0.9509942082,            0.9594428114,            0.0231063360,           41.5229316721
         1025.5585339757,            0.9751213342,            0.9837444087,            0.0236578771,           41.5821082984
         1037.5886338490,            0.9992564259,            1.0080548156,            0.0242233963,           41.6149247909
         1049.6187336225,            1.0233880741,            1.0323625924,            0.0248032538,           41.6220629539
         1061.6488332651,            1.0475052099,            1.0566566402,            0.0253977959,           41.6042654015
         1073.6789327376,            1.0715971051,            1.0809262026,            0.0260073543,           41.5623284683
         1085.7090319910,            1.0956533735,            1.1051608652,            0.0266322465,           41.4970951260
         1097.7391309647,            1.1196639695,            1.1293505560,            0.0272727750,           41.4094479778
         1109.7692295837,            1.1436191877,            1.1534855434,            0.0279292275,           41.3003024022
         1121.7993277560,            1.1675096606,            1.1775564351,            0.0286018770,           41.1705999054
         1133.8294253695,            1.1913263570,            1.2015541755,            0.0292909811,           41.0213017354
         1145.8595222879,            1.2150605785,            1.2254700430,            0.0299967826,           40.8533828028
         1157.8896183464,            1.2387039571,            1.2492956469,            0.0307195090,           40.6678259445
         1169.9197133472,            1.2622484507,            1.2730229232,            0.0314593730,           40.4656165588
         1181.9498070534,            1.2856863399,            1.2966441315,            0.0322165719,           40.2477376332
         1193.9798991829,            1.3090102228,            1.3201518496,            0.0329912883,           40.0151651782
         1206.0099894013,            1.3322130113,            1.3435389695,            0.0337836898,           39.7688640745
         1218.0400773138,            1.3552879254,            1.3667986923,            0.0345939295,           39.5097843349
         1230.0701624563,            1.3782284882,            1.3899245226,            0.0354221453,           39.2388577773
         1242.1002442855,            1.4010285209,            1.4129102638,            0.0362684612,           38.9569950992
         1254.1303221680,            1.4236821365,            1.4357500118,            0.0371329863,           38.6650833417
         1266.1603953678,            1.4461837349,            1.4584381498,            0.0380158161,           38.3639837280
         1278.1904630334,            1.4685279963,            1.4809693419,            0.0389170316,           38.0545298560
         1290.2205241827,            1.4907098757,            1.5033385276,            0.0398367004,           37.7375262269
         1302.2505776876,            1.5127245965,            1.5255409153,            0.0407748765,           37.4137470859
         1314.2806222561,            1.5345676445,            1.5475719760,            0.0417316003,           37.0839355544
         1326.3106564136,            1.5562347616,            1.5694274377,            0.0427068995,           36.7488030273
         1338.3406784825,            1.5777219393,            1.5911032783,            0.0437007888,           36.4090288154
         1350.3706865604,            1.5990254129,            1.6125957197,            0.0447132703,           36.0652600072
         1362.4006784963,            1.6201416548,            1.6339012217,            0.0457443339,           35.7181115285
         1374.4306518652,            1.6410673682,            1.6550164750,            0.0467939575,           35.3681663773
         1386.4606039415,            1.6617994808,            1.6759383952,            0.0478621071,           35.0159760133
         1398.4905316696,            1.6823351385,            1.6966641168,            0.0489487374,           34.6620608823
         1410.5204316338,            1.7026716992,            1.7171909863,            0.0500537919,           34.3069110557
         1422.5503000257,            1.7228067265,            1.7375165563,            0.0511772031,           33.9509869686
         1434.5801326100,            1.7427379836,            1.7576385794,            0.0523188932,           33.5947202394
         1446.6099246883,            1.7624634268,            1.7775550016,            0.0534787738,           33.2385145563
         1458.6396710614,            1.7819812000,            1.7972639568,            0.0546567468,           32.8827466171
         1470.6693659893,            1.8012896282,            1.8167637604,            0.0558527044,           32.5277671099
         1482.6990031496,            1.8203872120,            1.8360529032,            0.0570665292,           32.1739017225
         1494.7285755941,            1.8392726212,            1.8551300461,            0.0582980951,           31.8214521721
         1506.7580757036,            1.8579446896,            1.8739940139,            0.0595472671,           31.4706972454
         1518.7874951411,            1.8764024090,            1.8926437897,            0.0608139016,           31.1218938407
         1530.8168248025,            1.8946449236,            1.9110785093,            0.0620978471,           30.7752780070
         1542.8460547670,            1.9126715248,            1.9292974557,            0.0633989443,           30.4310659721
         1554.8751742447,            1.9304816454,            1.9473000539,            0.0647170261,           30.0894551562
         1566.9041715231,            1.9480748546,            1.9650858651,            0.0660519184,           29.7506251651
         1578.9330339124,            1.9654508528,            1.9826545820,            0.0674034401,           29.4147387613
         1590.9617476888,            1.9826094664,            2.0000060237,            0.0687714035,           29.0819428088
         1602.9902980372,            1.9995506428,            2.0171401303,            0.0701556146,           28.7523691889
         1615.0186689920,            2.0162744457,            2.0340569583,            0.0715558731,           28.4261356861
         1627.0468433776,            2.0327810502,            2.0507566760,            0.0729719733,           28.1033468426
         1639.0748027469,            2.0490707382,            2.0672395584,            0.0744037038,           27.7840947796
         1651.1025273198,            2.0651438940,            2.0835059832,            0.0758508480,           27.4684599855
         1663.1299959203,            2.0810009996,            2.0995564258,            0.0773131844,           27.1565120703
         1675.1571859136,            2.0966426305,            2.1153914555,            0.0787904869,           26.8483104864
         1687.1840731417,            2.1120694516,            2.1310117308,            0.0802825249,           26.5439052157
         1699.2106318598,            2.1272822130,            2.1464179958,            0.0817890637,           26.2433374241
         1711.2368346709,            2.1422817460,            2.1616110757,            0.0833098647,           25.9466400823
         1723.2626524622,            2.1570689594,            2.1765918733,            0.0848446859,           25.6538385554
         1735.2880543396,            2.1716448353,            2.1913613651,            0.0863932815,           25.3649511617
         1747.3130075632,            2.1860104259,            2.2059205975,            0.0879554028,           25.0799897000
         1759.3374774834,            2.2001668498,            2.2202706834,            0.0895307984,           24.7989599490
         1771.3614274768,            2.2141152883,            2.2344127988,            0.0911192138,           24.5218621371
         1783.3848188825,            2.2278569825,            2.2483481791,            0.0927203923,           24.2486913861
         1795.4076109400,            2.2413932296,            2.2620781162,            0.0943340751,           23.9794381277
         1807.4297607266,            2.2547253799,            2.2756039554,            0.0959600010,           23.7140884959
         1819.4512230972,            2.2678548341,            2.2889270918,            0.0975979073,           23.4526246944
         1831.4719506237,            2.2807830397,            2.3020489679,            0.0992475298,           23.1950253421
         1843.4918935369,            2.2935114888,            2.3149710707,            0.1009086025,           22.9412657959
         1855.5109996689,            2.3060417147,            2.3276949286,            0.1025808585,           22.6913184534
         1867.5292143971,            2.3183752897,            2.3402221088,            0.1042640300,           22.4451530353
         1879.5464805905,            2.3305138225,            2.3525542150,            0.1059578479,           22.2027368499
         1891.5627385562,            2.3424589553,            2.3646928847,            0.1076620430,           21.9640350390
         1903.5779259896,            2.3542123619,            2.3766397868,            0.1093763452,           21.7290108077
         1915.5919779249,            2.3657757451,            2.3883966193,            0.1111004843,           21.4976256379
         1927.6048266887,            2.3771508343,            2.3999651069,            0.1128341899,           21.2698394877
         1939.6164018550,            2.3883393838,            2.4113469992,            0.1145771915,           21.0456109753
         1951.6266302032,            2.3993431704,            2.4225440684,            0.1163292190,           20.8248975513
         1963.6354356777,            2.4101639915,            2.4335581070,            0.1180900025,           20.6076556570
         1975.6427393503,            2.4208036630,            2.4443909267,            0.1198592723,           20.3938408722
         1987.6484593849,            2.4312640178,            2.4550443555,            0.1216367597,           20.1834080514
         1999.6525110050,            2.4415469037,            2.4655202368,            0.1234221965,           19.9763114493
         2011.6548064639,            2.4516541817,            2.4758204272,            0.1252153153,           19.7725048377
         2023.6552550167,            2.4615877249,            2.4859467950,            0.1270158497,           19.5719416120
         2035.6537628966,            2.4713494159,            2.4959012187,            0.1288235346,           19.3745748906
         2047.6502332925,            2.4809411464,            2.5056855852,            0.1306381058,           19.1803576048
         2059.6445663302,            2.4903648149,            2.5153017888,            0.1324593005,           18.9892425830
         2071.6366590566,            2.4996223258,            2.5247517294,            0.1342868574,           18.8011826260
         2083.6264054264,            2.5087155879,            2.5340373115,            0.1361205166,           18.6161305780
         2095.6136962920,            2.5176465132,            2.5431604426,            0.1379600200,           18.4340393896
         2107.5984193959,            2.5264170156,            2.5521230323,            0.1398051110,           18.2548621761
         2119.5804593671,            2.5350290097,            2.5609269908,            0.1416555348,           18.0785522708
         2131.5596977191,            2.5434844099,            2.5695742283,            0.1435110387,           17.9050632730
         2143.5360128523,            2.5517851292,            2.5780666533,            0.1453713717,           17.7343490909
         2155.5092800580,            2.5599330782,            2.5864061722,            0.1472362849,           17.5663639816
         2167.4793715265,            2.5679301641,            2.5945946878,            0.1491055316,           17.4010625862
         2179.4461563576,            2.5757782898,            2.6026340989,            0.1509788672,           17.2383999614
         2191.4095005741,            2.5834793533,            2.6105262991,            0.1528560493,           17.0783316078
         2203.3692671382,            2.5910352464,            2.6182731758,            0.1547368380,           16.9208134955
         2215.3253159710,            2.5984478544,            2.6258766102,            0.1566209953,           16.7658020858
         2227.2775039743,            2.6057190547,            2.6333384755,            0.1585082862,           16.6132543511
         2239.2256850563,            2.6128507170,            2.6406606370,            0.1603984778,           16.4631277922
         2251.1697101585,            2.6198447019,            2.6478449511,            0.1622913397,           16.3153804525
         2263.1094272869,            2.6267028605,            2.6548932648,            0.1641866442,           16.1699709315
         2275.0446815447,            2.6334270339,            2.6618074148,            0.1660841663,           16.0268583949
         2286.9753151682,            2.6400190525,            2.6685892274,            0.1679836833,           15.8860025838
         2298.9011675651,            2.6464807356,            2.6752405177,            0.1698849755,           15.7473638220
         2310.8220753554,            2.6528138908,            2.6817630891,            0.1717878258,           15.6109030217
         2322.7378724145,            2.6590203135,            2.6881587328,            0.1736920198,           15.4765816877
         2334.6483899190,            2.6651017866,            2.6944292275,            0.1755973459,           15.3443619207
         2346.5534563943,            2.6710600800,            2.7005763390,            0.1775035953,           15.2142064192
         2358.4528977649,            2.6768969503,            2.7066018196,            0.1794105621,           15.0860784800
         2370.3465374067,            2.6826141402,            2.7125074081,            0.1813180431,           14.9599419984
         2382.2341962013,            2.6882133785,            2.7182948290,            0.1832258381,           14.8357614669
         2394.1156925922,            2.6936963796,            2.7239657926,            0.1851337498,           14.7135019734
         2405.9908426430,            2.6990648432,            2.7295219945,            0.1870415836,           14.5931291985
         2417.8594600978,            2.7043204542,            2.7349651155,            0.1889491480,           14.4746094123
         2429.7213564426,            2.7094648821,            2.7402968210,            0.1908562543,           14.3579094705
         2441.5763409687,            2.7144997814,            2.7455187614,            0.1927627169,           14.2429968099
         2453.4242208384,            2.7194267906,            2.7506325712,            0.1946683529,           14.1298394435
         2465.2648011505,            2.7242475328,            2.7556398694,            0.1965729826,           14.0184059551
         2477.0978850091,            2.7289636149,            2.7605422589,            0.1984764290,           13.9086654933
         2488.9232735923,            2.7335766279,            2.7653413267,            0.2003785182,           13.8005877658
         2500.7407662229,            2.7380881465,            2.7700386434,            0.2022790792,           13.6941430330
         2512.5501604399,            2.7424997290,            2.7746357634,            0.2041779440,           13.5893021005
         2524.3512520713,            2.7468129175,            2.7791342248,            0.2060749475,           13.4860363132
         2536.1438353074,            2.7510292374,            2.7835355491,            0.2079699274,           13.3843175476
         2547.9277027756,            2.7551501975,            2.7878412411,            0.2098627247,           13.2841182045
         2559.7026456158,            2.7591772901,            2.7920527892,            0.2117531829,           13.1854112015
         2571.4684535559,            2.7631119906,            2.7961716650,            0.2136411486,           13.0881699659
         2583.2249149889,            2.7669557580,            2.8001993233,            0.2155264715,           12.9923684264
         2594.9718170501,            2.7707100341,            2.8041372025,            0.2174090039,           12.8979810056
         2606.7089456943,            2.7743762442,            2.8079867238,            0.2192886011,           12.8049826122
         2618.4360857745,            2.7779557969,            2.8117492920,            0.2211651213,           12.7133486331
         2630.1530211195,            2.7814500839,            2.8154262950,            0.2230384254,           12.6230549258
         2641.8595346130,            2.7848604800,            2.8190191040,            0.2249083775,           12.5340778097
         2653.5554082722,            2.7881883436,            2.8225290735,            0.2267748442,           12.4463940593
         2665.2404233265,            2.7914350162,            2.8259575414,            0.2286376949,           12.3599808954
         2676.9143602960,            2.7946018228,            2.8293058288,            0.2304968021,           12.2748159777
         2688.5769990709,            2.7976900716,            2.8325752405,            0.2323520406,           12.1908773970
         2700.2281189895,            2.8007010543,            2.8357670645,            0.2342032885,           12.1081436672
         2711.8674989166,            2.8036360463,            2.8388825725,            0.2360504262,           12.0265937178
         2723.4949173218,            2.8064963065,            2.8419230198,            0.2378933369,           11.9462068861
         2735.1101523572,            2.8092830773,            2.8448896455,            0.2397319067,           11.8669629097
         2746.7129819345,            2.8119975850,            2.8477836721,            0.2415660242,           11.7888419190
         2758.3031838021,            2.8146410398,            2.8506063065,            0.2433955806,           11.7118244298
         2769.8805356212,            2.8172146356,            2.8533587390,            0.2452204697,           11.6358913357
         2781.4448150418,            2.8197195506,            2.8560421445,            0.2470405882,           11.5610239011
         2792.9957997778,            2.8221569468,            2.8586576816,            0.2488558350,           11.4872037542
         2804.5332676812,            2.8245279708,            2.8612064934,            0.2506661117,           11.4144128793
         2816.0569968158,            2.8268337531,            2.8636897072,            0.2524713224,           11.3426336104
         2827.5667655305,            2.8290754090,            2.8661084351,            0.2542713738,           11.2718486243
         2839.0623525308,            2.8312540383,            2.8684637735,            0.2560661750,           11.2020409334
         2850.5435369504,            2.8333707253,            2.8707568035,            0.2578556374,           11.1331938794
         2862.0100984212,            2.8354265393,            2.8729885913,            0.2596396749,           11.0652911267
         2873.4618171427,            2.8374225345,            2.8751601879,            0.2614182041,           10.9983166558
         2884.8984739505,            2.8393597501,            2.8772726293,            0.2631911434,           10.9322547571
         2896.3198503829,            2.8412392104,            2.8793269370,            0.2649584139,           10.8670900244
         2907.7257287480,            2.8430619253,            2.8813241176,            0.2667199390,           10.8028073492
         2919.1158921878,            2.8448288899,            2.8832651633,            0.2684756443,           10.7393919142
         2930.4901247430,            2.8465410851,            2.8851510519,            0.2702254575,           10.6768291877
         2941.8482114152,            2.8481994772,            2.8869827472,            0.2719693088,           10.6151049177
         2953.1899382288,            2.8498050187,            2.8887611985,            0.2737071304,           10.5542051259
         2964.5150922912,            2.8513586481,            2.8904873414,            0.2754388567,           10.4941161027
         2975.8234618520,            2.8528612897,            2.8921620976,            0.2771644243,           10.4348244012
         2987.1148363608,            2.8543138545,            2.8937863753,            0.2788837718,           10.3763168319
         2998.3890065240,            2.8557172398,            2.8953610690,            0.2805968399,           10.3185804577
         3009.6457643599,            2.8570723293,            2.8968870599,            0.2823035715,           10.2616025881
         3020.8849032528,            2.8583799936,            2.8983652159,            0.2840039113,           10.2053707749
         3032.1062180057,            2.8596410903,            2.8997963919,            0.2856978060,           10.1498728066
         3043.3095048916,            2.8608564637,            2.9011814299,            0.2873852044,           10.0950967037
         3054.4945617033,            2.8620269455,            2.9025211588,            0.2890660572,           10.0410307141
         3065.6611878025,            2.8631533547,            2.9038163953,            0.2907403169,            9.9876633081
         3076.8091841665,            2.8642364975,            2.9050679432,            0.2924079379,            9.9349831739
         3087.9383534348,            2.8652771680,            2.9062765943,            0.2940688766,            9.8829792135
         3099.0484999529,            2.8662761480,            2.9074431279,            0.2957230909,            9.8316405374
         3110.1394298160,            2.8672342070,            2.9085683113,            0.2973705407,            9.7809564612
         3121.2109509105,            2.8681521028,            2.9096529001,            0.2990111877,            9.7309165009
         3132.2628729547,            2.8690305812,            2.9106976378,            0.3006449951,            9.6815103688
         3143.2950075374,            2.8698703764,            2.9117032566,            0.3022719281,            9.6327279695
         3154.3071681559,            2.8706722111,            2.9126704769,            0.3038919534,            9.5845593959
         3165.2991702523,            2.8714367965,            2.9136000081,            0.3055050392,            9.5369949253
         3176.2708312481,            2.8721648327,            2.9144925481,            0.3071111555,            9.4900250158
         3187.2219705781,            2.8728570087,            2.9153487840,            0.3087102739,            9.4436403022
         3198.1524097225,            2.8735140025,            2.9161693918,            0.3103023674,            9.3978315927
         3209.0619722376,            2.8741364813,            2.9169550368,            0.3118874107,            9.3525898651
         3219.9504837855,            2.8747251016,            2.9177063737,            0.3134653800,            9.3079062634
         3230.8177721624,            2.8752805094,            2.9184240469,            0.3150362527,            9.2637720946
         3241.6636673252,            2.8758033404,            2.9191086900,            0.3166000080,            9.2201788249
         3252.4880014171,            2.8762942199,            2.9197609269,            0.3181566264,            9.1771180767
         3263.2906087922,            2.8767537632,            2.9203813711,            0.3197060895,            9.1345816256
         3274.0713260380,            2.8771825756,            2.9209706263,            0.3212483808,            9.0925613968
         3284.8299919977,            2.8775812526,            2.9215292863,            0.3227834848,            9.0510494623
         3295.5664477901,            2.8779503798,            2.9220579355,            0.3243113873,            9.0100380382
         3306.2805368293,            2.8782905336,            2.9225571484,            0.3258320755,            8.9695194811
         3316.9721048424,            2.8786022805,            2.9230274904,            0.3273455378,            8.9294862857
         3327.6409998865,            2.8788861781,            2.9234695176,            0.3288517639,            8.8899310819
         3338.2870723640,            2.8791427746,            2.9238837768,            0.3303507448,            8.8508466322
         3348.9101750376,            2.8793726092,            2.9242708059,            0.3318424724,            8.8122258287
         3359.5101630431,            2.8795762123,            2.9246311340,            0.3333269399,            8.7740616905
         3370.0868939016,            2.8797541052,            2.9249652814,            0.3348041419,            8.7363473614
         3380.6402275309,            2.8799068010,            2.9252737597,            0.3362740737,            8.6990761075
         3391.1700262548,            2.8800348038,            2.9255570720,            0.3377367319,            8.6622413139
         3401.6761548126,            2.8801386095,            2.9258157133,            0.3391921142,            8.6258364835
         3412.1584803663,            2.8802187058,            2.9260501699,            0.3406402192,            8.5898552336
         3422.6168725080,            2.8802755719,            2.9262609203,            0.3420810468,            8.5542912943
         3433.0512032649,            2.8803096794,            2.9264484350,            0.3435145975,            8.5191385057
         3443.4613471044,            2.8803214916,            2.9266131763,            0.3449408731,            8.4843908162
         3453.8471809379,            2.8803114641,            2.9267555989,            0.3463598763,            8.4500422800
         3464.2085841232,            2.8802800447,            2.9268761501,            0.3477716106,            8.4160870552
         3474.5454384669,            2.8802276739,            2.9269752691,            0.3491760805,            8.3825194015
         3484.8576282248,            2.8801547844,            2.9270533882,            0.3505732913,            8.3493336786
         3495.1450401018,            2.8800618017,            2.9271109320,            0.3519632494,            8.3165243436
         3505.4075632518,            2.8799491440,            2.9271483181,            0.3533459619,            8.2840859496
         3515.6450892751,            2.8798172223,            2.9271659569,            0.3547214366,            8.2520131436
