            1.7150092563,            0.0000000000,            0.0000000590,            0.0000000000,1090311502170104.3750000000
            5.7196023531,            0.0000000000,            0.0000001966,            0.0000000000,     12580781.1865111720
            9.6463787137,            0.0000000000,            0.0000003316,            0.0000000000,      1690449.8645716780
           13.4388165048,            0.0000000000,            0.0000004620,            0.0000000000,       594052.8521700411
           17.1308647092,            0.0000000000,            0.0000005889,            0.0000000000,       283961.4394006954
           20.7455883720,            0.0000000000,            0.0000007132,            0.0000000000,       159458.5069079220
           24.2981207955,            0.0000000001,            0.0000008354,            0.0000000000,        99153.9261865789
           27.7989196511,            0.0000000001,            0.0000009558,            0.0000000000,        66190.2498453150
           31.2555749557,            0.0000000002,            0.0000010747,            0.0000000000,        46563.0353987221
           34.6738189428,            0.0000000003,            0.0000011923,            0.0000000000,        34104.3301191593
           38.0581206595,            0.0000000004,            0.0000013088,            0.0000000001,        25792.1838407338
           41.4120549755,            0.0000000006,            0.0000014243,            0.0000000001,        20020.8060878655
           44.7385423445,            0.0000000008,            0.0000015389,            0.0000000001,        15880.3647594419
           48.0400107784,            0.0000000011,            0.0000016526,            0.0000000001,        12827.7710688696
           51.3185089475,            0.0000000014,            0.0000017657,            0.0000000002,        10524.5269063047
           54.5757874123,            0.0000000018,            0.0000018781,            0.0000000002,         8751.8160816700
           57.8133583989,            0.0000000023,            0.0000019899,            0.0000000003,         7363.7070002970
           61.0325407197,            0.0000000028,            0.0000021011,            0.0000000003,         6260.2128380243
           64.2344941598,            0.0000000035,            0.0000022118,            0.0000000004,         5371.1906057536
           67.4202462269,            0.0000000042,            0.0000023221,            0.0000000005,         4646.3988542405
           70.5907132653,            0.0000000050,            0.0000024320,            0.0000000006,         4049.1795732077
           73.7467173338,            0.0000000060,            0.0000025415,            0.0000000007,         3552.3397479583
           76.8889998565,            0.0000000071,            0.0000026506,            0.0000000008,         3135.4051096869
           80.0182327774,            0.0000000083,            0.0000027595,            0.0000000010,         2782.7511573791
           83.1350277628,            0.0000000097,            0.0000028680,            0.0000000012,         2482.3075620002
           86.2399438582,            0.0000000112,            0.0000029763,            0.0000000013,         2224.6448964576
           89.3334939097,            0.0000000129,            0.0000030844,            0.0000000015,         2002.3209717731
           92.4161499892,            0.0000000148,            0.0000031923,            0.0000000018,         1809.4064009801
           95.4883480070,            0.0000000169,            0.0000033001,            0.0000000020,         1641.1357967400
           98.5504916594,            0.0000000191,            0.0000034077,            0.0000000023,         1493.6482773681
          101.6029558251,            0.0000000216,            0.0000035151,            0.0000000026,         1363.7922858328
          104.6460895041,            0.0000000243,            0.0000036225,            0.0000000029,         1248.9772805491
          107.6802183726,            0.0000000273,            0.0000037298,            0.0000000033,         1147.0599693459
          110.7056470146,            0.0000000304,            0.0000038371,            0.0000000036,         1056.2562663136
          113.7226608793,            0.0000000339,            0.0000039443,            0.0000000040,          975.0725899538
          116.7315280057,            0.0000000376,            0.0000040516,            0.0000000045,          902.2518367768
          119.7325005466,            0.0000000417,            0.0000041589,            0.0000000050,          836.7305852278
          122.7258161220,            0.0000000460,            0.0000042662,            0.0000000055,          777.6049625911
          125.7116990231,            0.0000000506,            0.0000043736,            0.0000000060,          724.1032449585
          128.6903612884,            0.0000000556,            0.0000044810,            0.0000000066,          675.5637276085
          131.6620036675,            0.0000000609,            0.0000045886,            0.0000000073,          631.4167486718
          134.6268164869,            0.0000000666,            0.0000046963,            0.0000000079,          591.1700066128
          137.5849804309,            0.0000000726,            0.0000048041,            0.0000000087,          554.3965056948
          140.5366672454,            0.0000000791,            0.0000049122,            0.0000000094,          520.7246102138
          143.4820403774,            0.0000000859,            0.0000050204,            0.0000000102,          489.8298000899
          146.4212555530,            0.0000000932,            0.0000051288,            0.0000000111,          461.4278062319
          149.3544613053,            0.0000001009,            0.0000052374,            0.0000000120,          435.2688704047
          152.2817994543,            0.0000001090,            0.0000053463,            0.0000000130,          411.1329258737
          155.2034055461,            0.0000001176,            0.0000054555,            0.0000000140,          388.8255354009
          158.1194092542,            0.0000001267,            0.0000055650,            0.0000000151,          368.1744548536
          161.0299347480,            0.0000001363,            0.0000056748,            0.0000000163,          349.0267157263
          163.9351010314,            0.0000001464,            0.0000057849,            0.0000000175,          331.2461397740
          166.8350222536,            0.0000001571,            0.0000058954,            0.0000000187,          314.7112148301
          169.7298079969,            0.0000001683,            0.0000060063,            0.0000000201,          299.3132736223
          172.6195635409,            0.0000001800,            0.0000061175,            0.0000000215,          284.9549276558
          175.5043901083,            0.0000001924,            0.0000062292,            0.0000000229,          271.5487165356
          178.3843850910,            0.0000002053,            0.0000063413,            0.0000000245,          259.0159398393
          181.2596422611,            0.0000002189,            0.0000064539,            0.0000000261,          247.2856441556
          184.1302519660,            0.0000002331,            0.0000065670,            0.0000000278,          236.2937424002
          186.9963013102,            0.0000002479,            0.0000066806,            0.0000000296,          225.9822462263
          189.8578743242,            0.0000002635,            0.0000067947,            0.0000000314,          216.2985953936
          192.7150521223,            0.0000002797,            0.0000069093,            0.0000000333,          207.1950704847
          195.5679130498,            0.0000002966,            0.0000070245,            0.0000000354,          198.6282774570
          198.4165328203,            0.0000003143,            0.0000071404,            0.0000000375,          190.5586942577
          201.2609846443,            0.0000003327,            0.0000072568,            0.0000000397,          182.9502711933
          204.1013393496,            0.0000003519,            0.0000073738,            0.0000000420,          175.7700779631
          206.9376654943,            0.0000003719,            0.0000074916,            0.0000000443,          168.9879912946
          209.7700294725,            0.0000003927,            0.0000076099,            0.0000000468,          162.5764179825
          212.5984956135,            0.0000004143,            0.0000077290,            0.0000000494,          156.5100488654
          215.4231262760,            0.0000004367,            0.0000078489,            0.0000000521,          150.7656398918
          218.2439819353,            0.0000004601,            0.0000079694,            0.0000000548,          145.3218169545
          221.0611212665,            0.0000004843,            0.0000080908,            0.0000000577,          140.1589016194
          223.8746012227,            0.0000005094,            0.0000082129,            0.0000000607,          135.2587552553
          226.6844771084,            0.0000005355,            0.0000083358,            0.0000000638,          130.6046394020
          229.4908026491,            0.0000005625,            0.0000084596,            0.0000000670,          126.1810904898
          232.2936300571,            0.0000005905,            0.0000085843,            0.0000000704,          121.9738072667
          235.0930100936,            0.0000006195,            0.0000087098,            0.0000000738,          117.9695494966
          237.8889921276,            0.0000006496,            0.0000088362,            0.0000000774,          114.1560466699
          240.6816241914,            0.0000006806,            0.0000089636,            0.0000000811,          110.5219156234
          243.4709530334,            0.0000007127,            0.0000090919,            0.0000000849,          107.0565860990
          246.2570241684,            0.0000007459,            0.0000092212,            0.0000000889,          103.7502333880
          249.0398819248,            0.0000007803,            0.0000093515,            0.0000000930,          100.5937173093
          251.8195694897,            0.0000008157,            0.0000094829,            0.0000000972,           97.5785268557
          254.5961289520,            0.0000008523,            0.0000096152,            0.0000001015,           94.6967299217
          257.3696013426,            0.0000008901,            0.0000097487,            0.0000001060,           91.9409275912
          260.1400266739,            0.0000009290,            0.0000098833,            0.0000001107,           89.3042125242
          262.9074439757,            0.0000009692,            0.0000100190,            0.0000001155,           86.7801310324
          265.6718913310,            0.0000010106,            0.0000101558,            0.0000001204,           84.3626484767
          268.4334059092,            0.0000010533,            0.0000102938,            0.0000001255,           82.0461176643
          271.1920239976,            0.0000010973,            0.0000104330,            0.0000001307,           79.8252499530
          273.9477810323,            0.0000011427,            0.0000105735,            0.0000001361,           77.6950888043
          276.7007116266,            0.0000011893,            0.0000107152,            0.0000001416,           75.6509855534
          279.4508495987,            0.0000012373,            0.0000108582,            0.0000001474,           73.6885771894
          282.1982279981,            0.0000012867,            0.0000110024,            0.0000001532,           71.8037659569
          284.9428791306,            0.0000013376,            0.0000111480,            0.0000001593,           69.9927006155
          287.6848345820,            0.0000013898,            0.0000112950,            0.0000001655,           68.2517592035
          290.4241252412,            0.0000014436,            0.0000114433,            0.0000001719,           66.5775331727
          293.1607813219,            0.0000014988,            0.0000115931,            0.0000001784,           64.9668127720
          295.8948323829,            0.0000015555,            0.0000117443,            0.0000001852,           63.4165735695
          298.6263073484,            0.0000016138,            0.0000118969,            0.0000001921,           61.9239640138
          301.3552345264,            0.0000016736,            0.0000120510,            0.0000001992,           60.4862939462
          304.0816416268,            0.0000017351,            0.0000122067,            0.0000002065,           59.1010239806
          306.8055557784,            0.0000017981,            0.0000123639,            0.0000002140,           57.7657556788
          309.5270035449,            0.0000018628,            0.0000125226,            0.0000002217,           56.4782224553
          312.2460109406,            0.0000019292,            0.0000126830,            0.0000002296,           55.2362811491
          314.9626034445,            0.0000019973,            0.0000128449,            0.0000002377,           54.0379042091
          317.6768060145,            0.0000020671,            0.0000130086,            0.0000002460,           52.8811724432
          320.3886431005,            0.0000021386,            0.0000131739,            0.0000002545,           51.7642682845
          323.0981386563,            0.0000022119,            0.0000133409,            0.0000002632,           50.6854695341
          325.8053161515,            0.0000022871,            0.0000135096,            0.0000002721,           49.6431435430
          328.5101985822,            0.0000023640,            0.0000136801,            0.0000002813,           48.6357417976
          331.2128084817,            0.0000024428,            0.0000138524,            0.0000002906,           47.6617948780
          333.9131679294,            0.0000025236,            0.0000140265,            0.0000003002,           46.7199077608
          336.6112985601,            0.0000026062,            0.0000142025,            0.0000003100,           45.8087554387
          339.3072215721,            0.0000026907,            0.0000143803,            0.0000003201,           44.9270788343
          342.0009577350,            0.0000027773,            0.0000145601,            0.0000003304,           44.0736809855
          344.6925273963,            0.0000028658,            0.0000147418,            0.0000003409,           43.2474234817
          347.3819504883,            0.0000029564,            0.0000149254,            0.0000003516,           42.4472231328
          350.0692465333,            0.0000030490,            0.0000151110,            0.0000003626,           41.6720488545
          352.7544346494,            0.0000031437,            0.0000152987,            0.0000003739,           40.9209187525
          355.4375335547,            0.0000032405,            0.0000154884,            0.0000003854,           40.1928973934
          358.1185615713,            0.0000033395,            0.0000156801,            0.0000003971,           39.4870932471
          360.7975366291,            0.0000034406,            0.0000158740,            0.0000004091,           38.8026562898
          363.4744762686,            0.0000035439,            0.0000160700,            0.0000004214,           38.1387757556
          366.1493976432,            0.0000036494,            0.0000162682,            0.0000004339,           37.4946780267
          368.8223175211,            0.0000037572,            0.0000164686,            0.0000004467,           36.8696246525
          371.4932522869,            0.0000038673,            0.0000166712,            0.0000004597,           36.2629104888
          374.1622179421,            0.0000039797,            0.0000168761,            0.0000004731,           35.6738619487
          376.8292301057,            0.0000040945,            0.0000170833,            0.0000004867,           35.1018353583
          379.4943040145,            0.0000042116,            0.0000172927,            0.0000005006,           34.5462154090
          382.1574545215,            0.0000043311,            0.0000175045,            0.0000005147,           34.0064137014
          384.8186960962,            0.0000044531,            0.0000177187,            0.0000005292,           33.4818673740
          387.4780428223,            0.0000045775,            0.0000179353,            0.0000005440,           32.9720378108
          390.1355083961,            0.0000047044,            0.0000181544,            0.0000005590,           32.4764094234
          392.7911061245,            0.0000048338,            0.0000183758,            0.0000005743,           31.9944885025
          395.4448489222,            0.0000049658,            0.0000185998,            0.0000005900,           31.5258021348
          398.0967493090,            0.0000051003,            0.0000188263,            0.0000006059,           31.0698971795
          400.7468194062,            0.0000052374,            0.0000190554,            0.0000006222,           30.6263393035
          403.3950709331,            0.0000053772,            0.0000192871,            0.0000006388,           30.1947120688
          406.0415152033,            0.0000055197,            0.0000195213,            0.0000006556,           29.7746160706
          408.6861631204,            0.0000056648,            0.0000197582,            0.0000006728,           29.3656681223
          411.3290251735,            0.0000058127,            0.0000199978,            0.0000006904,           28.9675004848
          413.9701114325,            0.0000059633,            0.0000202401,            0.0000007082,           28.5797601376
          416.6094315433,            0.0000061167,            0.0000204851,            0.0000007264,           28.2021080880
          419.2469947227,            0.0000062729,            0.0000207328,            0.0000007449,           27.8342187180
          421.8828097532,            0.0000064319,            0.0000209834,            0.0000007637,           27.4757791653
          424.5168849772,            0.0000065938,            0.0000212368,            0.0000007829,           27.1264887365
          427.1492282919,            0.0000067587,            0.0000214930,            0.0000008024,           26.7860583516
          429.7798471435,            0.0000069264,            0.0000217521,            0.0000008223,           26.4542100164
          432.4087485213,            0.0000070971,            0.0000220141,            0.0000008425,           26.1306763227
          435.0359389519,            0.0000072707,            0.0000222790,            0.0000008630,           25.8151999739
          437.6614244936,            0.0000074474,            0.0000225469,            0.0000008839,           25.5075333349
          440.2852107301,            0.0000076271,            0.0000228177,            0.0000009052,           25.2074380040
          442.9073027649,            0.0000078098,            0.0000230916,            0.0000009268,           24.9146844076
          445.5277052154,            0.0000079957,            0.0000233685,            0.0000009488,           24.6290514140
          448.1464222069,            0.0000081846,            0.0000236485,            0.0000009712,           24.3503259667
          450.7634573670,            0.0000083768,            0.0000239316,            0.0000009939,           24.0783027365
          453.3788138197,            0.0000085720,            0.0000242178,            0.0000010170,           23.8127837896
          455.9924941801,            0.0000087705,            0.0000245072,            0.0000010405,           23.5535782727
          458.6045005488,            0.0000089722,            0.0000247997,            0.0000010643,           23.3005021129
          461.2148345064,            0.0000091771,            0.0000250954,            0.0000010886,           23.0533777325
          463.8234971084,            0.0000093853,            0.0000253944,            0.0000011132,           22.8120337775
          466.4304888805,            0.0000095968,            0.0000256966,            0.0000011382,           22.5763048585
          469.0358098135,            0.0000098116,            0.0000260020,            0.0000011636,           22.3460313044
          471.6394593584,            0.0000100298,            0.0000263108,            0.0000011894,           22.1210589280
          474.2414364228,            0.0000102513,            0.0000266229,            0.0000012156,           21.9012388018
          476.8417393662,            0.0000104762,            0.0000269383,            0.0000012422,           21.6864270451
          479.4403659962,            0.0000107045,            0.0000272571,            0.0000012692,           21.4764846205
          482.0373135647,            0.0000109363,            0.0000275793,            0.0000012966,           21.2712771398
          484.6325787653,            0.0000111715,            0.0000279049,            0.0000013243,           21.0706746796
          487.2261577292,            0.0000114102,            0.0000282339,            0.0000013526,           20.8745516040
          489.8180460233,            0.0000116524,            0.0000285664,            0.0000013812,           20.6827863967
          492.4082386474,            0.0000118981,            0.0000289024,            0.0000014102,           20.4952615000
          494.9967300321,            0.0000121474,            0.0000292418,            0.0000014396,           20.3118631610
          497.5835140370,            0.0000124002,            0.0000295848,            0.0000014695,           20.1324812853
          500.1685839493,            0.0000126566,            0.0000299313,            0.0000014998,           19.9570092963
          502.7519324829,            0.0000129166,            0.0000302813,            0.0000015305,           19.7853440017
          505.3335517774,            0.0000131802,            0.0000306349,            0.0000015616,           19.6173854654
          507.9134333978,            0.0000134474,            0.0000309921,            0.0000015932,           19.4530368850
          510.4915683343,            0.0000137183,            0.0000313529,            0.0000016252,           19.2922044746
          513.0679470031,            0.0000139929,            0.0000317173,            0.0000016576,           19.1347973533
          515.6425592468,            0.0000142711,            0.0000320854,            0.0000016904,           18.9807274376
          518.2153943353,            0.0000145530,            0.0000324570,            0.0000017237,           18.8299093391
          520.7864409678,            0.0000148387,            0.0000328324,            0.0000017574,           18.6822602663
          523.3556872742,            0.0000151281,            0.0000332114,            0.0000017916,           18.5376999307
          525.9231208174,            0.0000154212,            0.0000335942,            0.0000018262,           18.3961504567
          528.4887285961,            0.0000157180,            0.0000339806,            0.0000018612,           18.2575362957
          531.0524970475,            0.0000160187,            0.0000343707,            0.0000018967,           18.1217841430
          533.6144120509,            0.0000163231,            0.0000347646,            0.0000019326,           17.9888228590
          536.1744589311,            0.0000166313,            0.0000351622,            0.0000019689,           17.8585833933
          538.7326224627,            0.0000169433,            0.0000355635,            0.0000020057,           17.7309987120
          541.2888868745,            0.0000172591,            0.0000359686,            0.0000020430,           17.6060037274
          543.8432358543,            0.0000175787,            0.0000363775,            0.0000020807,           17.4835352318
          546.3956525539,            0.0000179022,            0.0000367901,            0.0000021188,           17.3635318329
          548.9461195948,            0.0000182295,            0.0000372066,            0.0000021574,           17.2459338918
          551.4946190739,            0.0000185606,            0.0000376268,            0.0000021965,           17.1306834647
          554.0411325698,            0.0000188956,            0.0000380508,            0.0000022359,           17.0177242452
          556.5856411492,            0.0000192345,            0.0000384786,            0.0000022759,           16.9070015100
          559.1281253737,            0.0000195772,            0.0000389102,            0.0000023163,           16.7984620667
          561.6685653069,            0.0000199238,            0.0000393456,            0.0000023571,           16.6920542030
          564.2069405223,            0.0000202742,            0.0000397848,            0.0000023984,           16.5877276387
          566.7432301104,            0.0000206285,            0.0000402278,            0.0000024402,           16.4854334786
          569.2774126869,            0.0000209867,            0.0000406747,            0.0000024824,           16.3851241682
          571.8094664013,            0.0000213488,            0.0000411253,            0.0000025251,           16.2867534504
          574.3393689454,            0.0000217147,            0.0000415798,            0.0000025682,           16.1902763240
          576.8670975619,            0.0000220846,            0.0000420381,            0.0000026118,           16.0956490038
          579.3926290535,            0.0000224583,            0.0000425002,            0.0000026558,           16.0028288826
          581.9159397926,            0.0000228359,            0.0000429662,            0.0000027003,           15.9117744935
          584.4370057305,            0.0000232174,            0.0000434359,            0.0000027452,           15.8224454750
          586.9558024074,            0.0000236027,            0.0000439095,            0.0000027906,           15.7348025364
          589.4723049623,            0.0000239919,            0.0000443868,            0.0000028364,           15.6488074247
          591.9864881431,            0.0000243850,            0.0000448680,            0.0000028827,           15.5644228929
          594.4983263173,            0.0000247820,            0.0000453530,            0.0000029295,           15.4816126692
          597.0077934820,            0.0000251828,            0.0000458417,            0.0000029767,           15.4003414275
          599.5148632753,            0.0000255875,            0.0000463343,            0.0000030243,           15.3205747589
          602.0195089868,            0.0000259961,            0.0000468306,            0.0000030724,           15.2422791439
          604.5217035686,            0.0000264085,            0.0000473307,            0.0000031210,           15.1654219261
          607.0214196465,            0.0000268247,            0.0000478346,            0.0000031700,           15.0899712865
          609.5186295315,            0.0000272448,            0.0000483422,            0.0000032194,           15.0158962188
          612.0133052310,            0.0000276687,            0.0000488535,            0.0000032693,           14.9431665054
          614.5054184603,            0.0000280964,            0.0000493686,            0.0000033196,           14.8717526944
          616.9949406542,            0.0000285279,            0.0000498875,            0.0000033704,           14.8016260773
          619.4818429789,            0.0000289632,            0.0000504100,            0.0000034216,           14.7327586675
          621.9660963433,            0.0000294023,            0.0000509363,            0.0000034733,           14.6651231794
          624.4476714113,            0.0000298452,            0.0000514662,            0.0000035254,           14.5986930086
          626.9265386134,            0.0000302918,            0.0000519999,            0.0000035779,           14.5334422119
          629.4026681584,            0.0000307422,            0.0000525372,            0.0000036309,           14.4693454891
          631.8760300458,            0.0000311963,            0.0000530781,            0.0000036843,           14.4063781645
          634.3465940775,            0.0000316541,            0.0000536227,            0.0000037382,           14.3445161695
          636.8143298696,            0.0000321157,            0.0000541709,            0.0000037925,           14.2837360253
          639.2792068646,            0.0000325809,            0.0000547227,            0.0000038472,           14.2240148267
          641.7411943433,            0.0000330499,            0.0000552781,            0.0000039024,           14.1653302261
          644.2002614367,            0.0000335225,            0.0000558371,            0.0000039579,           14.1076604182
          646.6563771379,            0.0000339987,            0.0000563996,            0.0000040139,           14.0509841248
          649.1095103139,            0.0000344786,            0.0000569657,            0.0000040703,           13.9952805806
          651.5596297178,            0.0000349620,            0.0000575352,            0.0000041272,           13.9405295190
          654.0067039999,            0.0000354491,            0.0000581083,            0.0000041845,           13.8867111587
          656.4507017203,            0.0000359398,            0.0000586849,            0.0000042421,           13.8338061905
          658.8915913598,            0.0000364340,            0.0000592649,            0.0000043002,           13.7817957644
          661.3293413318,            0.0000369317,            0.0000598484,            0.0000043587,           13.7306614776
          663.7639199937,            0.0000374330,            0.0000604353,            0.0000044177,           13.6803853622
          666.1952956587,            0.0000379378,            0.0000610256,            0.0000044770,           13.6309498739
          668.6234366065,            0.0000384460,            0.0000616192,            0.0000045367,           13.5823378803
          671.0483110949,            0.0000389578,            0.0000622162,            0.0000045969,           13.5345326506
          673.4698873710,            0.0000394729,            0.0000628166,            0.0000046574,           13.4875178445
          675.8881336818,            0.0000399915,            0.0000634202,            0.0000047183,           13.4412775022
          678.3030182855,            0.0000405134,            0.0000640272,            0.0000047796,           13.3957960343
          680.7145094619,            0.0000410387,            0.0000646374,            0.0000048414,           13.3510582121
          683.1225755234,            0.0000415674,            0.0000652508,            0.0000049035,           13.3070491586
          685.5271848249,            0.0000420994,            0.0000658675,            0.0000049660,           13.2637543388
          687.9283057751,            0.0000426347,            0.0000664873,            0.0000050289,           13.2211595514
          690.3259068455,            0.0000431733,            0.0000671103,            0.0000050921,           13.1792509198
          692.7199565814,            0.0000437151,            0.0000677364,            0.0000051558,           13.1380148839
          695.1104236116,            0.0000442601,            0.0000683657,            0.0000052198,           13.0974381923
          697.4972766577,            0.0000448084,            0.0000689980,            0.0000052842,           13.0575078939
          699.8804845441,            0.0000453598,            0.0000696334,            0.0000053489,           13.0182113306
          702.2600162075,            0.0000459143,            0.0000702718,            0.0000054140,           12.9795361299
          704.6358407057,            0.0000464720,            0.0000709132,            0.0000054795,           12.9414701975
          707.0079272272,            0.0000470328,            0.0000715576,            0.0000055454,           12.9040017105
          709.3762450997,            0.0000475967,            0.0000722049,            0.0000056116,           12.8671191102
          711.7407637990,            0.0000481635,            0.0000728552,            0.0000056781,           12.8308110961
          714.1014529577,            0.0000487335,            0.0000735083,            0.0000057451,           12.7950666189
          716.4582823732,            0.0000493063,            0.0000741643,            0.0000058123,           12.7598748745
          718.8112220163,            0.0000498822,            0.0000748232,            0.0000058799,           12.7252252979
          721.1602420391,            0.0000504610,            0.0000754848,            0.0000059479,           12.6911075571
          723.5053127825,            0.0000510427,            0.0000761492,            0.0000060161,           12.6575115477
          725.8464047843,            0.0000516272,            0.0000768164,            0.0000060847,           12.6244273870
          728.1834887866,            0.0000522146,            0.0000774862,            0.0000061537,           12.5918454086
          730.5165357426,            0.0000528048,            0.0000781588,            0.0000062230,           12.5597561573
          732.8455168244,            0.0000533978,            0.0000788340,            0.0000062925,           12.5281503836
          735.1704034291,            0.0000539936,            0.0000795118,            0.0000063625,           12.4970190390
          737.4911671862,            0.0000545921,            0.0000801922,            0.0000064327,           12.4663532711
          739.8077799639,            0.0000551933,            0.0000808752,            0.0000065032,           12.4361444185
          742.1202138750,            0.0000557971,            0.0000815607,            0.0000065741,           12.4063840068
          744.4284412837,            0.0000564036,            0.0000822487,            0.0000066453,           12.3770637434
          746.7324348112,            0.0000570127,            0.0000829392,            0.0000067167,           12.3481755136
          749.0321673412,            0.0000576244,            0.0000836321,            0.0000067885,           12.3197113763
          751.3276120260,            0.0000582387,            0.0000843275,            0.0000068605,           12.2916635595
          753.6187422917,            0.0000588554,            0.0000850251,            0.0000069329,           12.2640244568
          755.9055318432,            0.0000594746,            0.0000857252,            0.0000070055,           12.2367866230
          758.1879546692,            0.0000600963,            0.0000864275,            0.0000070785,           12.2099427704
          760.4659850473,            0.0000607204,            0.0000871322,            0.0000071517,           12.1834857653
          762.7395975485,            0.0000613469,            0.0000878390,            0.0000072251,           12.1574086240
          765.0087670416,            0.0000619758,            0.0000885481,            0.0000072989,           12.1317045096
          767.2734686976,            0.0000626070,            0.0000892594,            0.0000073729,           12.1063667282
          769.5336779935,            0.0000632405,            0.0000899728,            0.0000074472,           12.0813887259
          771.7893707166,            0.0000638763,            0.0000906884,            0.0000075218,           12.0567640854
          774.0405229680,            0.0000645143,            0.0000914060,            0.0000075966,           12.0324865225
          776.2871111663,            0.0000651545,            0.0000921257,            0.0000076717,           12.0085498836
          778.5291120507,            0.0000657969,            0.0000928474,            0.0000077470,           11.9849481422
          780.7665026847,            0.0000664415,            0.0000935711,            0.0000078226,           11.9616753960
          782.9992604586,            0.0000670881,            0.0000942967,            0.0000078984,           11.9387258643
          785.2273630930,            0.0000677369,            0.0000950243,            0.0000079745,           11.9160938850
          787.4507886409,            0.0000683877,            0.0000957538,            0.0000080508,           11.8937739116
          789.6695154906,            0.0000690405,            0.0000964852,            0.0000081273,           11.8717605113
          791.8835223680,            0.0000696953,            0.0000972183,            0.0000082040,           11.8500483615
          794.0927883390,            0.0000703520,            0.0000979533,            0.0000082810,           11.8286322480
          796.2972928112,            0.0000710107,            0.0000986900,            0.0000083582,           11.8075070621
          798.4970155362,            0.0000716713,            0.0000994285,            0.0000084357,           11.7866677984
          800.6919366112,            0.0000723338,            0.0001001687,            0.0000085133,           11.7661095524
