            3.2198174176,            0.0000000000,            0.0000000133,            0.0000000000,    799664371.1585948467
           15.0531150153,            0.0000000000,            0.0000000620,            0.0000000000,      6550343.6747419704
           27.0681716410,            0.0000000000,            0.0000001115,            0.0000000000,      1122538.7334335933
           39.0942953518,            0.0000000000,            0.0000001610,            0.0000000000,       372390.4709743717
           51.1227928995,            0.0000000000,            0.0000002106,            0.0000000000,       166508.7579118830
           63.1520919970,            0.0000000000,            0.0000002601,            0.0000000000,        88330.5208785681
           75.1817353441,            0.0000000000,            0.0000003097,            0.0000000000,        52354.5435370152
           87.2115506769,            0.0000000001,            0.0000003593,            0.0000000000,        33543.1616758170
           99.2414613987,            0.0000000002,            0.0000004089,            0.0000000000,        22766.5306573294
          111.2714292483,            0.0000000002,            0.0000004586,            0.0000000000,        16154.4280144394
          123.3014333869,            0.0000000004,            0.0000005082,            0.0000000000,        11874.6689945366
          135.3314616777,            0.0000000005,            0.0000005580,            0.0000000001,         8983.2037982025
          147.3615066640,            0.0000000007,            0.0000006077,            0.0000000001,         6959.8034041768
          159.3915635592,            0.0000000010,            0.0000006575,            0.0000000001,         5501.6905450914
          171.4216291768,            0.0000000013,            0.0000007074,            0.0000000002,         4424.4713875134
          183.4517013288,            0.0000000018,            0.0000007574,            0.0000000002,         3611.4683988815
          195.4817784727,            0.0000000023,            0.0000008075,            0.0000000003,         2986.3957889602
          207.5118594956,            0.0000000029,            0.0000008577,            0.0000000003,         2497.9434464854
          219.5419435783,            0.0000000036,            0.0000009079,            0.0000000004,         2110.7347283794
          231.5720301069,            0.0000000045,            0.0000009584,            0.0000000005,         1799.8401776780
          243.6021186142,            0.0000000055,            0.0000010089,            0.0000000007,         1547.3482143895
          255.6322087394,            0.0000000066,            0.0000010597,            0.0000000008,         1340.1642872044
          267.6623002003,            0.0000000080,            0.0000011106,            0.0000000010,         1168.5647738969
          279.6923927736,            0.0000000095,            0.0000011617,            0.0000000011,         1025.2264927280
          291.7224862809,            0.0000000112,            0.0000012130,            0.0000000013,          904.5628390801
          303.7525805782,            0.0000000132,            0.0000012645,            0.0000000016,          802.2617250910
          315.7826755480,            0.0000000154,            0.0000013163,            0.0000000018,          714.9588505152
          327.8127710942,            0.0000000179,            0.0000013684,            0.0000000021,          640.0032972033
          339.8428671369,            0.0000000207,            0.0000014207,            0.0000000025,          575.2871050821
          351.8729636099,            0.0000000238,            0.0000014734,            0.0000000028,          519.1198343678
          363.9030604575,            0.0000000272,            0.0000015264,            0.0000000032,          470.1351836785
          375.9331576327,            0.0000000310,            0.0000015798,            0.0000000037,          427.2207347824
          387.9632550958,            0.0000000352,            0.0000016335,            0.0000000042,          389.4645749898
          399.9933528128,            0.0000000397,            0.0000016877,            0.0000000047,          356.1143693953
          412.0234507547,            0.0000000447,            0.0000017423,            0.0000000053,          326.5457091399
          424.0535488963,            0.0000000502,            0.0000017973,            0.0000000060,          300.2374359937
          436.0836472161,            0.0000000561,            0.0000018529,            0.0000000067,          276.7522599885
          448.1137456953,            0.0000000626,            0.0000019089,            0.0000000075,          255.7214262765
          460.1438443175,            0.0000000696,            0.0000019655,            0.0000000083,          236.8325038517
          472.1739430684,            0.0000000771,            0.0000020227,            0.0000000092,          219.8195988840
          484.2040419353,            0.0000000853,            0.0000020804,            0.0000000102,          204.4554642327
          496.2341409073,            0.0000000941,            0.0000021389,            0.0000000112,          190.5451016412
          508.2642399745,            0.0000001036,            0.0000021979,            0.0000000124,          177.9205463024
          520.2943391282,            0.0000001137,            0.0000022577,            0.0000000136,          166.4365935380
          532.3244383608,            0.0000001246,            0.0000023182,            0.0000000149,          155.9672803795
          544.3545376654,            0.0000001363,            0.0000023795,            0.0000000163,          146.4029752751
          556.3846370359,            0.0000001487,            0.0000024416,            0.0000000177,          137.6479601860
          568.4147364667,            0.0000001620,            0.0000025045,            0.0000000193,          129.6184132968
          580.4448359529,            0.0000001762,            0.0000025683,            0.0000000210,          122.2407191891
          592.4749354900,            0.0000001913,            0.0000026330,            0.0000000228,          115.4500478680
          604.5050350742,            0.0000002073,            0.0000026986,            0.0000000247,          109.1891554623
          616.5351347017,            0.0000002243,            0.0000027653,            0.0000000267,          103.4073684404
          628.5652343693,            0.0000002423,            0.0000028330,            0.0000000289,           98.0597203451
          640.5953340739,            0.0000002614,            0.0000029017,            0.0000000312,           93.1062157597
          652.6254338130,            0.0000002816,            0.0000029716,            0.0000000336,           88.5112007926
          664.6555335840,            0.0000003029,            0.0000030426,            0.0000000361,           84.2428230471
          676.6856333848,            0.0000003255,            0.0000031148,            0.0000000388,           80.2725670170
          688.7157332131,            0.0000003493,            0.0000031882,            0.0000000416,           76.5748532589
          700.7458330672,            0.0000003743,            0.0000032629,            0.0000000446,           73.1266916612
          712.7759329454,            0.0000004007,            0.0000033390,            0.0000000478,           69.9073807299
          724.8060328461,            0.0000004285,            0.0000034164,            0.0000000511,           66.8982461357
          736.8361327677,            0.0000004576,            0.0000034953,            0.0000000545,           64.0824128461
          748.8662327091,            0.0000004883,            0.0000035756,            0.0000000582,           61.4446060682
          760.8963326688,            0.0000005204,            0.0000036575,            0.0000000620,           58.9709769660
          772.9264326459,            0.0000005542,            0.0000037409,            0.0000000660,           56.6489497383
          784.9565326392,            0.0000005895,            0.0000038259,            0.0000000702,           54.4670871551
          796.9866326477,            0.0000006265,            0.0000039126,            0.0000000746,           52.4149720844
          809.0167326706,            0.0000006652,            0.0000040010,            0.0000000793,           50.4831029007
          821.0468327068,            0.0000007057,            0.0000040912,            0.0000000841,           48.6628009726
          833.0769327556,            0.0000007480,            0.0000041832,            0.0000000891,           46.9461286815
          845.1070328161,            0.0000007921,            0.0000042771,            0.0000000944,           45.3258166426
          857.1371328875,            0.0000008382,            0.0000043729,            0.0000000998,           43.7951989820
          869.1672329689,            0.0000008863,            0.0000044707,            0.0000001056,           42.3481556802
          881.1973330593,            0.0000009365,            0.0000045706,            0.0000001115,           40.9790611258
          893.2274331575,            0.0000009887,            0.0000046726,            0.0000001177,           39.6827381374
          905.2575332625,            0.0000010431,            0.0000047767,            0.0000001242,           38.4544168071
          917.2876333725,            0.0000010997,            0.0000048831,            0.0000001309,           37.2896976067
          929.3177334855,            0.0000011585,            0.0000049917,            0.0000001380,           36.1845182629
          941.3478335992,            0.0000012197,            0.0000051027,            0.0000001452,           35.1351239768
          953.3779337103,            0.0000012833,            0.0000052160,            0.0000001528,           34.1380406108
          965.4080338146,            0.0000013494,            0.0000053319,            0.0000001606,           33.1900505154
          977.4381339066,            0.0000014180,            0.0000054502,            0.0000001688,           32.2881707059
          989.4682339793,            0.0000014891,            0.0000055712,            0.0000001773,           31.4296331368
         1001.4983340235,            0.0000015629,            0.0000056947,            0.0000001860,           30.6118668482
         1013.5284340274,            0.0000016394,            0.0000058211,            0.0000001951,           29.8324817871
         1025.5585339757,            0.0000017187,            0.0000059502,            0.0000002045,           29.0892541296
         1037.5886338490,            0.0000018009,            0.0000060821,            0.0000002143,           28.3801129485
         1049.6187336225,            0.0000018859,            0.0000062170,            0.0000002244,           27.7031280893
         1061.6488332651,            0.0000019740,            0.0000063548,            0.0000002349,           27.0564991321
         1073.6789327376,            0.0000020650,            0.0000064957,            0.0000002457,           26.4385453332
         1085.7090319910,            0.0000021592,            0.0000066398,            0.0000002569,           25.8476964471
         1097.7391309647,            0.0000022566,            0.0000067870,            0.0000002684,           25.2824843449
         1109.7692295837,            0.0000023573,            0.0000069375,            0.0000002804,           24.7415353516
         1121.7993277560,            0.0000024613,            0.0000070913,            0.0000002927,           24.2235632337
         1133.8294253695,            0.0000025687,            0.0000072486,            0.0000003055,           23.7273627754
         1145.8595222879,            0.0000026795,            0.0000074093,            0.0000003187,           23.2518038893
         1157.8896183464,            0.0000027939,            0.0000075736,            0.0000003322,           22.7958262107
         1169.9197133472,            0.0000029120,            0.0000077415,            0.0000003462,           22.3584341327
         1181.9498070534,            0.0000030338,            0.0000079132,            0.0000003607,           21.9386922406
         1193.9798991829,            0.0000031593,            0.0000080886,            0.0000003756,           21.5357211115
         1206.0099894013,            0.0000032887,            0.0000082679,            0.0000003909,           21.1486934449
         1218.0400773138,            0.0000034220,            0.0000084512,            0.0000004068,           20.7768304962
         1230.0701624563,            0.0000035594,            0.0000086384,            0.0000004231,           20.4193987868
         1242.1002442855,            0.0000037008,            0.0000088298,            0.0000004398,           20.0757070657
         1254.1303221680,            0.0000038465,            0.0000090254,            0.0000004571,           19.7451035031
         1266.1603953678,            0.0000039963,            0.0000092252,            0.0000004749,           19.4269730940
         1278.1904630334,            0.0000041506,            0.0000094294,            0.0000004931,           19.1207352564
         1290.2205241827,            0.0000043092,            0.0000096380,            0.0000005120,           18.8258416059
         1302.2505776876,            0.0000044724,            0.0000098511,            0.0000005313,           18.5417738939
         1314.2806222561,            0.0000046401,            0.0000100688,            0.0000005512,           18.2680420950
         1326.3106564136,            0.0000048126,            0.0000102912,            0.0000005716,           18.0041826315
         1338.3406784825,            0.0000049898,            0.0000105184,            0.0000005926,           17.7497567250
         1350.3706865604,            0.0000051718,            0.0000107504,            0.0000006142,           17.5043488635
         1362.4006784963,            0.0000053588,            0.0000109874,            0.0000006363,           17.2675653762
         1374.4306518652,            0.0000055508,            0.0000112294,            0.0000006590,           17.0390331070
         1386.4606039415,            0.0000057479,            0.0000114766,            0.0000006824,           16.8183981792
         1398.4905316696,            0.0000059503,            0.0000117289,            0.0000007063,           16.6053248440
         1410.5204316338,            0.0000061579,            0.0000119866,            0.0000007309,           16.3994944070
         1422.5503000257,            0.0000063709,            0.0000122496,            0.0000007561,           16.2006042270
         1434.5801326100,            0.0000065894,            0.0000125181,            0.0000007820,           16.0083667803
         1446.6099246883,            0.0000068134,            0.0000127922,            0.0000008085,           15.8225087878
         1458.6396710614,            0.0000070431,            0.0000130720,            0.0000008357,           15.6427703978
         1470.6693659893,            0.0000072786,            0.0000133575,            0.0000008635,           15.4689044230
         1482.6990031496,            0.0000075198,            0.0000136489,            0.0000008920,           15.3006756257
         1494.7285755941,            0.0000077671,            0.0000139462,            0.0000009213,           15.1378600485
         1506.7580757036,            0.0000080203,            0.0000142496,            0.0000009512,           14.9802443882
         1518.7874951411,            0.0000082797,            0.0000145590,            0.0000009819,           14.8276254078
         1530.8168248025,            0.0000085453,            0.0000148748,            0.0000010133,           14.6798093861
         1542.8460547670,            0.0000088172,            0.0000151968,            0.0000010454,           14.5366116006
         1554.8751742447,            0.0000090956,            0.0000155253,            0.0000010783,           14.3978558424
         1566.9041715231,            0.0000093804,            0.0000158602,            0.0000011120,           14.2633739608
         1578.9330339124,            0.0000096718,            0.0000162018,            0.0000011464,           14.1330054348
         1590.9617476888,            0.0000099700,            0.0000165501,            0.0000011816,           14.0065969712
         1602.9902980372,            0.0000102749,            0.0000169052,            0.0000012176,           13.8840021254
         1615.0186689920,            0.0000105867,            0.0000172672,            0.0000012544,           13.7650809461
         1627.0468433776,            0.0000109055,            0.0000176362,            0.0000012921,           13.6496996394
         1639.0748027469,            0.0000112314,            0.0000180122,            0.0000013305,           13.5377302536
         1651.1025273198,            0.0000115645,            0.0000183955,            0.0000013698,           13.4290503812
         1663.1299959203,            0.0000119048,            0.0000187861,            0.0000014100,           13.3235428793
         1675.1571859136,            0.0000122525,            0.0000191840,            0.0000014510,           13.2210956048
         1687.1840731417,            0.0000126077,            0.0000195894,            0.0000014929,           13.1216011651
         1699.2106318598,            0.0000129705,            0.0000200024,            0.0000015357,           13.0249566830
         1711.2368346709,            0.0000133409,            0.0000204231,            0.0000015794,           12.9310635746
         1723.2626524622,            0.0000137191,            0.0000208515,            0.0000016240,           12.8398273393
         1735.2880543396,            0.0000141051,            0.0000212878,            0.0000016695,           12.7511573620
         1747.3130075632,            0.0000144991,            0.0000217320,            0.0000017159,           12.6649667255
         1759.3374774834,            0.0000149011,            0.0000221843,            0.0000017633,           12.5811720339
         1771.3614274768,            0.0000153113,            0.0000226448,            0.0000018116,           12.4996932447
         1783.3848188825,            0.0000157297,            0.0000231135,            0.0000018609,           12.4204535106
         1795.4076109400,            0.0000161564,            0.0000235905,            0.0000019112,           12.3433790298
         1807.4297607266,            0.0000165915,            0.0000240759,            0.0000019624,           12.2683989037
         1819.4512230972,            0.0000170352,            0.0000245699,            0.0000020147,           12.1954450028
         1831.4719506237,            0.0000174874,            0.0000250724,            0.0000020679,           12.1244518394
         1843.4918935369,            0.0000179484,            0.0000255837,            0.0000021222,           12.0553564467
         1855.5109996689,            0.0000184181,            0.0000261038,            0.0000021775,           11.9880982649
         1867.5292143971,            0.0000188967,            0.0000266327,            0.0000022338,           11.9226190320
         1879.5464805905,            0.0000193842,            0.0000271706,            0.0000022912,           11.8588626821
         1891.5627385562,            0.0000198808,            0.0000277175,            0.0000023496,           11.7967752465
         1903.5779259896,            0.0000203865,            0.0000282736,            0.0000024091,           11.7363047622
         1915.5919779249,            0.0000209015,            0.0000288389,            0.0000024696,           11.6774011833
         1927.6048266887,            0.0000214257,            0.0000294136,            0.0000025313,           11.6200162978
         1939.6164018550,            0.0000219593,            0.0000299976,            0.0000025940,           11.5641036482
         1951.6266302032,            0.0000225024,            0.0000305910,            0.0000026579,           11.5096184560
         1963.6354356777,            0.0000230551,            0.0000311940,            0.0000027228,           11.4565175503
         1975.6427393503,            0.0000236173,            0.0000318067,            0.0000027889,           11.4047592997
         1987.6484593849,            0.0000241893,            0.0000324290,            0.0000028561,           11.3543035470
         1999.6525110050,            0.0000247710,            0.0000330611,            0.0000029244,           11.3051115482
         2011.6548064639,            0.0000253625,            0.0000337031,            0.0000029939,           11.2571459136
         2023.6552550167,            0.0000259640,            0.0000343550,            0.0000030646,           11.2103705518
         2035.6537628966,            0.0000265755,            0.0000350169,            0.0000031364,           11.1647506170
         2047.6502332925,            0.0000271971,            0.0000356889,            0.0000032094,           11.1202524578
         2059.6445663302,            0.0000278288,            0.0000363710,            0.0000032835,           11.0768435692
         2071.6366590566,            0.0000284706,            0.0000370633,            0.0000033589,           11.0344925467
         2083.6264054264,            0.0000291228,            0.0000377658,            0.0000034354,           10.9931690427
         2095.6136962920,            0.0000297852,            0.0000384787,            0.0000035131,           10.9528437239
         2107.5984193959,            0.0000304581,            0.0000392020,            0.0000035921,           10.9134882323
         2119.5804593671,            0.0000311414,            0.0000399357,            0.0000036722,           10.8750751468
         2131.5596977191,            0.0000318352,            0.0000406799,            0.0000037536,           10.8375779467
         2143.5360128523,            0.0000325395,            0.0000414347,            0.0000038362,           10.8009709773
         2155.5092800580,            0.0000332545,            0.0000422001,            0.0000039200,           10.7652294169
         2167.4793715265,            0.0000339801,            0.0000429761,            0.0000040051,           10.7303292449
         2179.4461563576,            0.0000347165,            0.0000437629,            0.0000040914,           10.6962472116
         2191.4095005741,            0.0000354636,            0.0000445604,            0.0000041790,           10.6629608094
         2203.3692671382,            0.0000362215,            0.0000453687,            0.0000042678,           10.6304482454
         2215.3253159710,            0.0000369902,            0.0000461879,            0.0000043579,           10.5986884145
         2227.2775039743,            0.0000377699,            0.0000470179,            0.0000044492,           10.5676608746
         2239.2256850563,            0.0000385605,            0.0000478589,            0.0000045418,           10.5373458222
         2251.1697101585,            0.0000393620,            0.0000487108,            0.0000046357,           10.5077240691
         2263.1094272869,            0.0000401745,            0.0000495737,            0.0000047309,           10.4787770205
         2275.0446815447,            0.0000409981,            0.0000504477,            0.0000048273,           10.4504866537
         2286.9753151682,            0.0000418327,            0.0000513327,            0.0000049250,           10.4228354977
         2298.9011675651,            0.0000426785,            0.0000522287,            0.0000050240,           10.3958066136
         2310.8220753554,            0.0000435353,            0.0000531359,            0.0000051243,           10.3693835763
         2322.7378724145,            0.0000444033,            0.0000540542,            0.0000052259,           10.3435504559
         2334.6483899190,            0.0000452824,            0.0000549837,            0.0000053288,           10.3182918013
         2346.5534563943,            0.0000461728,            0.0000559244,            0.0000054329,           10.2935926231
         2358.4528977649,            0.0000470743,            0.0000568762,            0.0000055384,           10.2694383780
         2370.3465374067,            0.0000479870,            0.0000578392,            0.0000056452,           10.2458149535
         2382.2341962013,            0.0000489110,            0.0000588134,            0.0000057532,           10.2227086536
         2394.1156925922,            0.0000498461,            0.0000597989,            0.0000058626,           10.2001061842
         2405.9908426430,            0.0000507926,            0.0000607956,            0.0000059732,           10.1779946404
         2417.8594600978,            0.0000517503,            0.0000618035,            0.0000060852,           10.1563614926
         2429.7213564426,            0.0000527192,            0.0000628226,            0.0000061985,           10.1351945751
         2441.5763409687,            0.0000536994,            0.0000638530,            0.0000063130,           10.1144820732
         2453.4242208384,            0.0000546908,            0.0000648946,            0.0000064289,           10.0942125122
         2465.2648011505,            0.0000556935,            0.0000659474,            0.0000065461,           10.0743747463
         2477.0978850091,            0.0000567074,            0.0000670115,            0.0000066645,           10.0549579476
         2488.9232735923,            0.0000577325,            0.0000680867,            0.0000067843,           10.0359515962
         2500.7407662229,            0.0000587689,            0.0000691732,            0.0000069053,           10.0173454702
         2512.5501604399,            0.0000598165,            0.0000702708,            0.0000070277,            9.9991296362
         2524.3512520713,            0.0000608752,            0.0000713797,            0.0000071513,            9.9812944398
         2536.1438353074,            0.0000619452,            0.0000724996,            0.0000072763,            9.9638304974
         2547.9277027756,            0.0000630263,            0.0000736307,            0.0000074025,            9.9467286870
         2559.7026456158,            0.0000641185,            0.0000747729,            0.0000075300,            9.9299801406
         2571.4684535559,            0.0000652219,            0.0000759262,            0.0000076588,            9.9135762359
         2583.2249149889,            0.0000663363,            0.0000770906,            0.0000077889,            9.8975085885
         2594.9718170501,            0.0000674618,            0.0000782660,            0.0000079202,            9.8817690453
         2606.7089456943,            0.0000685984,            0.0000794524,            0.0000080529,            9.8663496763
         2618.4360857745,            0.0000697459,            0.0000806497,            0.0000081868,            9.8512427688
         2630.1530211195,            0.0000709044,            0.0000818580,            0.0000083219,            9.8364408201
         2641.8595346130,            0.0000720738,            0.0000830772,            0.0000084583,            9.8219365312
         2653.5554082722,            0.0000732541,            0.0000843072,            0.0000085960,            9.8077228009
         2665.2404233265,            0.0000744453,            0.0000855480,            0.0000087349,            9.7937927195
         2676.9143602960,            0.0000756472,            0.0000867997,            0.0000088751,            9.7801395634
         2688.5769990709,            0.0000768600,            0.0000880620,            0.0000090165,            9.7667567892
         2700.2281189895,            0.0000780834,            0.0000893350,            0.0000091592,            9.7536380285
         2711.8674989166,            0.0000793175,            0.0000906187,            0.0000093030,            9.7407770826
         2723.4949173218,            0.0000805623,            0.0000919130,            0.0000094481,            9.7281679176
         2735.1101523572,            0.0000818176,            0.0000932177,            0.0000095944,            9.7158046594
         2746.7129819345,            0.0000830834,            0.0000945330,            0.0000097420,            9.7036815891
         2758.3031838021,            0.0000843597,            0.0000958587,            0.0000098907,            9.6917931385
         2769.8805356212,            0.0000856465,            0.0000971947,            0.0000100406,            9.6801338854
         2781.4448150418,            0.0000869435,            0.0000985410,            0.0000101918,            9.6686985497
         2792.9957997778,            0.0000882509,            0.0000998976,            0.0000103441,            9.6574819893
         2804.5332676812,            0.0000895685,            0.0001012644,            0.0000104976,            9.6464791956
         2816.0569968158,            0.0000908962,            0.0001026413,            0.0000106522,            9.6356852904
         2827.5667655305,            0.0000922341,            0.0001040283,            0.0000108080,            9.6250955214
         2839.0623525308,            0.0000935820,            0.0001054252,            0.0000109650,            9.6147052591
         2850.5435369504,            0.0000949398,            0.0001068320,            0.0000111231,            9.6045099933
         2862.0100984212,            0.0000963076,            0.0001082488,            0.0000112824,            9.5945053293
         2873.4618171427,            0.0000976852,            0.0001096752,            0.0000114428,            9.5846869850
         2884.8984739505,            0.0000990725,            0.0001111114,            0.0000116043,            9.5750507875
         2896.3198503829,            0.0001004696,            0.0001125573,            0.0000117669,            9.5655926703
         2907.7257287480,            0.0001018762,            0.0001140126,            0.0000119306,            9.5563086698
         2919.1158921878,            0.0001032924,            0.0001154775,            0.0000120954,            9.5471949230
         2930.4901247430,            0.0001047181,            0.0001169518,            0.0000122613,            9.5382476643
         2941.8482114152,            0.0001061532,            0.0001184354,            0.0000124283,            9.5294632229
         2953.1899382288,            0.0001075975,            0.0001199282,            0.0000125964,            9.5208380200
         2964.5150922912,            0.0001090511,            0.0001214302,            0.0000127655,            9.5123685667
         2975.8234618520,            0.0001105138,            0.0001229413,            0.0000129357,            9.5040514610
         2987.1148363608,            0.0001119856,            0.0001244614,            0.0000131069,            9.4958833856
         2998.3890065240,            0.0001134664,            0.0001259905,            0.0000132791,            9.4878611057
         3009.6457643599,            0.0001149561,            0.0001275283,            0.0000134524,            9.4799814665
         3020.8849032528,            0.0001164546,            0.0001290749,            0.0000136266,            9.4722413912
         3032.1062180057,            0.0001179618,            0.0001306302,            0.0000138019,            9.4646378787
         3043.3095048916,            0.0001194777,            0.0001321940,            0.0000139782,            9.4571680019
         3054.4945617033,            0.0001210021,            0.0001337663,            0.0000141554,            9.4498289050
         3065.6611878025,            0.0001225350,            0.0001353471,            0.0000143336,            9.4426178023
         3076.8091841665,            0.0001240762,            0.0001369361,            0.0000145128,            9.4355319759
         3087.9383534348,            0.0001256258,            0.0001385333,            0.0000146929,            9.4285687739
         3099.0484999529,            0.0001271835,            0.0001401387,            0.0000148740,            9.4217256089
         3110.1394298160,            0.0001287494,            0.0001417521,            0.0000150560,            9.4149999558
         3121.2109509105,            0.0001303232,            0.0001433734,            0.0000152389,            9.4083893504
         3132.2628729547,            0.0001319050,            0.0001450026,            0.0000154227,            9.4018913881
         3143.2950075374,            0.0001334946,            0.0001466396,            0.0000156074,            9.3955037215
         3154.3071681559,            0.0001350920,            0.0001482842,            0.0000157930,            9.3892240598
         3165.2991702523,            0.0001366970,            0.0001499364,            0.0000159795,            9.3830501664
         3176.2708312481,            0.0001383096,            0.0001515960,            0.0000161668,            9.3769798583
         3187.2219705781,            0.0001399296,            0.0001532630,            0.0000163550,            9.3710110042
         3198.1524097225,            0.0001415569,            0.0001549373,            0.0000165440,            9.3651415231
         3209.0619722376,            0.0001431916,            0.0001566188,            0.0000167339,            9.3593693833
         3219.9504837855,            0.0001448334,            0.0001583074,            0.0000169246,            9.3536926009
         3230.8177721624,            0.0001464822,            0.0001600030,            0.0000171161,            9.3481092384
         3241.6636673252,            0.0001481381,            0.0001617054,            0.0000173084,            9.3426174039
         3252.4880014171,            0.0001498008,            0.0001634147,            0.0000175014,            9.3372152496
         3263.2906087922,            0.0001514704,            0.0001651306,            0.0000176953,            9.3319009707
         3274.0713260380,            0.0001531466,            0.0001668532,            0.0000178899,            9.3266728044
         3284.8299919977,            0.0001548294,            0.0001685823,            0.0000180853,            9.3215290287
         3295.5664477901,            0.0001565187,            0.0001703177,            0.0000182814,            9.3164679614
         3306.2805368293,            0.0001582143,            0.0001720595,            0.0000184782,            9.3114879590
         3316.9721048424,            0.0001599163,            0.0001738075,            0.0000186758,            9.3065874159
         3327.6409998865,            0.0001616245,            0.0001755616,            0.0000188740,            9.3017647633
         3338.2870723640,            0.0001633388,            0.0001773217,            0.0000190730,            9.2970184681
         3348.9101750376,            0.0001650591,            0.0001790878,            0.0000192726,            9.2923470322
         3359.5101630431,            0.0001667853,            0.0001808596,            0.0000194729,            9.2877489918
         3370.0868939016,            0.0001685173,            0.0001826372,            0.0000196739,            9.2832229160
         3380.6402275309,            0.0001702551,            0.0001844204,            0.0000198755,            9.2787674063
         3391.1700262548,            0.0001719984,            0.0001862091,            0.0000200778,            9.2743810960
         3401.6761548126,            0.0001737473,            0.0001880032,            0.0000202807,            9.2700626489
         3412.1584803663,            0.0001755016,            0.0001898027,            0.0000204842,            9.2658107587
         3422.6168725080,            0.0001772612,            0.0001916074,            0.0000206883,            9.2616241487
         3433.0512032649,            0.0001790261,            0.0001934172,            0.0000208930,            9.2575015703
         3443.4613471044,            0.0001807961,            0.0001952321,            0.0000210983,            9.2534418029
         3453.8471809379,            0.0001825711,            0.0001970519,            0.0000213042,            9.2494436528
         3464.2085841232,            0.0001843510,            0.0001988766,            0.0000215106,            9.2455059531
         3474.5454384669,            0.0001861359,            0.0002007060,            0.0000217176,            9.2416275622
         3484.8576282248,            0.0001879254,            0.0002025400,            0.0000219251,            9.2378073638
         3495.1450401018,            0.0001897196,            0.0002043786,            0.0000221332,            9.2340442664
         3505.4075632518,            0.0001915184,            0.0002062217,            0.0000223417,            9.2303372019
         3515.6450892751,            0.0001933216,            0.0002080691,            0.0000225508,            9.2266851258
